1)
  season   size  speed mxPH mnO2     Cl   NO3   NH4  oPO4   PO4 Chla   a1  a2   a3  a4   a5   a6 a7
1 autumn medium medium 8.00  9.2  41.16 1.870  14.8 105.0 122.0   NA 74.2 4.7  0.0 0.0  6.1  0.0  0
2 autumn  small medium 8.70 10.4 194.75 1.288  65.6 191.8 167.9 26.8 14.4 1.0  4.1 0.0  0.0  0.0  0
3 autumn  large   high 7.09 11.4  12.00 3.316 346.7 246.0  46.6  2.1  3.3 2.1  0.0 0.0  0.0  0.0  0
4 summer  small   high 7.92  4.8   1.55 0.102  52.2  49.0 138.7  3.6  2.4 0.0 18.9 0.0  1.7  0.0  0
5 winter  small medium 7.30  9.0  29.50 1.420 122.5  58.2  97.6 10.5 55.5 7.5  0.0 0.0  0.0  0.0  1
6 autumn medium    low 7.19 10.0   7.84 3.778 233.7 143.7  18.0 92.7 28.1 0.0 23.2 1.7 16.2 12.6  0
2)
,season,size,speed,mxPH,mnO2,Cl,NO3,NH4,oPO4,PO4,Chla,a2,a4,a6,a7
1,autumn,medium,medium,8,9.2,41.163,1.87,14.75,105,122,NA,4.7,0,0,0
2,autumn,small,medium,8.7,10.4,194.75,1.288,65.556,191.75,167.89999,26.8,1,0,0,0
3,autumn,large,high,7.09,11.4,12,3.316,346.66699,246,46.6,2.1,2.1,0,0,0
4,summer,small,high,7.925,4.8,1.549,0.102,52.2,49,138.7,3.6,0,0,0,0
5,winter,small,medium,7.3,9,29.5,1.42,122.5,58.222,97.58,10.5,7.5,0,0,1
6,autumn,medium,low,7.19,10,7.838,3.778,233.7,143.71001,18,92.667,0,1.7,12.6,0
7,winter,small,medium,8.3,10.3,12.146,7.83,345.45499,37.375,391.75,3.2,1,0,0,0
8,summer,small,medium,8.3,10.6,47,45.65,160,3,102.571,1.7,20.1,0,0,0
9,spring,medium,high,8.43,11,23.825,2.68,49.5,1,104,6.167,5.4,4.9,5.9,0
10,winter,medium,medium,7.93,9.9,2.933,0.05,371.11099,28.625,6,0.8,0,0,0,0
11,winter,small,high,8.27,10.2,NA,1.287,461.875,1,40.667,3.2,0,1.9,0,0
12,winter,small,low,8.3,8.1,30.125,0.73,76,132.5,14.354,20.578,0,0,1.5,0
13,summer,large,medium,7.74,6.8,9.055,0.699,37.778,27,10.75,4.5,14.6,0,0,0
14,summer,large,medium,7.55,11,77.364,8.759,723.66699,48.667,16.662,68.05,6.4,1.4,33.2,1.4
15,summer,large,high,7.9,11.5,48.429,3.414,46.2,13,72.696,2,0,0,16.6,0
16,autumn,medium,low,7.72,9.6,4.7,3.734,578,50.889,16,9.882,0,1,1.6,0
17,summer,medium,medium,6.6,4.9,44.205,0.758,39,35.333,50,3.7,12.7,0,17.7,0
18,autumn,small,high,8.5,12,32.54,1.443,10,2,254.60001,14.7,11.3,1.9,0,1.7
19,spring,small,high,8.1,8.3,48.667,0.445,24064,27.25,22.9,32,0,0,15.7,1
20,autumn,medium,medium,8.5,10.2,22.35,10.416,109,137.60001,15,3.2,0,4.6,0,2.2
21,summer,large,medium,7.83,10.7,5.326,7.195,3466.65991,159.16701,586,12.1,0,6.8,13.2,1.4
22,spring,small,high,7.4,5.5,22.455,3.31,35,47.5,170,0.5,0,0,0,0
23,autumn,small,medium,7.75,8.9,3.86,1.715,228.75,1,6.5,7.6,25.4,0,0,0
24,winter,large,high,7.2,9.8,50,3.245,217.75,53.625,87.125,18.3,0,3.7,0,0
25,spring,small,high,7.84,10.5,47.229,5.33,11.111,15.6,244,2,3.9,3.5,0,3.4
26,summer,small,medium,8.21,10.3,82.857,3.976,165,72,130.75,3,0,0,0,0
27,winter,small,high,7.4,8.5,40.226,2.942,178.57001,166.72701,200.231,1.4,11.6,3,16.7,0
28,autumn,medium,high,8.15,10.1,77,2.899,20,234.5,NA,75,0,6.8,1.4,0
29,spring,medium,low,8.3,9.2,3,5.13,102.75,36.3,121,0.8,0,2.2,0,10.8
30,spring,medium,high,8.3,6.5,129.375,0.663,120,51.111,186,21.9,0,0,42.1,22.1
31,autumn,small,medium,7.7,9.5,7,5.694,10,19.111,142,5.62,0,0,0,1.9
32,spring,medium,high,8.2,9.8,2.2,0.642,6400,60,108,12.32,17.1,0,0,2.2
33,autumn,small,medium,7.4,8,32.4,4.93,124.167,71,320.39999,22.5,0,0,0,1.4
34,summer,small,medium,8.4,10.5,57.848,1.172,236,51.111,253.25,31.738,9.1,0,0,4.9
35,winter,small,medium,8.4,6.7,11.867,1.72,32.5,34.5,72.9,5.45,40.7,6.2,0,2.9
36,spring,small,medium,8.7,8.4,61.05,0.381,28.333,467.5,201.778,13,0,1.2,4.5,0
37,winter,large,high,8.4,9.9,11,1.67,142,61.25,275.14301,5.111,5,1.7,0,2.1
38,summer,large,medium,8.7,11.7,49.625,2.31,43.75,97.333,79.75,5.609,4.6,3.7,0,0
39,winter,small,high,8.3,11.7,54.143,2.64,25,196.62,269.66699,5.5,5.4,0,31.8,30.1
40,winter,large,medium,8.7,10.5,41.25,3.351,10,39,183.66701,17.2,2.7,0,0,0
41,autumn,small,medium,8,11.2,39.109,7.16,98.182,7.667,317,34.75,5.9,0,0,2.9
42,summer,medium,high,8.6,7.1,53,0.923,60.11,45,138.5,30,21.7,4.3,11.1,0
43,winter,small,high,7.3,9.6,NA,1.448,58.5,2,124.2,13.1,21.6,0,0,25.6
44,autumn,small,high,7.3,8.8,187.183,0.308,51.429,13,101.455,11.84,0,0,3.3,1.2
45,summer,large,medium,7.77,10.5,NA,4.555,737.5,109,57.833,NA,2.9,0,1.2,15.1
46,winter,large,high,8.6,12.5,10.5,0.536,128.571,78.333,215.5,3.3,4.1,4.8,0,2.7
47,winter,small,medium,8,7.7,3.136,4.825,176.66701,85.5,292.625,0.8,28,0,5.1,0
48,autumn,small,high,8,11.7,88,0.701,72.6,12.75,56.091,3,5.6,0,0,0
49,autumn,small,medium,7.8,11.7,57.75,3.02,112.857,32.5,58.374,1.4,0,0,8.3,7
50,autumn,medium,medium,6.5,11.21,17.75,5.099,122.85,136.75,20.812,0.5,7.4,3.5,0,0
51,winter,medium,high,8.1,9.5,22.32,5.442,22.5,12.75,115,7.9,0,0,0,3.6
52,autumn,small,high,8.66,NA,4.545,6.225,33.636,159.5,361,6.429,21.7,2.2,1.2,0
53,spring,small,medium,8.2,11,55.35,2.818,31.333,75.875,120.889,0.5,0,0,0,1.9
54,spring,large,medium,7.7,9,6.167,2.978,18.333,55,11.818,2,0,0,6.9,0
55,winter,medium,high,7.91,8.8,130.67,2.163,246.364,16,246.66701,NA,0,0,0,0
56,winter,medium,medium,5.6,11.17,NA,3.14,134,39,85,2.9,0,0,0,0
57,winter,medium,medium,7.83,7.7,NA,9.248,103.333,6,4,NA,21.5,7.7,0,1.9
58,spring,medium,medium,9.1,11.62,104.818,0.23,27.286,32,7.654,1.1,12.7,1,0,0
59,spring,small,medium,7.9,11.1,43.97,3.318,235,12.75,102.333,7.3,0,7.8,32.1,0
60,spring,small,medium,9.06,9.9,82.852,2.231,920,26,214,NA,0,0,8.7,0
61,spring,small,medium,8.7,11.7,69.75,8.543,215.714,264.89999,56.667,3,1.9,0,3.6,0
62,autumn,large,medium,7.5,NA,29.775,1.588,1168,12,56.667,17.491,38.8,2,0,0
63,spring,small,medium,7.45,12.9,12.778,5.414,5,3.333,7,2.1,6.7,0,0,0
64,summer,large,medium,8,8.2,5,1.203,192.5,2,6.75,11.7,1.5,0,0,1.4
65,autumn,large,high,8.3,10.29,1.17,1.474,8,104.5,3,0.9,0,44.6,0,1.2
66,winter,small,low,7.44,7.8,11.818,0.672,206.53799,64,75.904,9.384,0,0,0,31.6
67,autumn,medium,low,8.22,5.4,3.275,2.822,40,100,11,23.8,2.1,5.3,0,0
68,spring,medium,high,7.4,4.9,32.056,0.921,914,276.85001,265.25,NA,0,0,0,0
69,winter,medium,medium,8.5,4.3,64.093,3.765,125.333,220.75,351.60001,28.4,0,7.6,0,0
70,summer,medium,medium,7.5,3.2,0.222,6.188,155,412.33301,2.5,4.3,4.9,6.9,0,0
71,summer,large,medium,7.61,8.4,NA,2.67,12.727,57.6,26,NA,32.8,2.2,0,3.3
72,winter,medium,medium,7.62,10.8,82.111,4.508,2167.37012,4,152.33299,NA,36.6,0,10.6,5.5
73,summer,medium,high,8.3,6.35,0.8,3.78,103,8.6,141.83299,1,18.4,0,21.4,4.2
74,autumn,large,high,7.8,6.2,59.067,3.617,17.778,67.5,249.25,18.37,5.8,2.2,4.6,1.2
75,autumn,medium,high,6.6,10.77,9,5.97,205.66701,564.59998,52.875,3,0,0,0,6.1
76,summer,small,medium,8.7,11.3,35.75,0.735,1911,182.42,232.83299,24.917,0,0,0,5.8
77,winter,small,low,8.7,9.3,12.182,0.996,224.286,16,11,54.367,14.5,0,0,0
78,autumn,medium,high,8.4,10.5,63.292,2.512,133.636,36,89.625,6.209,0,1,0,2.2
79,autumn,small,high,8.07,8.1,8.69,0.658,62.5,26.625,558.75,50,3.1,3.4,0,4.1
80,winter,medium,low,6.6,8.9,125.6,0.461,430,26.6,304,2.8,2.9,1.2,0,3.3
81,autumn,medium,medium,7.8,7.4,73.25,4.908,25.833,31.333,143.75,5.544,0,4.6,1.5,0
82,spring,large,high,8,10.3,2.111,7.74,81,33.8,13.2,3.9,15.2,0,8.2,31.2
83,winter,large,high,8.1,10.8,37.6,0.846,89.6,18.667,140.517,21,28.2,1.7,6.4,10.2
84,spring,medium,high,8.3,11.7,4.575,1.051,10,41.5,46.438,13.1,4.3,0,0,14.4
85,winter,small,low,7.8,7.6,12.536,4.408,38.111,428.75,277.33301,2,12.7,0,2.2,0
86,winter,medium,high,7.6,10.1,10.4,1.519,18,4.25,35.2,0.8,0,0,0,1.4
87,summer,small,medium,8.1,12.6,36.248,3.07,60,66.4,169.00101,0.3,0,2.2,12.7,16.7
88,summer,large,medium,9,6.9,53.333,6.2,91.833,209.85699,88.5,41,0,2.4,15.8,2.4
89,summer,large,high,7.6,9.7,39,4.665,172.5,175.66701,228.364,8.1,1.9,1.6,9.6,7.1
90,winter,small,medium,7.6,13.4,49.9,1.335,65.455,1.8,303.33301,20.87,1.6,1.1,0,0
91,summer,medium,medium,8.55,12.1,10.936,5.078,101.25,120.5,279.06601,11.6,4,0,0,2.4
92,spring,medium,high,8.05,4.5,NA,2.323,NA,59.429,54.916,9,7,0,15.8,0
93,winter,large,high,8,10.4,8,5.099,82.1,104.727,194.10001,4.5,0,0,1.8,1
94,spring,small,low,8.1,9.7,40.02,2.443,21.571,24.667,75.333,0.6,3.1,0,17,1.7
95,spring,medium,high,7.5,11.8,58.331,4.94,2082.8501,45.9,287,2.5,0,0,8.5,0
96,autumn,medium,high,8.1,9.7,NA,1.572,92.375,30.75,146.452,16,1.4,4.4,2.7,0
97,autumn,small,high,8.8,8.2,57.75,5.132,96.833,104.222,186.5,81.54,5,0,4.1,2.5
98,spring,small,low,8.6,10.7,53,3.9,83.75,7.75,61.444,20.829,16.2,1.2,0,1.7
99,autumn,small,high,7.78,8.4,27.233,3.773,10,51.75,49.333,2,2.1,0,20.4,5.9
100,spring,small,low,9.1,10.8,27.4,4.071,28,38.75,211.66701,16,22,1.2,0,1
101,winter,small,high,7.7,7.1,10.078,3.02,90,64.389,239,13.2,0,3.4,1.2,0
102,spring,large,medium,7.8,4.5,15.541,6.045,42,44,6,5.233,4.1,4.6,0,4.3
103,autumn,medium,medium,8.53,8.7,65.333,1.47,34.333,21.083,127,2.7,0,1,7,0
104,spring,small,high,8.1,3.6,69,0.13,1386.25,9.667,285.71399,3.6,12.5,2.6,7.1,2.4
105,spring,medium,medium,7.35,7.9,30.523,5.41,227.60001,1.625,125.8,1.2,4.1,1.4,5.5,7.2
106,autumn,medium,medium,8.5,7.3,94.405,9.773,66.667,48.625,69.93,17.2,0,1.9,5.4,2.1
107,spring,medium,medium,7,11.1,7.333,3.908,196.66701,55,252.5,1.1,8,11,13.1,2.7
108,winter,small,high,8.06,10.7,41.5,1.726,931.83301,23,344.60001,2.5,0,0,2.6,0
109,winter,medium,high,8.47,11.8,39,4.535,647.57001,60.833,123.333,25,15.7,12.7,0,0
110,winter,medium,medium,8.16,9.6,54.19,2.55,3515,16,607.16699,24.556,0,0,0,2.4
111,spring,small,high,8.1,10.8,127.833,1.534,51.111,62.625,116.2,1,1.5,4,2.4,0
112,spring,medium,high,8.6,9.4,7,3.978,505,10,77.434,NA,72.6,0,1.6,0
113,winter,medium,high,8.87,3.2,66.3,NA,429.20001,7.4,17,1.3,0,0,0,1.9
114,summer,small,low,7.4,10.1,53.425,1.875,110,14.667,84.46,1.1,1,5.7,42.7,0
115,winter,medium,medium,9,6.1,34.5,0.886,13.5,37,213,0.8,12,0,4.5,0
116,winter,small,high,7.7,10.8,46.167,3.235,161.81799,37.857,44.136,0.8,0,2.4,4.7,0
117,winter,large,medium,8,6,47.778,1.718,5738.33008,44.667,23,4.9,41,0,32.9,2
118,winter,large,high,8.3,11.6,74.667,0.866,10,3.545,20.75,15,0,2.1,1.4,0
119,winter,medium,low,7.4,10.7,5.83,0.673,131.66701,1,218,6.8,0,0,0,0
120,spring,large,low,8.25,11.1,131.39999,4.459,196,102.333,188.66701,19.4,4.3,11.3,0,1
121,summer,medium,medium,7.5,10.2,NA,3.561,123.333,282.16699,771.59998,21.22,5.5,0,6.2,0
122,summer,medium,high,8,10.8,38.125,2.954,96.667,61.556,61.5,31,0,2.7,0,1.6
123,summer,medium,medium,7.8,8.3,NA,6.64,54.778,180.66701,222.286,3,13.7,2.2,1,6
124,spring,large,low,8.7,10.7,40.167,1.39,170.909,36.909,85.4,NA,2.1,0,11.5,0
125,summer,medium,medium,8.9,12.1,136,5.456,5.8,1,6,1,8.7,0,0,0
126,summer,small,medium,5.7,10.7,81.333,4.17,486.5,4,6.667,4.5,9.6,0,0,0
127,spring,small,high,8.4,3.3,43.09,1.415,10.5,5,19,28.567,0,0,0,1
128,summer,small,high,8.4,3.6,15,1.921,175,9,23.485,2.3,0,3.5,10.1,6.6
129,summer,small,high,8.3,10,101.875,1.013,96.667,125.667,3,0.6,1.9,4.1,5.1,1.5
130,spring,medium,high,9.7,5.3,20.625,3.444,56.364,34.636,262.72699,0.2,0,0,0,1.6
131,summer,small,high,7.6,9.8,26,0.267,27.5,77.333,6,88.255,0,2.1,6.7,18.6
132,winter,medium,low,7.8,5.9,11.088,0.23,215.556,2.5,66.75,3.3,3.9,0,52.5,2.2
133,winter,large,high,8.84,9.4,1.45,0.376,37.5,54,60,30.4,0,0,9.9,0
134,summer,small,medium,7.9,11.1,26.76,1.374,627.27301,151.33299,205.875,0.8,1.7,8.3,4.7,0
135,spring,small,high,8.5,11.8,23.25,2.102,92,144.66701,276,50.225,20.6,0,7.9,1.1
136,spring,medium,high,7.9,11.1,53.102,3.2,120,58.875,58.623,7.3,0,0,42.4,2.3
137,winter,small,high,8,10.53,35.66,1.212,8777.59961,197.83299,11.8,0.4,16.4,0,6.8,0
138,winter,medium,low,8.4,11.1,11,3.73,124,205.636,232.89999,3,19.6,1.3,49.4,7.8
139,winter,medium,high,7.8,10,87,8.984,308.75,7.3,86.997,2,8.6,28.8,0,0
140,spring,medium,low,8.5,10.6,44,0.9,1990.16003,16.833,284,98.817,2.6,1.7,0,0
141,summer,medium,medium,8.1,6.2,100.83,4.188,208.33299,261.60001,233.5,0.5,0,0,0,3.9
142,spring,medium,medium,8.3,9.5,151.83299,6.513,758.75,3.8,NA,18.33,1.2,1.9,0,2.7
143,autumn,medium,high,7.9,10.7,10.207,3.829,197.909,12.889,14,0.3,3.4,4.3,1.4,0
144,autumn,small,medium,8,10.9,79.077,1.587,10,70,132.54601,3.1,1.4,3.9,5.9,0
145,summer,medium,high,7.79,6.3,42.636,2.302,225,3.222,147.83299,0.3,6,0,0,1.4
146,autumn,medium,high,7.29,9,16,2.304,98.333,23,84,5.8,0,3.2,18.2,0
147,winter,medium,high,7.4,10.2,56.717,1.873,4073.33008,46.667,75.207,15.3,16,13.4,0,5.2
148,spring,medium,high,8.06,10.9,8.3,3.33,137,2.5,105.727,2,0,0,17,1.9
149,winter,medium,high,7.6,9,5.889,0.77,244.60001,84.3,13.6,5.2,28,0,17.1,3.9
150,winter,small,high,7.8,8.1,32.92,4.86,105.556,22.2,61.6,0.5,4.6,1,9.9,0
151,spring,medium,high,8.5,6.3,43,4.87,46.5,144,18.293,22.7,12.4,0,22.3,3.2
152,spring,medium,low,7.9,10.5,9,4.698,245,41.3,255.28,5.2,0,4,0,0
153,winter,medium,high,7.9,11.8,38.902,4.99,20,20,313.60001,1.5,0,0,77.6,0
154,spring,medium,low,8.35,10.6,45.273,2.22,10,267.75,14,4,0,0,6.8,6.8
155,winter,medium,low,7.9,5.7,3.5,1.651,124.364,NA,116.2,65.7,0,0,0,0
156,summer,medium,medium,8.24,8.6,21.95,0.406,137.27299,18.25,1,14.775,15.9,0,0,0
157,spring,medium,high,8.3,11.8,34.037,3.685,146.66701,87.333,236,2.15,1,5,0,12.5
158,winter,small,medium,8.5,10.5,13.5,0.941,643,54.1,98.25,27.618,5.2,2.6,0,1.4
159,autumn,large,low,8,12.5,29.2,0.826,118.571,20.667,11.5,10,26.5,0,0,1.4
160,summer,small,low,8.5,6.6,31,2.603,32.5,27.5,140.22,6.5,2,0,0,9.7
161,spring,medium,low,8.58,8.5,391.5,8.688,60,102,432.909,20.6,5.6,0,0,0
162,summer,large,medium,9.5,9.8,63.51,2.316,380,6.5,624.73297,93.683,0,11.5,0,0
163,summer,large,medium,8.8,8.8,4.083,0.63,103.333,181,34,27.5,21.5,0,29.5,1.2
164,winter,large,low,7.9,13.1,31.091,0.33,421.66699,24,235.66701,0.5,0,0,0,2.7
165,summer,medium,medium,7.6,7.9,16,4.82,101.667,8.692,43.5,1.1,1.7,0,0,1.7
166,spring,large,high,7.5,10.68,32.3,0.735,88.182,173,171.272,3.8,12,0,0,0
167,spring,medium,low,9.1,10.8,63.625,1.535,1131.66003,9,39,0.3,11.2,0,7.5,2.9
168,summer,medium,high,6.4,3.4,85.982,4.053,NA,16.8,7.2,40,7.6,0,0,0
169,autumn,large,low,8.2,11.3,6.3,4.03,1729,221.89999,40,15.6,7.3,0,0,6
170,spring,large,medium,6.8,7,173.75,NA,54.75,10.8,19,11.1,4.6,1.8,0,0
171,winter,large,high,8.2,5.8,95.367,6.096,255,27.667,272.22198,72.478,1.7,1.4,10.3,0
172,spring,large,medium,8.15,11.5,9,6.238,1081.66003,346.16699,111.75,6.8,31.9,1.2,22.9,3.2
173,summer,medium,high,8.43,6,70,1.32,12.5,82.222,10.111,1.3,13.2,5,0,1.9
174,summer,medium,high,8.3,11.6,71.444,5.164,15,10.583,137.778,6.9,3.8,2.9,0,0
175,spring,medium,high,7.3,10.6,10.556,0.91,10,1.25,221.278,53.1,1.2,0,0,0
176,spring,large,medium,8.5,9.4,20.083,1.51,271.25,151.125,47,20.8,21.1,0,0,6.1
177,winter,medium,low,7.9,9.8,8,3.678,20,4,127.222,NA,0,0,0,2.1
178,winter,medium,medium,8.1,9.4,13,2.273,12.5,25.167,98.143,22.9,9.7,1.2,2,0
179,autumn,small,high,8.4,9.8,10.975,1.732,53.846,38.625,154.125,5.083,8,0,0,0
180,winter,large,high,8,1.5,94,1.32,16.2,22.444,197.14301,5.555,0,6.6,0,1.5
181,autumn,medium,medium,7.8,5.3,7.613,1.328,32.727,51.125,6.2,4.3,3.8,2.3,0,0
182,autumn,small,low,7.8,6.2,7.25,9.715,76.667,102.364,71,0.6,0,0,0,1.4
183,autumn,medium,high,8.2,6.5,7,3.923,15,61.182,27.5,2.86,0,0,17.2,0
184,winter,small,medium,8.2,4.4,64,0.825,40,111.25,45,4.667,14.7,4.6,3.1,1
185,summer,medium,low,7.14,9.8,26,9.08,18.429,10.667,187.05701,2,1.7,2.5,0,3.2
186,winter,small,medium,8.4,6,28.333,3.726,43.75,53,76.333,46.075,38.5,5,0,0
187,spring,small,low,8,9.9,5.273,1.223,101,48,21.3,6.4,10.5,0,1.5,0
188,winter,large,medium,8.6,8.2,65.75,2.805,130,16,82.444,8.957,53.6,0,3.9,0
189,spring,small,medium,8.2,9.8,4.326,3.14,102.5,NA,173.75,8.155,19.6,3.7,8.3,0
190,spring,small,medium,8.1,7.6,22.286,1.527,32,75,388.16699,2.338,3.4,0,17.8,0
191,winter,medium,medium,7.2,11.4,19.22,1.003,84.667,12,81.558,4.3,8.9,0,0,1.2
192,winter,large,low,8.1,9.9,60.8,0.86,34,20,50.455,1,16,0,0,1.6
193,winter,large,medium,8.56,11.3,50,6.54,27.069,187,326.85699,3.5,0,2,0,2.4
194,winter,small,high,7.6,6,51.113,1.655,239,236.39999,296,1.3,0,1,5.5,0
195,winter,medium,high,8.1,11.3,12.444,2.586,132.25,19.111,17.333,0.8,13.2,0,1.9,0
196,spring,large,medium,9.1,9.2,208.364,3.833,153,27,177.625,110.456,12,0,0,3.9
197,summer,small,medium,7.57,7.1,14.32,1.208,370,19.727,91.111,3,0,0,64.6,1
198,summer,medium,medium,6.6,7.1,139.989,3.85,1495,3,175.04601,22.5,10.4,2.4,2.6,0
199,summer,large,high,NA,1.8,2.75,0.81,49,238.2,219.909,2.8,7,1,12.4,1.9
200,autumn,large,medium,7.7,11.9,17.375,2.8,153.75,1.333,111.375,NA,40.9,0,0,0
3)
autumn     medium     medium     8.00000     9.20000     41.16300     1.87000     14.75000     105.00000     122.00000     XXXXXXX     74.20000     4.70000     0.00000     0.00000     6.10000     0.00000     0.00000
autumn     small     medium     8.70000     10.40000     194.75000     1.28800     65.55600     191.75000     167.89999     26.80000     14.40000     1.00000     4.10000     0.00000     0.00000     0.00000     0.00000
autumn     large     high     7.09000     11.40000     12.00000     3.31600     346.66699     246.00000     46.60000     2.10000     3.30000     2.10000     0.00000     0.00000     0.00000     0.00000     0.00000
summer     small     high     7.92500     4.80000     1.54900     0.10200     52.20000     49.00000     138.70000     3.60000     2.40000     0.00000     18.90000     0.00000     1.70000     0.00000     0.00000
winter     small     medium     7.30000     9.00000     29.50000     1.42000     122.50000     58.22200     97.58000     10.50000     55.50000     7.50000     0.00000     0.00000     0.00000     0.00000     1.00000
autumn     medium     low     7.19000     10.00000     7.83800     3.77800     233.70000     143.71001     18.00000     92.66700     28.10000     0.00000     23.20000     1.70000     16.20000     12.60000     0.00000
winter     small     medium     8.30000     10.30000     12.14600     7.83000     345.45499     37.37500     391.75000     3.20000     0.00000     1.00000     3.20000     0.00000     0.00000     0.00000     0.00000
summer     small     medium     8.30000     10.60000     47.00000     45.65000     160.00000     3.00000     102.57100     1.70000     54.40000     20.10000     1.00000     0.00000     15.30000     0.00000     0.00000
spring     medium     high     8.43000     11.00000     23.82500     2.68000     49.50000     1.00000     104.00000     6.16700     0.00000     5.40000     1.70000     4.90000     1.40000     5.90000     0.00000
I love this class
winter     small     high     8.27000     10.20000     XXXXXXX     1.28700     461.87500     1.00000     40.66700     3.20000     14.70000     0.00000     0.00000     1.90000     1.90000     0.00000     0.00000
winter     small     low     8.30000     8.10000     30.12500     0.73000     76.00000     132.50000     14.35400     20.57800     46.80000     0.00000     3.30000     0.00000     12.40000     1.50000     0.00000
summer     large     medium     7.74000     6.80000     9.05500     0.69900     37.77800     27.00000     10.75000     4.50000     20.30000     14.60000     11.50000     0.00000     2.90000     0.00000     0.00000
summer     large     medium     7.55000     11.00000     77.36400     8.75900     723.66699     48.66700     16.66200     68.05000     66.00000     6.40000     0.00000     1.40000     1.40000     33.20000     1.40000
summer     large     high     7.90000     11.50000     48.42900     3.41400     46.20000     13.00000     72.69600     2.00000     1.90000     0.00000     0.00000     0.00000     0.00000     16.60000     0.00000
autumn     medium     low     7.72000     9.60000     4.70000     3.73400     578.00000     50.88900     16.00000     9.88200     24.30000     0.00000     2.70000     1.00000     28.80000     1.60000     0.00000
summer     medium     medium     6.60000     4.90000     44.20500     0.75800     39.00000     35.33300     50.00000     3.70000     86.60000     12.70000     13.50000     0.00000     0.00000     17.70000     0.00000
autumn     small     high     8.50000     12.00000     32.54000     1.44300     10.00000     2.00000     254.60001     14.70000     1.70000     11.30000     3.10000     1.90000     7.70000     0.00000     1.70000
spring     small     high     8.10000     8.30000     48.66700     0.44500     24064.00000     27.25000     22.90000     32.00000     4.00000     0.00000     0.00000     0.00000     1.20000     15.70000     1.00000
autumn     medium     medium     8.50000     10.20000     22.35000     10.41600     109.00000     137.60001     15.00000     3.20000     35.50000     0.00000     14.00000     4.60000     10.60000     0.00000     2.20000
summer     large     medium     7.83000     10.70000     5.32600     7.19500     3466.65991     159.16701     586.00000     12.10000     0.00000     0.00000     0.00000     6.80000     1.90000     13.20000     1.40000
spring     small     high     7.40000     5.50000     22.45500     3.31000     35.00000     47.50000     170.00000     0.50000     3.10000     0.00000     0.00000     0.00000     7.50000     0.00000     0.00000
autumn     small     medium     7.75000     8.90000     3.86000     1.71500     228.75000     1.00000     6.50000     7.60000     64.30000     25.40000     12.90000     0.00000     27.60000     0.00000     0.00000
winter     large     high     7.20000     9.80000     50.00000     3.24500     217.75000     53.62500     87.12500     18.30000     0.00000     0.00000     3.90000     3.70000     0.00000     0.00000     0.00000
spring     small     high     7.84000     10.50000     47.22900     5.33000     11.11100     15.60000     244.00000     2.00000     39.70000     3.90000     2.20000     3.50000     0.00000     0.00000     3.40000
summer     small     medium     8.21000     10.30000     82.85700     3.97600     165.00000     72.00000     130.75000     3.00000     0.00000     0.00000     0.00000     0.00000     5.50000     0.00000     0.00000
winter     small     high     7.40000     8.50000     40.22600     2.94200     178.57001     166.72701     200.23100     1.40000     0.00000     11.60000     11.80000     3.00000     0.00000     16.70000     0.00000
autumn     medium     high     8.15000     10.10000     77.00000     2.89900     20.00000     234.50000     XXXXXXX     75.00000     30.30000     0.00000     3.70000     6.80000     1.20000     1.40000     0.00000
spring     medium     low     8.30000     9.20000     3.00000     5.13000     102.75000     36.30000     121.00000     0.80000     31.10000     0.00000     0.00000     2.20000     0.00000     0.00000     10.80000
spring     medium     high     8.30000     6.50000     129.37500     0.66300     120.00000     51.11100     186.00000     21.90000     33.90000     0.00000     14.60000     0.00000     9.20000     42.10000     22.10000
autumn     small     medium     7.70000     9.50000     7.00000     5.69400     10.00000     19.11100     142.00000     5.62000     12.30000     0.00000     1.20000     0.00000     0.00000     0.00000     1.90000
spring     medium     high     8.20000     9.80000     2.20000     0.64200     6400.00000     60.00000     108.00000     12.32000     39.10000     17.10000     1.90000     0.00000     4.00000     0.00000     2.20000
autumn     small     medium     7.40000     8.00000     32.40000     4.93000     124.16700     71.00000     320.39999     22.50000     19.40000     0.00000     0.00000     0.00000     2.50000     0.00000     1.40000
summer     small     medium     8.40000     10.50000     57.84800     1.17200     236.00000     51.11100     253.25000     31.73800     41.00000     9.10000     0.00000     0.00000     22.10000     0.00000     4.90000
winter     small     medium     8.40000     6.70000     11.86700     1.72000     32.50000     34.50000     72.90000     5.45000     12.50000     40.70000     4.70000     6.20000     3.40000     0.00000     2.90000
spring     small     medium     8.70000     8.40000     61.05000     0.38100     28.33300     467.50000     201.77800     13.00000     1.60000     0.00000     2.10000     1.20000     0.00000     4.50000     0.00000
winter     large     high     8.40000     9.90000     11.00000     1.67000     142.00000     61.25000     275.14301     5.11100     0.00000     5.00000     1.00000     1.70000     13.30000     0.00000     2.10000
summer     large     medium     8.70000     11.70000     49.62500     2.31000     43.75000     97.33300     79.75000     5.60900     12.60000     4.60000     0.00000     3.70000     3.10000     0.00000     0.00000
winter     small     high     8.30000     11.70000     54.14300     2.64000     25.00000     196.62000     269.66699     5.50000     2.00000     5.40000     0.00000     0.00000     4.90000     31.80000     30.10000
winter     large     medium     8.70000     10.50000     41.25000     3.35100     10.00000     39.00000     183.66701     17.20000     2.20000     2.70000     1.70000     0.00000     0.00000     0.00000     0.00000
autumn     small     medium     8.00000     11.20000     39.10900     7.16000     98.18200     7.66700     317.00000     34.75000     32.80000     5.90000     2.90000     0.00000     5.80000     0.00000     2.90000
summer     medium     high     8.60000     7.10000     53.00000     0.92300     60.11000     45.00000     138.50000     30.00000     0.00000     21.70000     0.00000     4.30000     0.00000     11.10000     0.00000
winter     small     high     7.30000     9.60000     XXXXXXX     1.44800     58.50000     2.00000     124.20000     13.10000     12.70000     21.60000     2.00000     0.00000     0.00000     0.00000     25.60000
autumn     small     high     7.30000     8.80000     187.18300     0.30800     51.42900     13.00000     101.45500     11.84000     2.20000     0.00000     1.00000     0.00000     1.00000     3.30000     1.20000
summer     large     medium     7.77000     10.50000     XXXXXXX     4.55500     737.50000     109.00000     57.83300     XXXXXXX     15.50000     2.90000     16.00000     0.00000     0.00000     1.20000     15.10000
winter     large     high     8.60000     12.50000     10.50000     0.53600     128.57100     78.33300     215.50000     3.30000     29.50000     4.10000     0.00000     4.80000     6.40000     0.00000     2.70000
winter     small     medium     8.00000     7.70000     3.13600     4.82500     176.66701     85.50000     292.62500     0.80000     16.50000     28.00000     1.20000     0.00000     5.70000     5.10000     0.00000
autumn     small     high     8.00000     11.70000     88.00000     0.70100     72.60000     12.75000     56.09100     3.00000     1.90000     5.60000     0.00000     0.00000     2.60000     0.00000     0.00000
autumn     small     medium     7.80000     11.70000     57.75000     3.02000     112.85700     32.50000     58.37400     1.40000     9.20000     0.00000     1.90000     0.00000     22.50000     8.30000     7.00000
autumn     medium     medium     6.50000     11.21000     17.75000     5.09900     122.85000     136.75000     20.81200     0.50000     18.90000     7.40000     0.00000     3.50000     8.00000     0.00000     0.00000
winter     medium     high     8.10000     9.50000     22.32000     5.44200     22.50000     12.75000     115.00000     7.90000     0.00000     0.00000     25.90000     0.00000     1.20000     0.00000     3.60000
autumn     small     high     8.66000     XXXXXXX     4.54500     6.22500     33.63600     159.50000     361.00000     6.42900     5.30000     21.70000     0.00000     2.20000     5.40000     1.20000     0.00000
spring     small     medium     8.20000     11.00000     55.35000     2.81800     31.33300     75.87500     120.88900     0.50000     4.10000     0.00000     0.00000     0.00000     0.00000     0.00000     1.90000
spring     large     medium     7.70000     9.00000     6.16700     2.97800     18.33300     55.00000     11.81800     2.00000     17.00000     0.00000     0.00000     0.00000     2.70000     6.90000     0.00000
winter     medium     high     7.91000     8.80000     130.67000     2.16300     246.36400     16.00000     246.66701     XXXXXXX     0.00000     0.00000     2.40000     0.00000     0.00000     0.00000     0.00000
winter     medium     medium     5.60000     11.17000     XXXXXXX     3.14000     134.00000     39.00000     85.00000     2.90000     81.90000     0.00000     0.00000     0.00000     0.00000     0.00000     0.00000
winter     medium     medium     7.83000     7.70000     XXXXXXX     9.24800     103.33300     6.00000     4.00000     XXXXXXX     1.90000     21.50000     0.00000     7.70000     1.00000     0.00000     1.90000
spring     medium     medium     9.10000     11.62000     104.81800     0.23000     27.28600     32.00000     7.65400     1.10000     17.10000     12.70000     0.00000     1.00000     0.00000     0.00000     0.00000
spring     small     medium     7.90000     11.10000     43.97000     3.31800     235.00000     12.75000     102.33300     7.30000     1.40000     0.00000     0.00000     7.80000     0.00000     32.10000     0.00000
spring     small     medium     9.06000     9.90000     82.85200     2.23100     920.00000     26.00000     214.00000     XXXXXXX     47.10000     0.00000     3.30000     0.00000     8.00000     8.70000     0.00000
spring     small     medium     8.70000     11.70000     69.75000     8.54300     215.71400     264.89999     56.66700     3.00000     2.40000     1.90000     0.00000     0.00000     0.00000     3.60000     0.00000
autumn     large     medium     7.50000     XXXXXXX     29.77500     1.58800     1168.00000     12.00000     56.66700     17.49100     24.00000     38.80000     0.00000     2.00000     1.40000     0.00000     0.00000
spring     small     medium     7.45000     12.90000     12.77800     5.41400     5.00000     3.33300     7.00000     2.10000     1.20000     6.70000     0.00000     0.00000     0.00000     0.00000     0.00000
summer     large     medium     8.00000     8.20000     5.00000     1.20300     192.50000     2.00000     6.75000     11.70000     64.20000     1.50000     2.90000     0.00000     5.00000     0.00000     1.40000
autumn     large     high     8.30000     10.29000     1.17000     1.47400     8.00000     104.50000     3.00000     0.90000     15.80000     0.00000     25.30000     44.60000     34.20000     0.00000     1.20000
winter     small     low     7.44000     7.80000     11.81800     0.67200     206.53799     64.00000     75.90400     9.38400     0.00000     0.00000     7.50000     0.00000     6.50000     0.00000     31.60000
autumn     medium     low     8.22000     5.40000     3.27500     2.82200     40.00000     100.00000     11.00000     23.80000     2.90000     2.10000     42.80000     5.30000     0.00000     0.00000     0.00000
spring     medium     high     7.40000     4.90000     32.05600     0.92100     914.00000     276.85001     265.25000     XXXXXXX     18.10000     0.00000     3.00000     0.00000     3.90000     0.00000     0.00000
winter     medium     medium     8.50000     4.30000     64.09300     3.76500     125.33300     220.75000     351.60001     28.40000     1.10000     0.00000     0.00000     7.60000     0.00000     0.00000     0.00000
summer     medium     medium     7.50000     3.20000     0.22200     6.18800     155.00000     412.33301     2.50000     4.30000     1.40000     4.90000     2.00000     6.90000     6.60000     0.00000     0.00000
summer     large     medium     7.61000     8.40000     XXXXXXX     2.67000     12.72700     57.60000     26.00000     XXXXXXX     0.00000     32.80000     1.00000     2.20000     0.00000     0.00000     3.30000
winter     medium     medium     7.62000     10.80000     82.11100     4.50800     2167.37012     4.00000     152.33299     XXXXXXX     3.60000     36.60000     0.00000     0.00000     0.00000     10.60000     5.50000
summer     medium     high     8.30000     6.35000     0.80000     3.78000     103.00000     8.60000     141.83299     1.00000     5.90000     18.40000     22.00000     0.00000     0.00000     21.40000     4.20000
autumn     large     high     7.80000     6.20000     59.06700     3.61700     17.77800     67.50000     249.25000     18.37000     52.20000     5.80000     0.00000     2.20000     2.90000     4.60000     1.20000
autumn     medium     high     6.60000     10.77000     9.00000     5.97000     205.66701     564.59998     52.87500     3.00000     1.90000     0.00000     6.80000     0.00000     11.50000     0.00000     6.10000
summer     small     medium     8.70000     11.30000     35.75000     0.73500     1911.00000     182.42000     232.83299     24.91700     4.10000     0.00000     6.60000     0.00000     0.00000     0.00000     5.80000
winter     small     low     8.70000     9.30000     12.18200     0.99600     224.28600     16.00000     11.00000     54.36700     64.90000     14.50000     1.40000     0.00000     0.00000     0.00000     0.00000
autumn     medium     high     8.40000     10.50000     63.29200     2.51200     133.63600     36.00000     89.62500     6.20900     16.80000     0.00000     19.60000     1.00000     0.00000     0.00000     2.20000
autumn     small     high     8.07000     8.10000     8.69000     0.65800     62.50000     26.62500     558.75000     50.00000     0.00000     3.10000     7.80000     3.40000     5.50000     0.00000     4.10000
winter     medium     low     6.60000     8.90000     125.60000     0.46100     430.00000     26.60000     304.00000     2.80000     75.80000     2.90000     5.40000     1.20000     19.70000     0.00000     3.30000
autumn     medium     medium     7.80000     7.40000     73.25000     4.90800     25.83300     31.33300     143.75000     5.54400     0.00000     0.00000     2.50000     4.60000     0.00000     1.50000     0.00000
spring     large     high     8.00000     10.30000     2.11100     7.74000     81.00000     33.80000     13.20000     3.90000     2.20000     15.20000     0.00000     0.00000     9.20000     8.20000     31.20000
winter     large     high     8.10000     10.80000     37.60000     0.84600     89.60000     18.66700     140.51700     21.00000     56.80000     28.20000     7.80000     1.70000     2.40000     6.40000     10.20000
spring     medium     high     8.30000     11.70000     4.57500     1.05100     10.00000     41.50000     46.43800     13.10000     16.60000     4.30000     1.60000     0.00000     5.20000     0.00000     14.40000
winter     small     low     7.80000     7.60000     12.53600     4.40800     38.11100     428.75000     277.33301     2.00000     43.70000     12.70000     0.00000     0.00000     9.00000     2.20000     0.00000
winter     medium     high     7.60000     10.10000     10.40000     1.51900     18.00000     4.25000     35.20000     0.80000     18.10000     0.00000     2.00000     0.00000     11.30000     0.00000     1.40000
summer     small     medium     8.10000     12.60000     36.24800     3.07000     60.00000     66.40000     169.00101     0.30000     2.80000     0.00000     0.00000     2.20000     34.30000     12.70000     16.70000
summer     large     medium     9.00000     6.90000     53.33300     6.20000     91.83300     209.85699     88.50000     41.00000     1.20000     0.00000     2.60000     2.40000     4.00000     15.80000     2.40000
summer     large     high     7.60000     9.70000     39.00000     4.66500     172.50000     175.66701     228.36400     8.10000     0.00000     1.90000     10.80000     1.60000     20.00000     9.60000     7.10000
winter     small     medium     7.60000     13.40000     49.90000     1.33500     65.45500     1.80000     303.33301     20.87000     0.00000     1.60000     1.40000     1.10000     8.60000     0.00000     0.00000
summer     medium     medium     8.55000     12.10000     10.93600     5.07800     101.25000     120.50000     279.06601     11.60000     14.40000     4.00000     0.00000     0.00000     15.90000     0.00000     2.40000
spring     medium     high     8.05000     4.50000     XXXXXXX     2.32300     XXXXXXX     59.42900     54.91600     9.00000     0.00000     7.00000     1.60000     0.00000     20.80000     15.80000     0.00000
winter     large     high     8.00000     10.40000     8.00000     5.09900     82.10000     104.72700     194.10001     4.50000     15.10000     0.00000     0.00000     0.00000     11.20000     1.80000     1.00000
spring     small     low     8.10000     9.70000     40.02000     2.44300     21.57100     24.66700     75.33300     0.60000     19.00000     3.10000     0.00000     0.00000     8.20000     17.00000     1.70000
spring     medium     high     7.50000     11.80000     58.33100     4.94000     2082.85010     45.90000     287.00000     2.50000     0.00000     0.00000     5.50000     0.00000     0.00000     8.50000     0.00000
autumn     medium     high     8.10000     9.70000     XXXXXXX     1.57200     92.37500     30.75000     146.45200     16.00000     1.20000     1.40000     1.20000     4.40000     35.60000     2.70000     0.00000
autumn     small     high     8.80000     8.20000     57.75000     5.13200     96.83300     104.22200     186.50000     81.54000     10.80000     5.00000     0.00000     0.00000     1.20000     4.10000     2.50000
spring     small     low     8.60000     10.70000     53.00000     3.90000     83.75000     7.75000     61.44400     20.82900     2.50000     16.20000     0.00000     1.20000     20.80000     0.00000     1.70000
autumn     small     high     7.78000     8.40000     27.23300     3.77300     10.00000     51.75000     49.33300     2.00000     82.70000     2.10000     21.90000     0.00000     2.10000     20.40000     5.90000
spring     small     low     9.10000     10.80000     27.40000     4.07100     28.00000     38.75000     211.66701     16.00000     4.40000     22.00000     7.30000     1.20000     0.00000     0.00000     1.00000
winter     small     high     7.70000     7.10000     10.07800     3.02000     90.00000     64.38900     239.00000     13.20000     3.40000     0.00000     0.00000     3.40000     4.80000     1.20000     0.00000
spring     large     medium     7.80000     4.50000     15.54100     6.04500     42.00000     44.00000     6.00000     5.23300     8.80000     4.10000     1.20000     4.60000     4.10000     0.00000     4.30000
autumn     medium     medium     8.53000     8.70000     65.33300     1.47000     34.33300     21.08300     127.00000     2.70000     0.00000     0.00000     8.80000     1.00000     1.90000     7.00000     0.00000
spring     small     high     8.10000     3.60000     69.00000     0.13000     1386.25000     9.66700     285.71399     3.60000     8.70000     12.50000     9.00000     2.60000     0.00000     7.10000     2.40000
spring     medium     medium     7.35000     7.90000     30.52300     5.41000     227.60001     1.62500     125.80000     1.20000     18.00000     4.10000     1.00000     1.40000     5.60000     5.50000     7.20000
autumn     medium     medium     8.50000     7.30000     94.40500     9.77300     66.66700     48.62500     69.93000     17.20000     7.20000     0.00000     20.20000     1.90000     0.00000     5.40000     2.10000
spring     medium     medium     7.00000     11.10000     7.33300     3.90800     196.66701     55.00000     252.50000     1.10000     7.00000     8.00000     2.50000     11.00000     8.60000     13.10000     2.70000
winter     small     high     8.06000     10.70000     41.50000     1.72600     931.83301     23.00000     344.60001     2.50000     46.60000     0.00000     10.10000     0.00000     0.00000     2.60000     0.00000
winter     medium     high     8.47000     11.80000     39.00000     4.53500     647.57001     60.83300     123.33300     25.00000     14.60000     15.70000     0.00000     12.70000     1.20000     0.00000     0.00000
winter     medium     medium     8.16000     9.60000     54.19000     2.55000     3515.00000     16.00000     607.16699     24.55600     3.60000     0.00000     3.90000     0.00000     0.00000     0.00000     2.40000
spring     small     high     8.10000     10.80000     127.83300     1.53400     51.11100     62.62500     116.20000     1.00000     46.20000     1.50000     0.00000     4.00000     0.00000     2.40000     0.00000
spring     medium     high     8.60000     9.40000     7.00000     3.97800     505.00000     10.00000     77.43400     XXXXXXX     25.40000     72.60000     2.50000     0.00000     1.00000     1.60000     0.00000
winter     medium     high     8.87000     3.20000     66.30000     XXXXXXX     429.20001     7.40000     17.00000     1.30000     0.00000     0.00000     17.60000     0.00000     7.30000     0.00000     1.90000
summer     small     low     7.40000     10.10000     53.42500     1.87500     110.00000     14.66700     84.46000     1.10000     15.10000     1.00000     1.80000     5.70000     0.00000     42.70000     0.00000
winter     medium     medium     9.00000     6.10000     34.50000     0.88600     13.50000     37.00000     213.00000     0.80000     0.00000     12.00000     0.00000     0.00000     0.00000     4.50000     0.00000
winter     small     high     7.70000     10.80000     46.16700     3.23500     161.81799     37.85700     44.13600     0.80000     32.10000     0.00000     0.00000     2.40000     0.00000     4.70000     0.00000
winter     large     medium     8.00000     6.00000     47.77800     1.71800     5738.33008     44.66700     23.00000     4.90000     46.90000     41.00000     8.00000     0.00000     0.00000     32.90000     2.00000
winter     large     high     8.30000     11.60000     74.66700     0.86600     10.00000     3.54500     20.75000     15.00000     0.00000     0.00000     0.00000     2.10000     1.20000     1.40000     0.00000
winter     medium     low     7.40000     10.70000     5.83000     0.67300     131.66701     1.00000     218.00000     6.80000     11.30000     0.00000     3.50000     0.00000     0.00000     0.00000     0.00000
spring     large     low     8.25000     11.10000     131.39999     4.45900     196.00000     102.33300     188.66701     19.40000     0.00000     4.30000     1.10000     11.30000     8.10000     0.00000     1.00000
summer     medium     medium     7.50000     10.20000     XXXXXXX     3.56100     123.33300     282.16699     771.59998     21.22000     43.50000     5.50000     0.00000     0.00000     0.00000     6.20000     0.00000
summer     medium     high     8.00000     10.80000     38.12500     2.95400     96.66700     61.55600     61.50000     31.00000     1.20000     0.00000     1.70000     2.70000     0.00000     0.00000     1.60000
summer     medium     medium     7.80000     8.30000     XXXXXXX     6.64000     54.77800     180.66701     222.28600     3.00000     1.40000     13.70000     7.00000     2.20000     44.40000     1.00000     6.00000
spring     large     low     8.70000     10.70000     40.16700     1.39000     170.90900     36.90900     85.40000     XXXXXXX     9.20000     2.10000     6.30000     0.00000     0.00000     11.50000     0.00000
summer     medium     medium     8.90000     12.10000     136.00000     5.45600     5.80000     1.00000     6.00000     1.00000     31.80000     8.70000     1.40000     0.00000     8.90000     0.00000     0.00000
summer     small     medium     5.70000     10.70000     81.33300     4.17000     486.50000     4.00000     6.66700     4.50000     13.60000     9.60000     24.80000     0.00000     0.00000     0.00000     0.00000
spring     small     high     8.40000     3.30000     43.09000     1.41500     10.50000     5.00000     19.00000     28.56700     18.20000     0.00000     0.00000     0.00000     5.50000     0.00000     1.00000
summer     small     high     8.40000     3.60000     15.00000     1.92100     175.00000     9.00000     23.48500     2.30000     23.20000     0.00000     0.00000     3.50000     5.90000     10.10000     6.60000
summer     small     high     8.30000     10.00000     101.87500     1.01300     96.66700     125.66700     3.00000     0.60000     4.10000     1.90000     0.00000     4.10000     0.00000     5.10000     1.50000
spring     medium     high     9.70000     5.30000     20.62500     3.44400     56.36400     34.63600     262.72699     0.20000     4.20000     0.00000     0.00000     0.00000     2.20000     0.00000     1.60000
summer     small     high     7.60000     9.80000     26.00000     0.26700     27.50000     77.33300     6.00000     88.25500     17.00000     0.00000     0.00000     2.10000     0.00000     6.70000     18.60000
winter     medium     low     7.80000     5.90000     11.08800     0.23000     215.55600     2.50000     66.75000     3.30000     2.50000     3.90000     3.70000     0.00000     3.10000     52.50000     2.20000
winter     large     high     8.84000     9.40000     1.45000     0.37600     37.50000     54.00000     60.00000     30.40000     0.00000     0.00000     5.00000     0.00000     9.40000     9.90000     0.00000
summer     small     medium     7.90000     11.10000     26.76000     1.37400     627.27301     151.33299     205.87500     0.80000     0.00000     1.70000     0.00000     8.30000     2.70000     4.70000     0.00000
spring     small     high     8.50000     11.80000     23.25000     2.10200     92.00000     144.66701     276.00000     50.22500     54.00000     20.60000     0.00000     0.00000     0.00000     7.90000     1.10000
spring     medium     high     7.90000     11.10000     53.10200     3.20000     120.00000     58.87500     58.62300     7.30000     10.30000     0.00000     1.00000     0.00000     3.60000     42.40000     2.30000
winter     small     high     8.00000     10.53000     35.66000     1.21200     8777.59961     197.83299     11.80000     0.40000     6.50000     16.40000     6.10000     0.00000     17.90000     6.80000     0.00000
winter     medium     low     8.40000     11.10000     11.00000     3.73000     124.00000     205.63600     232.89999     3.00000     10.30000     19.60000     8.80000     1.30000     0.00000     49.40000     7.80000
winter     medium     high     7.80000     10.00000     87.00000     8.98400     308.75000     7.30000     86.99700     2.00000     2.40000     8.60000     10.20000     28.80000     0.00000     0.00000     0.00000
spring     medium     low     8.50000     10.60000     44.00000     0.90000     1990.16003     16.83300     284.00000     98.81700     2.10000     2.60000     2.30000     1.70000     0.00000     0.00000     0.00000
summer     medium     medium     8.10000     6.20000     100.83000     4.18800     208.33299     261.60001     233.50000     0.50000     58.70000     0.00000     2.60000     0.00000     0.00000     0.00000     3.90000
spring     medium     medium     8.30000     9.50000     151.83299     6.51300     758.75000     3.80000     XXXXXXX     18.33000     23.70000     1.20000     2.00000     1.90000     1.10000     0.00000     2.70000
autumn     medium     high     7.90000     10.70000     10.20700     3.82900     197.90900     12.88900     14.00000     0.30000     42.50000     3.40000     0.00000     4.30000     9.00000     1.40000     0.00000
autumn     small     medium     8.00000     10.90000     79.07700     1.58700     10.00000     70.00000     132.54601     3.10000     1.70000     1.40000     0.00000     3.90000     15.00000     5.90000     0.00000
summer     medium     high     7.79000     6.30000     42.63600     2.30200     225.00000     3.22200     147.83299     0.30000     4.40000     6.00000     0.00000     0.00000     3.90000     0.00000     1.40000
autumn     medium     high     7.29000     9.00000     16.00000     2.30400     98.33300     23.00000     84.00000     5.80000     3.80000     0.00000     1.40000     3.20000     1.20000     18.20000     0.00000
winter     medium     high     7.40000     10.20000     56.71700     1.87300     4073.33008     46.66700     75.20700     15.30000     16.80000     16.00000     10.60000     13.40000     0.00000     0.00000     5.20000
spring     medium     high     8.06000     10.90000     8.30000     3.33000     137.00000     2.50000     105.72700     2.00000     0.00000     0.00000     1.20000     0.00000     0.00000     17.00000     1.90000
winter     medium     high     7.60000     9.00000     5.88900     0.77000     244.60001     84.30000     13.60000     5.20000     12.20000     28.00000     1.00000     0.00000     0.00000     17.10000     3.90000
winter     small     high     7.80000     8.10000     32.92000     4.86000     105.55600     22.20000     61.60000     0.50000     3.40000     4.60000     21.70000     1.00000     0.00000     9.90000     0.00000
spring     medium     high     8.50000     6.30000     43.00000     4.87000     46.50000     144.00000     18.29300     22.70000     89.80000     12.40000     4.90000     0.00000     0.00000     22.30000     3.20000
spring     medium     low     7.90000     10.50000     9.00000     4.69800     245.00000     41.30000     255.28000     5.20000     12.30000     0.00000     0.00000     4.00000     11.70000     0.00000     0.00000
winter     medium     high     7.90000     11.80000     38.90200     4.99000     20.00000     20.00000     313.60001     1.50000     2.20000     0.00000     0.00000     0.00000     14.90000     77.60000     0.00000
spring     medium     low     8.35000     10.60000     45.27300     2.22000     10.00000     267.75000     14.00000     4.00000     1.40000     0.00000     35.10000     0.00000     17.80000     6.80000     6.80000
winter     medium     low     7.90000     5.70000     3.50000     1.65100     124.36400     XXXXXXX     116.20000     65.70000     66.90000     0.00000     1.00000     0.00000     0.00000     0.00000     0.00000
summer     medium     medium     8.24000     8.60000     21.95000     0.40600     137.27299     18.25000     1.00000     14.77500     24.80000     15.90000     0.00000     0.00000     10.20000     0.00000     0.00000
spring     medium     high     8.30000     11.80000     34.03700     3.68500     146.66701     87.33300     236.00000     2.15000     0.00000     1.00000     1.40000     5.00000     8.70000     0.00000     12.50000
winter     small     medium     8.50000     10.50000     13.50000     0.94100     643.00000     54.10000     98.25000     27.61800     2.80000     5.20000     4.00000     2.60000     0.00000     0.00000     1.40000
autumn     large     low     8.00000     12.50000     29.20000     0.82600     118.57100     20.66700     11.50000     10.00000     0.00000     26.50000     0.00000     0.00000     2.50000     0.00000     1.40000
summer     small     low     8.50000     6.60000     31.00000     2.60300     32.50000     27.50000     140.22000     6.50000     69.90000     2.00000     0.00000     0.00000     0.00000     0.00000     9.70000
spring     medium     low     8.58000     8.50000     391.50000     8.68800     60.00000     102.00000     432.90900     20.60000     1.70000     5.60000     1.50000     0.00000     6.70000     0.00000     0.00000
summer     large     medium     9.50000     9.80000     63.51000     2.31600     380.00000     6.50000     624.73297     93.68300     0.00000     0.00000     0.00000     11.50000     0.00000     0.00000     0.00000
summer     large     medium     8.80000     8.80000     4.08300     0.63000     103.33300     181.00000     34.00000     27.50000     0.00000     21.50000     4.80000     0.00000     0.00000     29.50000     1.20000
winter     large     low     7.90000     13.10000     31.09100     0.33000     421.66699     24.00000     235.66701     0.50000     3.40000     0.00000     0.00000     0.00000     7.50000     0.00000     2.70000
summer     medium     medium     7.60000     7.90000     16.00000     4.82000     101.66700     8.69200     43.50000     1.10000     1.10000     1.70000     0.00000     0.00000     9.50000     0.00000     1.70000
spring     large     high     7.50000     10.68000     32.30000     0.73500     88.18200     173.00000     171.27200     3.80000     1.60000     12.00000     1.00000     0.00000     2.40000     0.00000     0.00000
spring     medium     low     9.10000     10.80000     63.62500     1.53500     1131.66003     9.00000     39.00000     0.30000     0.00000     11.20000     5.00000     0.00000     0.00000     7.50000     2.90000
summer     medium     high     6.40000     3.40000     85.98200     4.05300     XXXXXXX     16.80000     7.20000     40.00000     6.70000     7.60000     0.00000     0.00000     1.20000     0.00000     0.00000
autumn     large     low     8.20000     11.30000     6.30000     4.03000     1729.00000     221.89999     40.00000     15.60000     1.50000     7.30000     13.60000     0.00000     0.00000     0.00000     6.00000
spring     large     medium     6.80000     7.00000     173.75000     XXXXXXX     54.75000     10.80000     19.00000     11.10000     25.50000     4.60000     0.00000     1.80000     18.70000     0.00000     0.00000
winter     large     high     8.20000     5.80000     95.36700     6.09600     255.00000     27.66700     272.22198     72.47800     3.30000     1.70000     0.00000     1.40000     7.40000     10.30000     0.00000
spring     large     medium     8.15000     11.50000     9.00000     6.23800     1081.66003     346.16699     111.75000     6.80000     0.00000     31.90000     22.90000     1.20000     0.00000     22.90000     3.20000
summer     medium     high     8.43000     6.00000     70.00000     1.32000     12.50000     82.22200     10.11100     1.30000     0.00000     13.20000     2.10000     5.00000     7.70000     0.00000     1.90000
summer     medium     high     8.30000     11.60000     71.44400     5.16400     15.00000     10.58300     137.77800     6.90000     5.70000     3.80000     1.90000     2.90000     11.50000     0.00000     0.00000
spring     medium     high     7.30000     10.60000     10.55600     0.91000     10.00000     1.25000     221.27800     53.10000     24.80000     1.20000     0.00000     0.00000     19.00000     0.00000     0.00000
spring     large     medium     8.50000     9.40000     20.08300     1.51000     271.25000     151.12500     47.00000     20.80000     32.50000     21.10000     4.10000     0.00000     0.00000     0.00000     6.10000
winter     medium     low     7.90000     9.80000     8.00000     3.67800     20.00000     4.00000     127.22200     XXXXXXX     29.70000     0.00000     0.00000     0.00000     11.30000     0.00000     2.10000
winter     medium     medium     8.10000     9.40000     13.00000     2.27300     12.50000     25.16700     98.14300     22.90000     3.70000     9.70000     2.10000     1.20000     9.90000     2.00000     0.00000
autumn     small     high     8.40000     9.80000     10.97500     1.73200     53.84600     38.62500     154.12500     5.08300     52.40000     8.00000     9.40000     0.00000     1.40000     0.00000     0.00000
winter     large     high     8.00000     1.50000     94.00000     1.32000     16.20000     22.44400     197.14301     5.55500     13.00000     0.00000     0.00000     6.60000     3.50000     0.00000     1.50000
autumn     medium     medium     7.80000     5.30000     7.61300     1.32800     32.72700     51.12500     6.20000     4.30000     50.40000     3.80000     1.20000     2.30000     0.00000     0.00000     0.00000
autumn     small     low     7.80000     6.20000     7.25000     9.71500     76.66700     102.36400     71.00000     0.60000     1.40000     0.00000     19.50000     0.00000     8.60000     0.00000     1.40000
autumn     medium     high     8.20000     6.50000     7.00000     3.92300     15.00000     61.18200     27.50000     2.86000     17.30000     0.00000     19.70000     0.00000     3.20000     17.20000     0.00000
winter     small     medium     8.20000     4.40000     64.00000     0.82500     40.00000     111.25000     45.00000     4.66700     1.50000     14.70000     1.50000     4.60000     0.00000     3.10000     1.00000
summer     medium     low     7.14000     9.80000     26.00000     9.08000     18.42900     10.66700     187.05701     2.00000     0.00000     1.70000     3.40000     2.50000     1.20000     0.00000     3.20000
winter     small     medium     8.40000     6.00000     28.33300     3.72600     43.75000     53.00000     76.33300     46.07500     39.70000     38.50000     3.00000     5.00000     5.30000     0.00000     0.00000
spring     small     low     8.00000     9.90000     5.27300     1.22300     101.00000     48.00000     21.30000     6.40000     3.30000     10.50000     4.20000     0.00000     0.00000     1.50000     0.00000
winter     large     medium     8.60000     8.20000     65.75000     2.80500     130.00000     16.00000     82.44400     8.95700     6.90000     53.60000     10.30000     0.00000     4.10000     3.90000     0.00000
spring     small     medium     8.20000     9.80000     4.32600     3.14000     102.50000     XXXXXXX     173.75000     8.15500     50.60000     19.60000     2.40000     3.70000     4.80000     8.30000     0.00000
spring     small     medium     8.10000     7.60000     22.28600     1.52700     32.00000     75.00000     388.16699     2.33800     0.00000     3.40000     0.00000     0.00000     6.40000     17.80000     0.00000
winter     medium     medium     7.20000     11.40000     19.22000     1.00300     84.66700     12.00000     81.55800     4.30000     51.80000     8.90000     1.20000     0.00000     0.00000     0.00000     1.20000
winter     large     low     8.10000     9.90000     60.80000     0.86000     34.00000     20.00000     50.45500     1.00000     37.30000     16.00000     1.00000     0.00000     6.60000     0.00000     1.60000
winter     large     medium     8.56000     11.30000     50.00000     6.54000     27.06900     187.00000     326.85699     3.50000     0.00000     0.00000     5.60000     2.00000     0.00000     0.00000     2.40000
winter     small     high     7.60000     6.00000     51.11300     1.65500     239.00000     236.39999     296.00000     1.30000     0.00000     0.00000     7.50000     1.00000     0.00000     5.50000     0.00000
winter     medium     high     8.10000     11.30000     12.44400     2.58600     132.25000     19.11100     17.33300     0.80000     1.20000     13.20000     1.20000     0.00000     6.10000     1.90000     0.00000
spring     large     medium     9.10000     9.20000     208.36400     3.83300     153.00000     27.00000     177.62500     110.45600     7.80000     12.00000     1.70000     0.00000     0.00000     0.00000     3.90000
summer     small     medium     7.57000     7.10000     14.32000     1.20800     370.00000     19.72700     91.11100     3.00000     1.70000     0.00000     1.70000     0.00000     1.70000     64.60000     1.00000
summer     medium     medium     6.60000     7.10000     139.98900     3.85000     1495.00000     3.00000     175.04601     22.50000     18.30000     10.40000     0.00000     2.40000     0.00000     2.60000     0.00000
summer     large     high     XXXXXXX     1.80000     2.75000     0.81000     49.00000     238.20000     219.90900     2.80000     3.30000     7.00000     3.30000     1.00000     0.00000     12.40000     1.90000
autumn     large     medium     7.70000     11.90000     17.37500     2.80000     153.75000     1.33300     111.37500     XXXXXXX     48.30000     40.90000     9.90000     0.00000     0.00000     0.00000     0.00000

