1)
  season   size  speed mxPH mnO2    Cl  NO3   NH4  oPO4   PO4 Chla   a1   a2   a3  a4   a5   a6  a7
1 winter  small medium 8.00  9.4 41.16 6.24  31.3 187.0  13.6 50.0  0.0  5.4  0.0 1.0 34.2  0.0 1.4
2 spring  large    low 7.50 10.9 29.20 5.97  49.0  33.8 558.8  7.3  2.2  0.0  4.1 2.4  4.1  0.0 0.0
3 autumn  large    low 8.25 11.4 40.02 5.33 346.7  46.7 388.2 81.5  1.4 53.6  2.1 3.5  0.0 42.7 0.0
4 spring  small medium 7.79 11.1 11.09 1.72  13.5   5.0 138.7  0.3 10.3  0.0 18.9 1.9  5.7  0.0 2.9
5 autumn  small    low 7.90  9.0  5.83 1.42 233.7  58.2  43.5 13.2 14.6  5.6 12.9 0.0  0.0  0.0 1.2
6 spring medium    low 7.19  1.5 44.00 3.78  92.4   3.0  13.2 28.4 15.8  7.6  2.4 1.2  0.0 22.9 3.9
2)
,season,size,speed,mxPH,mnO2,Cl,NO3,NH4,oPO4,PO4,Chla,a2,a4,a6,a7
1,winter,small,medium,8,9.4,41.163,6.238,31.333,187,13.6,50,5.4,1,0,1.4
2,spring,large,low,7.5,10.9,29.2,5.97,49,33.8,558.75,7.3,0,2.4,0,0
3,autumn,large,low,8.25,11.4,40.02,5.33,346.66699,46.667,388.16699,81.54,53.6,3.5,42.7,0
4,spring,small,medium,7.79,11.1,11.088,1.72,13.5,5,138.7,0.3,0,1.9,0,2.9
5,autumn,small,low,7.9,9,5.83,1.42,233.7,58.222,43.5,13.2,5.6,0,0,1.2
6,spring,medium,low,7.19,1.5,44,3.778,92.375,3,13.2,28.4,7.6,1.2,22.9,3.9
7,summer,medium,medium,8.3,10.3,47.229,5.132,235,26.625,11.5,88.255,0,3.9,4.5,0
8,summer,small,medium,7.8,10.6,3.275,6.188,8,31.333,214,0.9,0,0,0,0
9,autumn,large,medium,8.6,7.8,NA,1.32,122.85,21.083,104,10,21.7,6.9,6.7,2.1
10,winter,large,high,8.5,4.3,4.575,1.39,72.6,8.692,146.452,0.8,20.1,11.5,0,3.9
11,summer,small,high,8.4,10.2,26.76,1.287,206.53799,35.333,40.667,2.8,0,1.7,49.4,0
12,autumn,large,low,8.15,8.1,16,0.91,101.25,12,262.72699,1,14.7,0,0,0
13,winter,small,high,8.1,7.7,13,1.223,27.286,24,188.66701,8.155,10.4,0,0,0
14,autumn,medium,high,7.72,10.2,61.05,8.759,15,57.6,624.73297,3.6,6.4,0,17.2,6
15,summer,medium,low,8,9.8,NA,3.245,46.2,102,7.2,17.491,7.5,0,16.6,2.2
16,summer,medium,high,7.29,3.2,4.7,3.444,21.571,4.25,98.25,1.1,5,5,17.8,0
17,spring,small,medium,7.6,8,7,3.561,429.20001,18.667,75.207,0.6,21.5,1.2,0,0
18,autumn,large,high,7.14,9.2,NA,1.443,98.182,18.25,254.60001,5.2,11.6,1.9,0,0
19,summer,medium,medium,7.35,6.3,29.775,0.445,24064,2.5,27.5,1.1,0,0,16.7,0
20,spring,medium,high,8.7,10.7,5,2.818,245,191.75,287,11.7,1,4.6,0,1.4
21,spring,medium,low,9.1,10.7,3.5,4.825,32.5,467.5,586,7.9,4.6,0,0,1
22,winter,large,low,7.4,9.2,44.205,3.14,124.167,48.625,285.71399,18.3,1.6,1.6,0,4.9
23,autumn,small,medium,7.6,6,29.5,3.14,10,125.667,18,7.6,5.9,0,0,1
24,winter,medium,high,8.5,5.3,50,4.17,46.5,53.625,130.75,3.2,0,0,0,2.7
25,summer,small,high,7.09,3.3,63.51,5.13,11.111,41.5,88.5,0.6,5.6,3.5,0,0
26,spring,small,high,8.21,10.3,31.091,3.976,165,15.6,49.333,3,19.6,0,10.1,0
27,winter,medium,low,7.925,10.6,32.056,2.304,34,16.8,61.444,2,4.1,2,6.8,0
28,summer,large,high,6.8,10.1,101.875,0.63,20,34.636,NA,75,1.4,0,1.4,0
29,winter,small,high,8,9.6,53.425,3.617,40,27.667,69.93,13.1,0,0,0,1
30,autumn,small,medium,8.4,4.9,2.933,8.543,931.83301,2.5,279.06601,0.5,0,5.7,17.1,1.1
31,autumn,medium,medium,7,9.6,125.6,3.33,60,36.3,142,2,5.5,0,0,7.8
32,summer,medium,medium,8.2,10.4,32.3,3.78,60,132.5,123.333,19.4,0,0,11.1,6
33,spring,small,high,7.6,10.7,9,1.474,18.429,120.5,102.571,21.22,8.7,0,33.2,1.2
34,spring,small,medium,8.47,10.29,53,0.406,10,20,253.25,31.738,1,6.8,0,0
35,winter,large,medium,7.9,6.7,65.75,3.316,3466.65991,34.5,72.9,5.45,0,0,0,2.2
36,winter,medium,high,8.5,12.1,53.333,4.188,1729,412.33301,175.04601,1.3,3.8,0,0,1.5
37,autumn,small,medium,8.8,12.5,49.625,2.55,142,104.222,14.354,0.2,0,0,0,2.4
38,winter,small,high,8.7,8.2,1.17,4.99,43.75,51.111,3,0.8,1.7,1.1,0,0
39,summer,medium,high,7.9,11.7,26,2.64,65.556,196.62,141.83299,6.209,12.7,3.7,31.8,0
40,spring,small,medium,8,11.1,10.975,4.665,228.75,16.833,183.66701,17.2,3.1,0,0,0
41,winter,small,high,8.6,11.2,2.75,10.416,102.75,136.75,205.875,3.7,25.4,0,0,7.2
42,autumn,medium,high,7.91,NA,54.19,1.013,60.11,48,213,10.5,36.6,3.7,0,0
43,autumn,large,low,6.6,8.4,9.055,0.376,10.5,2,124.2,22.5,3.1,0,0,1.6
44,summer,small,high,7.7,8.8,7,4.508,225,276.85001,108,6.167,0,0,42.4,0
45,winter,small,low,7.9,11.3,69.75,2.586,42,159.5,61.6,3.9,28.2,3.5,0,2.7
46,autumn,small,high,8.3,9.8,10.5,4.03,3515,7.75,50,3.3,0,0,0,0
47,winter,small,medium,8,7.1,NA,1.875,27.5,30.75,317,41,0,0,2,1.4
48,winter,small,high,8,6.2,34.037,1.374,178.57001,13,276,18.37,0,0,0,0
49,winter,medium,medium,8.27,8.6,9,0.825,40,27,58.374,1.3,0,8.3,0,0
50,winter,small,medium,8.1,11.21,6.3,3.734,370,51.75,20.812,NA,2.6,2.3,15.8,1.6
51,winter,medium,high,7.4,11.5,151.83299,5.164,10,12.75,186,2.1,0,0,29.5,1.4
52,summer,large,high,8.66,6.3,9,4.459,33.636,428.75,361,1.5,0,1.4,42.1,0
53,spring,large,medium,7.4,11,NA,1.732,105.556,180.66701,34,0.4,40.9,1.8,0,0
54,summer,large,medium,7.2,11.17,66.3,5.099,18.333,41.3,11.818,5.5,0,3.7,0,0
55,winter,medium,medium,8.84,9.2,NA,5.456,208.33299,62.625,6.5,NA,10.5,1,0,0
56,winter,large,medium,5.6,9.9,3.86,1.448,131.66701,175.66701,16,4.3,0,0,17,0
57,winter,small,high,8.7,9.6,3,0.102,10,1,1,NA,4.6,0,0,2.9
58,summer,small,high,9.06,9,22.35,0.642,1990.16003,234.5,6,11.1,5.4,6.6,0,0
59,spring,medium,high,8.5,6.5,43.97,3.414,345.45499,2,102.333,7.3,1.9,1.4,0,0
60,spring,small,medium,7.5,9.7,22.286,2.231,39,1,277.33301,17.2,12,0,4.7,0
61,summer,large,medium,8.7,3.4,NA,5.099,137,26,85,15.6,0,0,0,0
62,summer,small,medium,7.5,8.9,47,3.07,18,1.625,44.136,3,12.7,0,0,7.1
63,spring,small,medium,7.45,12.9,187.183,1.203,758.75,36,111.75,2.1,3.4,0,1.4,0
64,winter,medium,high,7.84,11.62,8,2.805,10,2,6.75,3.1,4.3,0,0,1.4
65,winter,large,high,7.8,11.3,4.326,1.172,160,104.5,275.14301,93.683,0,44.6,1.9,1.2
66,winter,large,low,8.24,9.7,12,0.672,578,1.333,228.364,6.429,14.5,2.1,0,1.4
67,winter,small,medium,8.22,6.2,21.95,3.31,5738.33008,1.25,85.4,4.5,2.1,0,4.1,0
68,autumn,small,high,8,8.5,1.45,6.2,51.111,20.667,125.8,NA,16.4,0,0,3.2
69,spring,medium,high,8.2,6.5,82.852,2.102,96.833,220.75,351.60001,1.2,1,0,0,2.4
70,spring,medium,medium,7.5,10.7,39.109,1.288,146.66701,38.625,46.438,0.8,4.9,1.3,0,3.3
71,autumn,large,high,8.1,8.4,27.233,2.67,215.556,151.125,61.5,34.75,0,1,0,0
72,spring,large,low,6.4,8.4,NA,6.096,2167.37012,1,152.33299,22.5,7.4,4,5.9,1.4
73,summer,medium,low,8,3.6,69,5.078,103.333,66.4,81.558,12.1,31.9,0,21.4,0
74,spring,large,medium,8,6.2,10.936,6.64,83.75,205.636,249.25,20.87,2,2.2,5.1,0
75,spring,medium,high,8.3,10.4,129.375,1.588,137.27299,159.16701,215.5,2.338,0,0,0,1
76,winter,large,medium,6.6,9.4,87,5.442,32.5,39,39,NA,1.7,1,0,0
77,autumn,medium,high,9.1,10.8,12.182,7.74,84.667,109,197.14301,54.367,8,0,0,2.5
78,winter,medium,high,8.4,7.3,63.292,0.735,133.636,54.1,76.333,18.33,17.1,1,0,2.2
79,spring,small,high,8.07,8.1,4.545,0.658,20,37.375,11.8,68.05,0,11.3,15.7,4.1
80,winter,medium,low,8.7,11.1,11,4.535,5.8,12.75,66.75,NA,21.6,0,6.9,0
81,autumn,medium,medium,7.8,10.5,88,NA,215.714,44.667,284,5.544,0,4.6,6.8,1.5
82,spring,large,high,7.3,5.4,28.333,4.93,96.667,1,56.091,1.1,3.4,0,0,0
83,autumn,medium,high,7.4,10.8,10.4,0.267,12.727,7.667,111.375,4.9,0,1,6.4,10.2
84,summer,medium,medium,5.7,9.9,14.32,1.051,49.5,27.5,6,72.478,2.9,4.3,0,7
85,summer,medium,medium,7.9,4.4,12.536,1.32,647.57001,55,187.05701,3.3,28,1.4,0,1.6
86,spring,small,medium,7.6,4.9,53,0.846,81,181,35.2,0.8,15.7,0,4.5,2.3
87,winter,large,high,6.5,11.7,127.833,0.308,38.111,27,26,3.2,0,2.2,9.9,1.9
88,winter,large,medium,8.5,13.4,22.32,0.921,112.857,209.85699,244,92.667,12.7,0,0,2.4
89,summer,small,medium,7.6,11.7,71.444,3.833,172.5,37,391.75,8.1,0,0,9.9,2.2
90,winter,small,high,8.2,11.3,130.67,3.85,271.25,6,177.625,5.8,13.2,0,7.5,6.8
91,autumn,medium,medium,8.2,12.1,20.083,3.318,125.333,267.75,77.434,4.3,0,0,12.4,0
92,winter,small,high,7.6,7.9,50,2.302,2082.8501,59.429,265.25,14.775,3.9,5.3,0,0
93,spring,small,high,7.9,10.77,8,3.765,914,144.66701,23.485,NA,8.6,1.7,10.6,0
94,winter,medium,low,8.87,7.6,85.982,2.443,1168,23,75.333,23.8,0,0,17,25.6
95,spring,medium,high,7.8,NA,NA,4.94,205.66701,6.5,218,3.8,0,0,20.4,0
96,winter,medium,medium,8.43,10.5,46.167,1.572,175,23,116.2,20.829,19.6,4.4,8.3,0
97,spring,medium,medium,8.5,10.68,57.75,1.519,244.60001,16,186.5,13.1,2.1,0,0,6.1
98,winter,medium,low,8.9,5.9,57.75,2.323,10,75.875,246.66701,30.4,16.2,3.4,0,0
99,summer,small,high,7.74,9.5,94,7.195,37.778,10,272.22198,2,0,0,0,2.7
100,spring,small,medium,9.1,9.9,19.22,0.73,90,38.75,105.727,NA,0,2.2,0,2.4
101,winter,large,medium,7.7,7.1,1.549,4.408,122.5,111.25,239,5.233,0,2.2,15.8,1.7
102,winter,small,medium,7.8,11.7,38.125,0.758,308.75,22.444,771.59998,2,1.2,4.6,2.6,4.3
103,summer,small,high,8.1,8.7,65.333,2.899,371.11099,84.3,269.66699,0.8,4.3,0,0,0
104,spring,large,medium,8,3.6,36.248,3.678,1386.25,3.8,170,28.567,0,0,0,30.1
105,summer,medium,medium,8.5,10.1,194.75,0.77,227.60001,182.42,200.231,21.9,0,0,3.6,3.2
106,summer,small,high,8.7,10.5,48.429,9.773,4073.33008,197.83299,201.778,12.32,16,0,5.4,0
107,spring,small,high,8.1,9.8,73.25,3.978,25,10.667,122,65.7,5.8,0,0,14.4
108,winter,medium,high,8.5,8.8,8.3,1.726,34.333,85.5,344.60001,50.225,2.9,3.2,2.6,12.5
109,winter,medium,high,8.43,10.8,8.69,1.655,723.66699,3.222,22.9,25,0,12.7,0,0
110,winter,medium,medium,8.16,7,0.8,6.045,128.571,9.667,127.222,6.8,38.8,0,0,0
111,spring,medium,low,7.93,11.6,45.273,1.534,192.5,564.59998,56.667,2,15.9,0,64.6,1
112,summer,large,high,8.3,8.8,22.455,4.87,51.429,53,169.00101,0.5,0,0,7.9,0
113,winter,medium,medium,8.1,11.3,51.113,NA,643,7.4,16.662,26.8,0,0,5.5,16.7
114,winter,medium,medium,8.05,10,23.25,2.954,118.571,NA,326.85699,1.1,1.7,0,0,3.4
115,autumn,medium,medium,7.9,10.5,57.848,3.9,89.6,282.16699,11,6.8,0,0,0,0
116,spring,small,high,6.6,10.8,7.333,8.984,102.5,12.889,17,2,0,2.4,0,0
117,spring,medium,high,NA,8.2,40.167,1.003,76,143.71001,101.455,21,0,2.6,22.3,2
118,autumn,small,medium,8.3,8.1,74.667,9.715,421.66699,3.545,NA,24.556,0,1.2,8.5,0
119,winter,medium,low,8.3,9.8,17.75,3.02,5,102.333,432.909,24.917,13.7,0,0,0
120,spring,small,high,8.58,6.6,64.093,6.225,92,1,121,5.555,72.6,7.6,0,0
121,autumn,small,high,8.6,6,55.35,1.51,123.333,28.625,154.125,0.5,18.4,0,1.2,1.9
122,summer,medium,low,8.3,7.1,42.636,1.208,56.364,166.72701,56.667,31,8.9,0,1.6,5.2
123,spring,small,medium,7.8,8.3,38.902,2.978,20,102.364,222.286,5.111,0,2.5,1,1.9
124,summer,small,low,7.4,10.7,49.9,1.212,12.5,36.909,120.889,0.8,0,0,12.7,0
125,winter,small,high,8.3,8.3,20.625,0.23,132.25,4,19,1.4,7,0,7,0
126,summer,small,medium,8.1,10.7,81.333,2.603,486.5,105,6.667,0.5,9.6,1.9,0,0
127,summer,small,medium,8,12.6,27.4,2.316,246.364,87.333,46.6,13,0,5,3.9,6.1
128,spring,medium,medium,7.9,6.9,10.207,9.248,10,32,6,0.3,4.6,0,13.1,6.6
129,summer,small,high,8.1,10,77,0.381,27.069,25.167,303.33301,0.5,3.8,4.1,0,1
130,winter,medium,high,7.4,11.8,3.136,1.335,25.833,261.60001,138.5,3.6,22,1.9,2.2,1.4
131,autumn,small,high,7.75,7.7,54.143,0.735,NA,48.667,116.2,3,0,0,1.2,18.6
132,summer,small,medium,9,10.5,63.625,0.23,28.333,77.333,304,8.957,41,0,0,0
133,summer,large,high,7.8,11.1,41.5,1.67,37.5,4,47,0.6,7.3,0,9.6,2.4
134,winter,small,medium,7.61,10,32.92,5.694,54.75,151.33299,292.625,0.3,15.2,5,11.5,5.5
135,spring,small,high,7.9,11.9,2.2,0.81,176.66701,346.16699,52.875,2.5,20.6,1.2,7.1,0
136,autumn,medium,medium,9.5,11,16,1.87,15,58.875,58.623,98.817,26.5,0,0,1.2
137,spring,small,medium,7.77,8.5,35.66,2.163,8777.59961,104.727,194.10001,16,0,7.8,0,0
138,winter,medium,high,8.3,4.5,11,0.826,124,32.5,233.5,3,0,0,0,2.1
139,spring,medium,low,7.55,11.8,31,0.673,155,24.667,98.143,3,0,1,0,0
140,autumn,small,high,7.3,11.7,10.556,0.9,22.5,16,167.89999,2.8,5,0,0,0
141,summer,large,high,7.3,9.8,5.273,4.698,196.66701,9,10.75,0.3,0,0,4.7,0
142,summer,medium,medium,7.4,9.5,5.889,6.513,627.27301,3,86.997,15.3,1.2,0,32.9,5.8
143,spring,small,high,8.3,5.3,11.818,0.923,380,4,14,0.5,38.5,4.3,1.4,9.7
144,spring,medium,high,8.7,10.9,23.825,1.587,920,19.111,235.66701,1.4,1.4,6.2,1.8,0
145,spring,medium,medium,7.83,5.5,17.375,2.822,1911,60.833,147.83299,14.7,0,6.8,17.7,31.6
146,autumn,medium,medium,8,11.6,12.146,0.996,98.333,64.389,79.75,9.882,4,2.6,18.2,0
147,spring,large,high,8.1,5.8,NA,0.13,161.81799,246,211.66701,1.7,6.7,13.4,0,4.2
148,winter,medium,high,8.4,11.1,173.75,3.829,217.75,60,82.444,32,21.1,0,0,3.6
149,winter,medium,medium,7.7,6,139.989,2.512,505,100,252.5,16,0,2.2,0,0
150,winter,medium,high,7.8,10.5,0.222,0.33,91.833,238.2,232.83299,4.3,21.7,0,6.2,2.9
151,summer,medium,high,8.5,11,39,2.273,14.75,144,10.111,22.7,12.4,0,5.1,0
152,winter,medium,high,8.5,10.3,94.405,3.923,52.2,26.6,17.333,9,0,3.4,32.1,0
153,autumn,medium,medium,8.4,11.8,56.717,1.718,54.778,20,57.833,27.618,0,2.2,77.6,0
154,spring,medium,low,8.2,9,104.818,2.22,196,97.333,75.904,3.5,5.2,0,0,3.2
155,autumn,medium,low,7.8,10.53,100.83,2.942,101,19.111,255.28,2,1.9,1.2,3.3,1.9
156,winter,medium,high,7.8,3.2,70,4.82,255,16,4,5.2,1.5,1.7,0,0
157,autumn,small,medium,7.5,12.5,30.125,3.685,430,45.9,221.278,2.15,1,11,0,1.9
158,autumn,medium,medium,8.4,10.5,13.5,0.941,110,39,2.5,1.3,12.5,0,0,15.1
159,autumn,large,high,8.53,7.9,11.867,4.908,224.286,37.857,54.916,1,14.6,4.6,0,1.4
160,winter,medium,high,9.7,11.5,32.54,4.86,6400,47.5,320.39999,6.5,0,0,0,0
161,autumn,large,low,8.6,9.5,391.5,4.053,43.75,61.182,313.60001,20.6,0,0,0,3.9
162,spring,medium,medium,8.1,5.7,30.523,1.535,32.727,12.75,143.75,2.9,4.7,2.9,0,1.9
163,summer,medium,low,9.1,10.2,4.083,0.663,10,173,87.125,11.84,2.1,0,0,1.7
164,spring,small,medium,7.7,13.1,136,0.886,1131.66003,8.6,71,2.7,0,1.2,0,2.7
165,autumn,large,high,7.78,11.7,39,3.235,101.667,14.667,127,6.9,0,0,0,0
166,spring,large,high,7.83,4.8,26,1.328,10,78.333,21.3,2.5,0,0,0,0
167,spring,small,low,8.8,11.8,10.078,7.83,NA,NA,84,NA,11.2,0,2.4,1.9
168,summer,medium,medium,8.3,6.8,82.857,0.536,134,137.60001,607.16699,40,0,0,0,0
169,autumn,large,high,8.3,8.9,82.111,45.65,130,61.556,45,4,0,0,8.7,22.1
170,spring,small,low,8.06,10.8,79.077,9.08,28,10.8,6.2,9.384,4.1,3,52.5,0
171,summer,small,high,7.44,6.1,95.367,1.415,236,3.333,84.46,20.578,3.9,2,12.6,0
172,spring,large,medium,8.15,9.3,47.778,0.701,1081.66003,1.8,23,3,28,4,5.9,1.7
173,winter,medium,high,8.7,4.5,6.167,1.715,103,82.222,3,5.609,21.5,1.7,5.5,0
174,spring,small,medium,8.2,7.4,53.102,0.05,62.5,50.889,137.778,22.9,9.1,2.7,0,0
175,autumn,medium,medium,7.7,10.6,208.364,1.651,197.909,55,7,53.1,4.1,0,13.2,0
176,winter,medium,medium,8.3,6.35,43,7.16,96.667,10.583,6,20.8,7,0,0,0
177,autumn,small,low,8.35,7.1,131.39999,3.02,58.5,16,132.54601,15,0,0,0,0
178,autumn,medium,high,7.57,9.9,35.75,1.921,12.5,7.3,14,0.8,9.7,2.4,0,3.3
179,winter,medium,low,8.4,12,5.326,3.2,53.846,71,115,5.083,8,4.9,0,0
180,winter,large,high,9,10.1,58.331,4.071,103.333,264.89999,18.293,27.5,0,0,0,0
181,winter,small,medium,7.8,9.8,7.613,8.688,16.2,45,19,5.62,40.7,7.7,0,0
182,summer,large,medium,8.06,7.6,7.25,3.908,76.667,67.5,7.654,3.2,1.9,0,0,0
183,summer,medium,high,8.6,10.7,7,0.866,32,49,15,2.86,11.3,0,0,0
184,winter,small,medium,7.2,9.4,34.5,5.41,88.182,27.25,236,6.4,2.7,0,2.7,0
185,summer,large,medium,8.1,9.8,40.226,0.699,66.667,12,72.696,2,0,28.8,8.3,0
186,summer,large,low,8.4,10.8,2.111,3.726,109,221.89999,89.625,46.075,0,0,4.6,1.7
187,winter,small,low,7.6,11.8,59.067,0.461,170.909,54,171.272,1,0,0,1.5,0
188,winter,medium,high,8,8.2,32.4,3.773,35,51.125,11,1,0,2.1,1.5,10.8
189,spring,medium,medium,8.55,9.8,43.09,3.73,82.1,51.111,97.58,NA,16,0,3.1,0
190,autumn,large,medium,8.3,6,12.778,3.351,17.778,75,40,4.5,0,0,1.2,0
191,spring,medium,low,7.3,11.4,15.541,5.414,124.364,13,60,NA,6,0,0,5.9
192,spring,medium,high,8.1,10.2,60.8,1.873,120,19.727,50.455,4.667,32.8,0,0,2.1
193,summer,large,medium,8.56,9,15,6.54,153.75,72,173.75,0.8,2.1,0,0,0
194,autumn,medium,medium,7.9,11.1,37.6,1.527,239,236.39999,91.111,30,1.7,0,0,1
195,spring,medium,medium,7.62,9.7,12.444,4.555,461.875,9,296,3,13.2,4.8,1.5,31.2
196,winter,medium,medium,8.4,10.8,7.838,1.47,153,44,232.89999,110.456,12,0,10.3,0
197,summer,large,medium,8.1,10.6,48.667,2.31,65.455,61.25,219.909,11.6,1.5,0,8.2,1
198,winter,large,medium,8.2,9.4,41.25,2.68,737.5,70,140.22,2.3,0,0,0,0
199,autumn,small,high,8,1.8,64,0.86,1495,22.2,20.75,4.5,12,0,0,0
200,summer,large,high,6.6,9.9,77.364,2.8,120,64,140.517,NA,0,0,1.6,1.2
3)
winter     small     medium     8.00000     9.40000     41.16300     6.23800     31.33300     187.00000     13.60000     50.00000     0.00000     5.40000     0.00000     1.00000     34.20000     0.00000     1.40000
spring     large     low     7.50000     10.90000     29.20000     5.97000     49.00000     33.80000     558.75000     7.30000     2.20000     0.00000     4.10000     2.40000     4.10000     0.00000     0.00000
autumn     large     low     8.25000     11.40000     40.02000     5.33000     346.66699     46.66700     388.16699     81.54000     1.40000     53.60000     2.10000     3.50000     0.00000     42.70000     0.00000
spring     small     medium     7.79000     11.10000     11.08800     1.72000     13.50000     5.00000     138.70000     0.30000     10.30000     0.00000     18.90000     1.90000     5.70000     0.00000     2.90000
autumn     small     low     7.90000     9.00000     5.83000     1.42000     233.70000     58.22200     43.50000     13.20000     14.60000     5.60000     12.90000     0.00000     0.00000     0.00000     1.20000
spring     medium     low     7.19000     1.50000     44.00000     3.77800     92.37500     3.00000     13.20000     28.40000     15.80000     7.60000     2.40000     1.20000     0.00000     22.90000     3.90000
summer     medium     medium     8.30000     10.30000     47.22900     5.13200     235.00000     26.62500     11.50000     88.25500     0.00000     0.00000     3.20000     3.90000     2.70000     4.50000     0.00000
summer     small     medium     7.80000     10.60000     3.27500     6.18800     8.00000     31.33300     214.00000     0.90000     18.20000     0.00000     3.90000     0.00000     9.90000     0.00000     0.00000
autumn     large     medium     8.60000     7.80000     XXXXXXX     1.32000     122.85000     21.08300     104.00000     10.00000     54.00000     21.70000     7.50000     6.90000     0.00000     6.70000     2.10000
I love this class
summer     small     high     8.40000     10.20000     26.76000     1.28700     206.53799     35.33300     40.66700     2.80000     14.70000     0.00000     3.30000     1.70000     1.90000     49.40000     0.00000
autumn     large     low     8.15000     8.10000     16.00000     0.91000     101.25000     12.00000     262.72699     1.00000     32.10000     14.70000     5.00000     0.00000     0.00000     0.00000     0.00000
winter     small     high     8.10000     7.70000     13.00000     1.22300     27.28600     24.00000     188.66701     8.15500     2.00000     10.40000     0.00000     0.00000     0.00000     0.00000     0.00000
autumn     medium     high     7.72000     10.20000     61.05000     8.75900     15.00000     57.60000     624.73297     3.60000     0.00000     6.40000     10.60000     0.00000     1.90000     17.20000     6.00000
summer     medium     low     8.00000     9.80000     XXXXXXX     3.24500     46.20000     102.00000     7.20000     17.49100     1.90000     7.50000     9.00000     0.00000     0.00000     16.60000     2.20000
summer     medium     high     7.29000     3.20000     4.70000     3.44400     21.57100     4.25000     98.25000     1.10000     1.50000     5.00000     1.70000     5.00000     28.80000     17.80000     0.00000
spring     small     medium     7.60000     8.00000     7.00000     3.56100     429.20001     18.66700     75.20700     0.60000     1.20000     21.50000     0.00000     1.20000     5.80000     0.00000     0.00000
autumn     large     high     7.14000     9.20000     XXXXXXX     1.44300     98.18200     18.25000     254.60001     5.20000     3.10000     11.60000     35.10000     1.90000     7.70000     0.00000     0.00000
summer     medium     medium     7.35000     6.30000     29.77500     0.44500     24064.00000     2.50000     27.50000     1.10000     7.60000     0.00000     9.90000     0.00000     2.90000     16.70000     0.00000
spring     medium     high     8.70000     10.70000     5.00000     2.81800     245.00000     191.75000     287.00000     11.70000     35.50000     1.00000     0.00000     4.60000     0.00000     0.00000     1.40000
spring     medium     low     9.10000     10.70000     3.50000     4.82500     32.50000     467.50000     586.00000     7.90000     2.90000     4.60000     0.00000     0.00000     0.00000     0.00000     1.00000
winter     large     low     7.40000     9.20000     44.20500     3.14000     124.16700     48.62500     285.71399     18.30000     46.20000     1.60000     0.00000     1.60000     2.70000     0.00000     4.90000
autumn     small     medium     7.60000     6.00000     29.50000     3.14000     10.00000     125.66700     18.00000     7.60000     24.00000     5.90000     0.00000     0.00000     1.20000     0.00000     1.00000
winter     medium     high     8.50000     5.30000     50.00000     4.17000     46.50000     53.62500     130.75000     3.20000     0.00000     0.00000     0.00000     0.00000     0.00000     0.00000     2.70000
summer     small     high     7.09000     3.30000     63.51000     5.13000     11.11100     41.50000     88.50000     0.60000     0.00000     5.60000     1.20000     3.50000     0.00000     0.00000     0.00000
spring     small     high     8.21000     10.30000     31.09100     3.97600     165.00000     15.60000     49.33300     3.00000     4.10000     19.60000     0.00000     0.00000     9.40000     10.10000     0.00000
winter     medium     low     7.92500     10.60000     32.05600     2.30400     34.00000     16.80000     61.44400     2.00000     7.00000     4.10000     2.60000     2.00000     2.40000     6.80000     0.00000
summer     large     high     6.80000     10.10000     101.87500     0.63000     20.00000     34.63600     XXXXXXX     75.00000     30.30000     1.40000     0.00000     0.00000     2.70000     1.40000     0.00000
winter     small     high     8.00000     9.60000     53.42500     3.61700     40.00000     27.66700     69.93000     13.10000     46.60000     0.00000     4.80000     0.00000     7.70000     0.00000     1.00000
autumn     small     medium     8.40000     4.90000     2.93300     8.54300     931.83301     2.50000     279.06601     0.50000     33.90000     0.00000     11.80000     5.70000     0.00000     17.10000     1.10000
autumn     medium     medium     7.00000     9.60000     125.60000     3.33000     60.00000     36.30000     142.00000     2.00000     42.50000     5.50000     0.00000     0.00000     1.00000     0.00000     7.80000
summer     medium     medium     8.20000     10.40000     32.30000     3.78000     60.00000     132.50000     123.33300     19.40000     29.70000     0.00000     1.90000     0.00000     4.00000     11.10000     6.00000
spring     small     high     7.60000     10.70000     9.00000     1.47400     18.42900     120.50000     102.57100     21.22000     0.00000     8.70000     0.00000     0.00000     0.00000     33.20000     1.20000
spring     small     medium     8.47000     10.29000     53.00000     0.40600     10.00000     20.00000     253.25000     31.73800     24.80000     1.00000     1.50000     6.80000     11.30000     0.00000     0.00000
winter     large     medium     7.90000     6.70000     65.75000     3.31600     3466.65991     34.50000     72.90000     5.45000     5.30000     0.00000     1.00000     0.00000     5.30000     0.00000     2.20000
winter     medium     high     8.50000     12.10000     53.33300     4.18800     1729.00000     412.33301     175.04601     1.30000     16.80000     3.80000     0.00000     0.00000     6.10000     0.00000     1.50000
autumn     small     medium     8.80000     12.50000     49.62500     2.55000     142.00000     104.22200     14.35400     0.20000     12.70000     0.00000     5.60000     0.00000     1.40000     0.00000     2.40000
winter     small     high     8.70000     8.20000     1.17000     4.99000     43.75000     51.11100     3.00000     0.80000     12.60000     1.70000     2.00000     1.10000     35.60000     0.00000     0.00000
summer     medium     high     7.90000     11.70000     26.00000     2.64000     65.55600     196.62000     141.83299     6.20900     43.50000     12.70000     0.00000     3.70000     11.20000     31.80000     0.00000
spring     small     medium     8.00000     11.10000     10.97500     4.66500     228.75000     16.83300     183.66701     17.20000     51.80000     3.10000     7.50000     0.00000     0.00000     0.00000     0.00000
winter     small     high     8.60000     11.20000     2.75000     10.41600     102.75000     136.75000     205.87500     3.70000     0.00000     25.40000     5.00000     0.00000     0.00000     0.00000     7.20000
autumn     medium     high     7.91000     XXXXXXX     54.19000     1.01300     60.11000     48.00000     213.00000     10.50000     0.00000     36.60000     1.00000     3.70000     3.20000     0.00000     0.00000
autumn     large     low     6.60000     8.40000     9.05500     0.37600     10.50000     2.00000     124.20000     22.50000     39.70000     3.10000     0.00000     0.00000     12.40000     0.00000     1.60000
summer     small     high     7.70000     8.80000     7.00000     4.50800     225.00000     276.85001     108.00000     6.16700     32.80000     0.00000     2.70000     0.00000     0.00000     42.40000     0.00000
winter     small     low     7.90000     11.30000     69.75000     2.58600     42.00000     159.50000     61.60000     3.90000     0.00000     28.20000     1.40000     3.50000     20.80000     0.00000     2.70000
autumn     small     high     8.30000     9.80000     10.50000     4.03000     3515.00000     7.75000     50.00000     3.30000     29.50000     0.00000     0.00000     0.00000     4.10000     0.00000     0.00000
winter     small     medium     8.00000     7.10000     XXXXXXX     1.87500     27.50000     30.75000     317.00000     41.00000     2.40000     0.00000     1.20000     0.00000     3.50000     2.00000     1.40000
winter     small     high     8.00000     6.20000     34.03700     1.37400     178.57001     13.00000     276.00000     18.37000     1.90000     0.00000     3.30000     0.00000     0.00000     0.00000     0.00000
winter     medium     medium     8.27000     8.60000     9.00000     0.82500     40.00000     27.00000     58.37400     1.30000     15.10000     0.00000     3.30000     8.30000     0.00000     0.00000     0.00000
winter     small     medium     8.10000     11.21000     6.30000     3.73400     370.00000     51.75000     20.81200     XXXXXXX     0.00000     2.60000     0.00000     2.30000     8.00000     15.80000     1.60000
winter     medium     high     7.40000     11.50000     151.83299     5.16400     10.00000     12.75000     186.00000     2.10000     6.50000     0.00000     0.00000     0.00000     0.00000     29.50000     1.40000
summer     large     high     8.66000     6.30000     9.00000     4.45900     33.63600     428.75000     361.00000     1.50000     1.70000     0.00000     10.30000     1.40000     15.00000     42.10000     0.00000
spring     large     medium     7.40000     11.00000     XXXXXXX     1.73200     105.55600     180.66701     34.00000     0.40000     89.80000     40.90000     1.60000     1.80000     0.00000     0.00000     0.00000
summer     large     medium     7.20000     11.17000     66.30000     5.09900     18.33300     41.30000     11.81800     5.50000     7.80000     0.00000     0.00000     3.70000     0.00000     0.00000     0.00000
winter     medium     medium     8.84000     9.20000     XXXXXXX     5.45600     208.33299     62.62500     6.50000     XXXXXXX     41.00000     10.50000     1.20000     1.00000     1.40000     0.00000     0.00000
winter     large     medium     5.60000     9.90000     3.86000     1.44800     131.66701     175.66701     16.00000     4.30000     0.00000     0.00000     19.50000     0.00000     0.00000     17.00000     0.00000
winter     small     high     8.70000     9.60000     3.00000     0.10200     10.00000     1.00000     1.00000     XXXXXXX     25.40000     4.60000     0.00000     0.00000     0.00000     0.00000     2.90000
summer     small     high     9.06000     9.00000     22.35000     0.64200     1990.16003     234.50000     6.00000     11.10000     17.10000     5.40000     0.00000     6.60000     6.60000     0.00000     0.00000
spring     medium     high     8.50000     6.50000     43.97000     3.41400     345.45499     2.00000     102.33300     7.30000     39.70000     1.90000     3.00000     1.40000     0.00000     0.00000     0.00000
spring     small     medium     7.50000     9.70000     22.28600     2.23100     39.00000     1.00000     277.33301     17.20000     54.40000     12.00000     0.00000     0.00000     0.00000     4.70000     0.00000
summer     large     medium     8.70000     3.40000     XXXXXXX     5.09900     137.00000     26.00000     85.00000     15.60000     0.00000     0.00000     0.00000     0.00000     0.00000     0.00000     0.00000
summer     small     medium     7.50000     8.90000     47.00000     3.07000     18.00000     1.62500     44.13600     3.00000     12.50000     12.70000     0.00000     0.00000     7.40000     0.00000     7.10000
spring     small     medium     7.45000     12.90000     187.18300     1.20300     758.75000     36.00000     111.75000     2.10000     1.10000     3.40000     5.40000     0.00000     0.00000     1.40000     0.00000
winter     medium     high     7.84000     11.62000     8.00000     2.80500     10.00000     2.00000     6.75000     3.10000     69.90000     4.30000     1.00000     0.00000     2.10000     0.00000     1.40000
winter     large     high     7.80000     11.30000     4.32600     1.17200     160.00000     104.50000     275.14301     93.68300     64.90000     0.00000     7.80000     44.60000     0.00000     1.90000     1.20000
winter     large     low     8.24000     9.70000     12.00000     0.67200     578.00000     1.33300     228.36400     6.42900     0.00000     14.50000     1.70000     2.10000     6.50000     0.00000     1.40000
winter     small     medium     8.22000     6.20000     21.95000     3.31000     5738.33008     1.25000     85.40000     4.50000     24.80000     2.10000     42.80000     0.00000     6.10000     4.10000     0.00000
autumn     small     high     8.00000     8.50000     1.45000     6.20000     51.11100     20.66700     125.80000     XXXXXXX     6.90000     16.40000     2.50000     0.00000     1.10000     0.00000     3.20000
spring     medium     high     8.20000     6.50000     82.85200     2.10200     96.83300     220.75000     351.60001     1.20000     4.40000     1.00000     0.00000     0.00000     0.00000     0.00000     2.40000
spring     medium     medium     7.50000     10.70000     39.10900     1.28800     146.66701     38.62500     46.43800     0.80000     13.60000     4.90000     0.00000     1.30000     0.00000     0.00000     3.30000
autumn     large     high     8.10000     8.40000     27.23300     2.67000     215.55600     151.12500     61.50000     34.75000     16.80000     0.00000     21.90000     1.00000     9.00000     0.00000     0.00000
spring     large     low     6.40000     8.40000     XXXXXXX     6.09600     2167.37012     1.00000     152.33299     22.50000     3.60000     7.40000     0.00000     4.00000     0.00000     5.90000     1.40000
summer     medium     low     8.00000     3.60000     69.00000     5.07800     103.33300     66.40000     81.55800     12.10000     5.90000     31.90000     0.00000     0.00000     0.00000     21.40000     0.00000
spring     large     medium     8.00000     6.20000     10.93600     6.64000     83.75000     205.63600     249.25000     20.87000     52.20000     2.00000     2.40000     2.20000     9.50000     5.10000     0.00000
spring     medium     high     8.30000     10.40000     129.37500     1.58800     137.27299     159.16701     215.50000     2.33800     12.30000     0.00000     19.70000     0.00000     8.20000     0.00000     1.00000
winter     large     medium     6.60000     9.40000     87.00000     5.44200     32.50000     39.00000     39.00000     XXXXXXX     2.20000     1.70000     3.70000     1.00000     0.00000     0.00000     0.00000
autumn     medium     high     9.10000     10.80000     12.18200     7.74000     84.66700     109.00000     197.14301     54.36700     25.50000     8.00000     0.00000     0.00000     2.50000     0.00000     2.50000
winter     medium     high     8.40000     7.30000     63.29200     0.73500     133.63600     54.10000     76.33300     18.33000     3.40000     17.10000     23.20000     1.00000     0.00000     0.00000     2.20000
spring     small     high     8.07000     8.10000     4.54500     0.65800     20.00000     37.37500     11.80000     68.05000     3.30000     0.00000     4.10000     11.30000     5.50000     15.70000     4.10000
winter     medium     low     8.70000     11.10000     11.00000     4.53500     5.80000     12.75000     66.75000     XXXXXXX     37.30000     21.60000     0.00000     0.00000     5.40000     6.90000     0.00000
autumn     medium     medium     7.80000     10.50000     88.00000     XXXXXXX     215.71400     44.66700     284.00000     5.54400     0.00000     0.00000     14.60000     4.60000     1.20000     6.80000     1.50000
spring     large     high     7.30000     5.40000     28.33300     4.93000     96.66700     1.00000     56.09100     1.10000     86.60000     3.40000     0.00000     0.00000     0.00000     0.00000     0.00000
autumn     medium     high     7.40000     10.80000     10.40000     0.26700     12.72700     7.66700     111.37500     4.90000     1.70000     0.00000     6.10000     1.00000     2.40000     6.40000     10.20000
summer     medium     medium     5.70000     9.90000     14.32000     1.05100     49.50000     27.50000     6.00000     72.47800     2.20000     2.90000     1.60000     4.30000     5.20000     0.00000     7.00000
summer     medium     medium     7.90000     4.40000     12.53600     1.32000     647.57001     55.00000     187.05701     3.30000     43.70000     28.00000     0.00000     1.40000     0.00000     0.00000     1.60000
spring     small     medium     7.60000     4.90000     53.00000     0.84600     81.00000     181.00000     35.20000     0.80000     0.00000     15.70000     0.00000     0.00000     16.20000     4.50000     2.30000
winter     large     high     6.50000     11.70000     127.83300     0.30800     38.11100     27.00000     26.00000     3.20000     2.80000     0.00000     0.00000     2.20000     10.20000     9.90000     1.90000
winter     large     medium     8.50000     13.40000     22.32000     0.92100     112.85700     209.85699     244.00000     92.66700     3.60000     12.70000     0.00000     0.00000     1.90000     0.00000     2.40000
summer     small     medium     7.60000     11.70000     71.44400     3.83300     172.50000     37.00000     391.75000     8.10000     23.20000     0.00000     0.00000     0.00000     0.00000     9.90000     2.20000
winter     small     high     8.20000     11.30000     130.67000     3.85000     271.25000     6.00000     177.62500     5.80000     15.50000     13.20000     7.00000     0.00000     8.60000     7.50000     6.80000
autumn     medium     medium     8.20000     12.10000     20.08300     3.31800     125.33300     267.75000     77.43400     4.30000     2.50000     0.00000     6.30000     0.00000     15.90000     12.40000     0.00000
winter     small     high     7.60000     7.90000     50.00000     2.30200     2082.85010     59.42900     265.25000     14.77500     0.00000     3.90000     4.00000     5.30000     20.80000     0.00000     0.00000
spring     small     high     7.90000     10.77000     8.00000     3.76500     914.00000     144.66701     23.48500     XXXXXXX     15.10000     8.60000     1.20000     1.70000     0.00000     10.60000     0.00000
winter     medium     low     8.87000     7.60000     85.98200     2.44300     1168.00000     23.00000     75.33300     23.80000     0.00000     0.00000     1.70000     0.00000     4.00000     17.00000     25.60000
spring     medium     high     7.80000     XXXXXXX     XXXXXXX     4.94000     205.66701     6.50000     218.00000     3.80000     0.00000     0.00000     1.50000     0.00000     0.00000     20.40000     0.00000
winter     medium     medium     8.43000     10.50000     46.16700     1.57200     175.00000     23.00000     116.20000     20.82900     82.70000     19.60000     1.40000     4.40000     0.00000     8.30000     0.00000
spring     medium     medium     8.50000     10.68000     57.75000     1.51900     244.60001     16.00000     186.50000     13.10000     0.00000     2.10000     0.00000     0.00000     1.20000     0.00000     6.10000
winter     medium     low     8.90000     5.90000     57.75000     2.32300     10.00000     75.87500     246.66701     30.40000     17.30000     16.20000     0.00000     3.40000     44.40000     0.00000     0.00000
summer     small     high     7.74000     9.50000     94.00000     7.19500     37.77800     10.00000     272.22198     2.00000     2.40000     0.00000     7.30000     0.00000     14.90000     0.00000     2.70000
spring     small     medium     9.10000     9.90000     19.22000     0.73000     90.00000     38.75000     105.72700     XXXXXXX     19.00000     0.00000     1.00000     2.20000     1.70000     0.00000     2.40000
winter     large     medium     7.70000     7.10000     1.54900     4.40800     122.50000     111.25000     239.00000     5.23300     28.10000     0.00000     1.20000     2.20000     18.70000     15.80000     1.70000
winter     small     medium     7.80000     11.70000     38.12500     0.75800     308.75000     22.44400     771.59998     2.00000     3.30000     1.20000     0.00000     4.60000     1.20000     2.60000     4.30000
summer     small     high     8.10000     8.70000     65.33300     2.89900     371.11099     84.30000     269.66699     0.80000     1.90000     4.30000     22.90000     0.00000     0.00000     0.00000     0.00000
spring     large     medium     8.00000     3.60000     36.24800     3.67800     1386.25000     3.80000     170.00000     28.56700     8.70000     0.00000     0.00000     0.00000     2.90000     0.00000     30.10000
summer     medium     medium     8.50000     10.10000     194.75000     0.77000     227.60001     182.42000     200.23100     21.90000     64.30000     0.00000     3.90000     0.00000     9.20000     3.60000     3.20000
summer     small     high     8.70000     10.50000     48.42900     9.77300     4073.33008     197.83299     201.77800     12.32000     1.40000     16.00000     0.00000     0.00000     4.90000     5.40000     0.00000
spring     small     high     8.10000     9.80000     73.25000     3.97800     25.00000     10.66700     122.00000     65.70000     50.60000     5.80000     0.00000     0.00000     1.00000     0.00000     14.40000
winter     medium     high     8.50000     8.80000     8.30000     1.72600     34.33300     85.50000     344.60001     50.22500     23.70000     2.90000     0.00000     3.20000     6.40000     2.60000     12.50000
winter     medium     high     8.43000     10.80000     8.69000     1.65500     723.66699     3.22200     22.90000     25.00000     0.00000     0.00000     0.00000     12.70000     1.20000     0.00000     0.00000
winter     medium     medium     8.16000     7.00000     0.80000     6.04500     128.57100     9.66700     127.22200     6.80000     4.10000     38.80000     2.60000     0.00000     7.50000     0.00000     0.00000
spring     medium     low     7.93000     11.60000     45.27300     1.53400     192.50000     564.59998     56.66700     2.00000     10.30000     15.90000     1.90000     0.00000     0.00000     64.60000     1.00000
summer     large     high     8.30000     8.80000     22.45500     4.87000     51.42900     53.00000     169.00101     0.50000     3.80000     0.00000     2.50000     0.00000     0.00000     7.90000     0.00000
winter     medium     medium     8.10000     11.30000     51.11300     XXXXXXX     643.00000     7.40000     16.66200     26.80000     1.20000     0.00000     0.00000     0.00000     0.00000     5.50000     16.70000
winter     medium     medium     8.05000     10.00000     23.25000     2.95400     118.57100     XXXXXXX     326.85699     1.10000     1.70000     1.70000     22.00000     0.00000     8.90000     0.00000     3.40000
autumn     medium     medium     7.90000     10.50000     57.84800     3.90000     89.60000     282.16699     11.00000     6.80000     0.00000     0.00000     0.00000     0.00000     11.50000     0.00000     0.00000
spring     small     high     6.60000     10.80000     7.33300     8.98400     102.50000     12.88900     17.00000     2.00000     2.50000     0.00000     0.00000     2.40000     11.50000     0.00000     0.00000
spring     medium     high     XXXXXXX     8.20000     40.16700     1.00300     76.00000     143.71001     101.45500     21.00000     46.90000     0.00000     1.20000     2.60000     0.00000     22.30000     2.00000
autumn     small     medium     8.30000     8.10000     74.66700     9.71500     421.66699     3.54500     XXXXXXX     24.55600     3.30000     0.00000     0.00000     1.20000     0.00000     8.50000     0.00000
winter     medium     low     8.30000     9.80000     17.75000     3.02000     5.00000     102.33300     432.90900     24.91700     11.30000     13.70000     3.50000     0.00000     0.00000     0.00000     0.00000
spring     small     high     8.58000     6.60000     64.09300     6.22500     92.00000     1.00000     121.00000     5.55500     47.10000     72.60000     0.00000     7.60000     8.10000     0.00000     0.00000
autumn     small     high     8.60000     6.00000     55.35000     1.51000     123.33300     28.62500     154.12500     0.50000     2.20000     18.40000     11.50000     0.00000     0.00000     1.20000     1.90000
summer     medium     low     8.30000     7.10000     42.63600     1.20800     56.36400     166.72701     56.66700     31.00000     0.00000     8.90000     0.00000     0.00000     0.00000     1.60000     5.20000
spring     small     medium     7.80000     8.30000     38.90200     2.97800     20.00000     102.36400     222.28600     5.11100     1.20000     0.00000     1.20000     2.50000     9.20000     1.00000     1.90000
summer     small     low     7.40000     10.70000     49.90000     1.21200     12.50000     36.90900     120.88900     0.80000     9.20000     0.00000     2.50000     0.00000     8.00000     12.70000     0.00000
winter     small     high     8.30000     8.30000     20.62500     0.23000     132.25000     4.00000     19.00000     1.40000     31.80000     7.00000     2.10000     0.00000     0.00000     7.00000     0.00000
summer     small     medium     8.10000     10.70000     81.33300     2.60300     486.50000     105.00000     6.66700     0.50000     46.80000     9.60000     0.00000     1.90000     2.60000     0.00000     0.00000
summer     small     medium     8.00000     12.60000     27.40000     2.31600     246.36400     87.33300     46.60000     13.00000     16.50000     0.00000     0.00000     5.00000     1.20000     3.90000     6.10000
spring     medium     medium     7.90000     6.90000     10.20700     9.24800     10.00000     32.00000     6.00000     0.30000     0.00000     4.60000     2.00000     0.00000     5.50000     13.10000     6.60000
summer     small     high     8.10000     10.00000     77.00000     0.38100     27.06900     25.16700     303.33301     0.50000     1.20000     3.80000     0.00000     4.10000     0.00000     0.00000     1.00000
winter     medium     high     7.40000     11.80000     3.13600     1.33500     25.83300     261.60001     138.50000     3.60000     4.20000     22.00000     1.40000     1.90000     2.20000     2.20000     1.40000
autumn     small     high     7.75000     7.70000     54.14300     0.73500     XXXXXXX     48.66700     116.20000     3.00000     3.70000     0.00000     25.30000     0.00000     3.90000     1.20000     18.60000
summer     small     medium     9.00000     10.50000     63.62500     0.23000     28.33300     77.33300     304.00000     8.95700     39.10000     41.00000     2.20000     0.00000     13.30000     0.00000     0.00000
summer     large     high     7.80000     11.10000     41.50000     1.67000     37.50000     4.00000     47.00000     0.60000     55.50000     7.30000     0.00000     0.00000     2.50000     9.60000     2.40000
winter     small     medium     7.61000     10.00000     32.92000     5.69400     54.75000     151.33299     292.62500     0.30000     0.00000     15.20000     3.40000     5.00000     22.10000     11.50000     5.50000
spring     small     high     7.90000     11.90000     2.20000     0.81000     176.66701     346.16699     52.87500     2.50000     1.10000     20.60000     9.40000     1.20000     1.00000     7.10000     0.00000
autumn     medium     medium     9.50000     11.00000     16.00000     1.87000     15.00000     58.87500     58.62300     98.81700     3.40000     26.50000     1.80000     0.00000     7.30000     0.00000     1.20000
spring     small     medium     7.77000     8.50000     35.66000     2.16300     8777.59961     104.72700     194.10001     16.00000     1.50000     0.00000     1.00000     7.80000     3.60000     0.00000     0.00000
winter     medium     high     8.30000     4.50000     11.00000     0.82600     124.00000     32.50000     233.50000     3.00000     13.00000     0.00000     0.00000     0.00000     17.80000     0.00000     2.10000
spring     medium     low     7.55000     11.80000     31.00000     0.67300     155.00000     24.66700     98.14300     3.00000     64.20000     0.00000     0.00000     1.00000     0.00000     0.00000     0.00000
autumn     small     high     7.30000     11.70000     10.55600     0.90000     22.50000     16.00000     167.89999     2.80000     2.10000     5.00000     0.00000     0.00000     19.00000     0.00000     0.00000
summer     large     high     7.30000     9.80000     5.27300     4.69800     196.66701     9.00000     10.75000     0.30000     31.10000     0.00000     3.00000     0.00000     0.00000     4.70000     0.00000
summer     medium     medium     7.40000     9.50000     5.88900     6.51300     627.27301     3.00000     86.99700     15.30000     2.80000     1.20000     2.00000     0.00000     0.00000     32.90000     5.80000
spring     small     high     8.30000     5.30000     11.81800     0.92300     380.00000     4.00000     14.00000     0.50000     0.00000     38.50000     10.10000     4.30000     0.00000     1.40000     9.70000
spring     medium     high     8.70000     10.90000     23.82500     1.58700     920.00000     19.11100     235.66701     1.40000     18.10000     1.40000     14.00000     6.20000     0.00000     1.80000     0.00000
spring     medium     medium     7.83000     5.50000     17.37500     2.82200     1911.00000     60.83300     147.83299     14.70000     74.20000     0.00000     0.00000     6.80000     0.00000     17.70000     31.60000
autumn     medium     medium     8.00000     11.60000     12.14600     0.99600     98.33300     64.38900     79.75000     9.88200     10.80000     4.00000     1.40000     2.60000     15.30000     18.20000     0.00000
spring     large     high     8.10000     5.80000     XXXXXXX     0.13000     161.81799     246.00000     211.66701     1.70000     0.00000     6.70000     1.00000     13.40000     0.00000     0.00000     4.20000
winter     medium     high     8.40000     11.10000     173.75000     3.82900     217.75000     60.00000     82.44400     32.00000     14.40000     21.10000     0.00000     0.00000     7.50000     0.00000     3.60000
winter     medium     medium     7.70000     6.00000     139.98900     2.51200     505.00000     100.00000     252.50000     16.00000     12.20000     0.00000     1.70000     2.20000     5.00000     0.00000     0.00000
winter     medium     high     7.80000     10.50000     0.22200     0.33000     91.83300     238.20000     232.83299     4.30000     2.40000     21.70000     0.00000     0.00000     11.70000     6.20000     2.90000
summer     medium     high     8.50000     11.00000     39.00000     2.27300     14.75000     144.00000     10.11100     22.70000     12.30000     12.40000     0.00000     0.00000     0.00000     5.10000     0.00000
winter     medium     high     8.50000     10.30000     94.40500     3.92300     52.20000     26.60000     17.33300     9.00000     19.40000     0.00000     0.00000     3.40000     22.50000     32.10000     0.00000
autumn     medium     medium     8.40000     11.80000     56.71700     1.71800     54.77800     20.00000     57.83300     27.61800     66.00000     0.00000     0.00000     2.20000     11.30000     77.60000     0.00000
spring     medium     low     8.20000     9.00000     104.81800     2.22000     196.00000     97.33300     75.90400     3.50000     1.40000     5.20000     8.80000     0.00000     3.90000     0.00000     3.20000
autumn     medium     low     7.80000     10.53000     100.83000     2.94200     101.00000     19.11100     255.28000     2.00000     81.90000     1.90000     6.60000     1.20000     17.90000     3.30000     1.90000
winter     medium     high     7.80000     3.20000     70.00000     4.82000     255.00000     16.00000     4.00000     5.20000     56.80000     1.50000     1.90000     1.70000     0.00000     0.00000     0.00000
autumn     small     medium     7.50000     12.50000     30.12500     3.68500     430.00000     45.90000     221.27800     2.15000     0.00000     1.00000     8.80000     11.00000     0.00000     0.00000     1.90000
autumn     medium     medium     8.40000     10.50000     13.50000     0.94100     110.00000     39.00000     2.50000     1.30000     3.30000     12.50000     5.50000     0.00000     0.00000     0.00000     15.10000
autumn     large     high     8.53000     7.90000     11.86700     4.90800     224.28600     37.85700     54.91600     1.00000     0.00000     14.60000     25.90000     4.60000     1.70000     0.00000     1.40000
winter     medium     high     9.70000     11.50000     32.54000     4.86000     6400.00000     47.50000     320.39999     6.50000     1.40000     0.00000     8.00000     0.00000     0.00000     0.00000     0.00000
autumn     large     low     8.60000     9.50000     391.50000     4.05300     43.75000     61.18200     313.60001     20.60000     0.00000     0.00000     19.60000     0.00000     6.70000     0.00000     3.90000
spring     medium     medium     8.10000     5.70000     30.52300     1.53500     32.72700     12.75000     143.75000     2.90000     1.60000     4.70000     2.00000     2.90000     0.00000     0.00000     1.90000
summer     medium     low     9.10000     10.20000     4.08300     0.66300     10.00000     173.00000     87.12500     11.84000     1.60000     2.10000     1.20000     0.00000     5.90000     0.00000     1.70000
spring     small     medium     7.70000     13.10000     136.00000     0.88600     1131.66003     8.60000     71.00000     2.70000     0.00000     0.00000     2.30000     1.20000     0.00000     0.00000     2.70000
autumn     large     high     7.78000     11.70000     39.00000     3.23500     101.66700     14.66700     127.00000     6.90000     18.00000     0.00000     13.50000     0.00000     34.30000     0.00000     0.00000
spring     large     high     7.83000     4.80000     26.00000     1.32800     10.00000     78.33300     21.30000     2.50000     9.20000     0.00000     3.70000     0.00000     0.00000     0.00000     0.00000
spring     small     low     8.80000     11.80000     10.07800     7.83000     XXXXXXX     XXXXXXX     84.00000     XXXXXXX     48.30000     11.20000     2.90000     0.00000     0.00000     2.40000     1.90000
summer     medium     medium     8.30000     6.80000     82.85700     0.53600     134.00000     137.60001     607.16699     40.00000     6.70000     0.00000     24.80000     0.00000     1.20000     0.00000     0.00000
autumn     large     high     8.30000     8.90000     82.11100     45.65000     130.00000     61.55600     45.00000     4.00000     24.30000     0.00000     0.00000     0.00000     0.00000     8.70000     22.10000
spring     small     low     8.06000     10.80000     79.07700     9.08000     28.00000     10.80000     6.20000     9.38400     1.40000     4.10000     0.00000     3.00000     4.80000     52.50000     0.00000
summer     small     high     7.44000     6.10000     95.36700     1.41500     236.00000     3.33300     84.46000     20.57800     1.70000     3.90000     4.20000     2.00000     8.70000     12.60000     0.00000
spring     large     medium     8.15000     9.30000     47.77800     0.70100     1081.66003     1.80000     23.00000     3.00000     18.30000     28.00000     16.00000     4.00000     0.00000     5.90000     1.70000
winter     medium     high     8.70000     4.50000     6.16700     1.71500     103.00000     82.22200     3.00000     5.60900     0.00000     21.50000     2.10000     1.70000     5.50000     5.50000     0.00000
spring     small     medium     8.20000     7.40000     53.10200     0.05000     62.50000     50.88900     137.77800     22.90000     0.00000     9.10000     0.00000     2.70000     3.40000     0.00000     0.00000
autumn     medium     medium     7.70000     10.60000     208.36400     1.65100     197.90900     55.00000     7.00000     53.10000     17.00000     4.10000     1.10000     0.00000     0.00000     13.20000     0.00000
winter     medium     medium     8.30000     6.35000     43.00000     7.16000     96.66700     10.58300     6.00000     20.80000     32.50000     7.00000     0.00000     0.00000     5.60000     0.00000     0.00000
autumn     small     low     8.35000     7.10000     131.39999     3.02000     58.50000     16.00000     132.54601     15.00000     7.20000     0.00000     17.60000     0.00000     6.60000     0.00000     0.00000
autumn     medium     high     7.57000     9.90000     35.75000     1.92100     12.50000     7.30000     14.00000     0.80000     4.10000     9.70000     4.70000     2.40000     27.60000     0.00000     3.30000
winter     medium     low     8.40000     12.00000     5.32600     3.20000     53.84600     71.00000     115.00000     5.08300     0.00000     8.00000     3.10000     4.90000     1.40000     0.00000     0.00000
winter     large     high     9.00000     10.10000     58.33100     4.07100     103.33300     264.89999     18.29300     27.50000     4.40000     0.00000     10.80000     0.00000     8.60000     0.00000     0.00000
winter     small     medium     7.80000     9.80000     7.61300     8.68800     16.20000     45.00000     19.00000     5.62000     50.40000     40.70000     1.00000     7.70000     0.00000     0.00000     0.00000
summer     large     medium     8.06000     7.60000     7.25000     3.90800     76.66700     67.50000     7.65400     3.20000     58.70000     1.90000     1.00000     0.00000     0.00000     0.00000     0.00000
summer     medium     high     8.60000     10.70000     7.00000     0.86600     32.00000     49.00000     15.00000     2.86000     18.10000     11.30000     21.70000     0.00000     0.00000     0.00000     0.00000
winter     small     medium     7.20000     9.40000     34.50000     5.41000     88.18200     27.25000     236.00000     6.40000     0.00000     2.70000     4.90000     0.00000     19.70000     2.70000     0.00000
summer     large     medium     8.10000     9.80000     40.22600     0.69900     66.66700     12.00000     72.69600     2.00000     66.90000     0.00000     6.80000     28.80000     0.00000     8.30000     0.00000
summer     large     low     8.40000     10.80000     2.11100     3.72600     109.00000     221.89999     89.62500     46.07500     3.40000     0.00000     1.40000     0.00000     0.00000     4.60000     1.70000
winter     small     low     7.60000     11.80000     59.06700     0.46100     170.90900     54.00000     171.27200     1.00000     1.20000     0.00000     0.00000     0.00000     9.00000     1.50000     0.00000
winter     medium     high     8.00000     8.20000     32.40000     3.77300     35.00000     51.12500     11.00000     1.00000     52.40000     0.00000     20.20000     2.10000     1.40000     1.50000     10.80000
spring     medium     medium     8.55000     9.80000     43.09000     3.73000     82.10000     51.11100     97.58000     XXXXXXX     14.40000     16.00000     10.20000     0.00000     4.80000     3.10000     0.00000
autumn     large     medium     8.30000     6.00000     12.77800     3.35100     17.77800     75.00000     40.00000     4.50000     1.90000     0.00000     0.00000     0.00000     0.00000     1.20000     0.00000
spring     medium     low     7.30000     11.40000     15.54100     5.41400     124.36400     13.00000     60.00000     XXXXXXX     4.00000     6.00000     0.00000     0.00000     20.00000     0.00000     5.90000
spring     medium     high     8.10000     10.20000     60.80000     1.87300     120.00000     19.72700     50.45500     4.66700     75.80000     32.80000     1.00000     0.00000     3.10000     0.00000     2.10000
summer     large     medium     8.56000     9.00000     15.00000     6.54000     153.75000     72.00000     173.75000     0.80000     16.60000     2.10000     1.70000     0.00000     0.00000     0.00000     0.00000
autumn     medium     medium     7.90000     11.10000     37.60000     1.52700     239.00000     236.39999     91.11100     30.00000     0.00000     1.70000     2.90000     0.00000     3.10000     0.00000     1.00000
spring     medium     medium     7.62000     9.70000     12.44400     4.55500     461.87500     9.00000     296.00000     3.00000     18.90000     13.20000     0.00000     4.80000     0.00000     1.50000     31.20000
winter     medium     medium     8.40000     10.80000     7.83800     1.47000     153.00000     44.00000     232.89999     110.45600     8.80000     12.00000     1.00000     0.00000     1.20000     10.30000     0.00000
summer     large     medium     8.10000     10.60000     48.66700     2.31000     65.45500     61.25000     219.90900     11.60000     5.70000     1.50000     0.00000     0.00000     8.60000     8.20000     1.00000
winter     large     medium     8.20000     9.40000     41.25000     2.68000     737.50000     70.00000     140.22000     2.30000     0.00000     0.00000     0.00000     0.00000     1.20000     0.00000     0.00000
autumn     small     high     8.00000     1.80000     64.00000     0.86000     1495.00000     22.20000     20.75000     4.50000     20.30000     12.00000     0.00000     0.00000     0.00000     0.00000     0.00000
summer     large     high     6.60000     9.90000     77.36400     2.80000     120.00000     64.00000     140.51700     XXXXXXX     0.00000     0.00000     7.80000     0.00000     10.60000     1.60000     1.20000

