autumn     medium     medium     8.30000     9.40000     2.11100     4.53500     578.00000     9.00000     76.33300     5.50000     7.00000     0.00000     0.00000     0.00000     34.20000     8.30000     0.00000
summer     small     medium     8.00000     1.50000     151.83299     2.68000     102.75000     151.33299     54.91600     93.68300     3.60000     15.70000     4.10000     0.00000     0.00000     0.00000     0.00000
autumn     large     medium     8.30000     6.35000     40.02000     1.87300     102.50000     10.80000     116.20000     XXXXXXX     5.30000     5.60000     0.00000     0.00000     0.00000     0.00000     0.00000
summer     small     low     8.40000     10.50000     82.11100     3.77800     43.75000     27.00000     170.00000     0.80000     25.40000     0.00000     2.60000     0.00000     7.50000     2.40000     2.90000
autumn     small     low     8.00000     9.00000     22.28600     4.45900     60.00000     13.00000     97.58000     30.40000     55.50000     0.00000     9.90000     0.00000     5.70000     4.10000     1.00000
autumn     small     medium     8.00000     10.00000     32.05600     1.28800     228.75000     13.00000     11.00000     3.10000     18.20000     2.10000     4.70000     4.00000     0.00000     0.00000     0.00000
summer     medium     medium     8.15000     13.10000     47.22900     4.07100     14.75000     26.62500     138.50000     6.40000     4.40000     1.00000     3.20000     0.00000     4.90000     1.40000     6.00000
summer     small     medium     7.70000     10.60000     4.70000     4.99000     8.00000     104.72700     244.00000     6.90000     18.00000     7.00000     0.00000     0.00000     1.20000     3.10000     0.00000
autumn     medium     medium     8.60000     7.80000     0.22200     1.52700     33.63600     75.00000     104.00000     41.00000     50.60000     5.40000     7.80000     6.90000     0.00000     9.90000     1.40000
summer     small     high     7.93000     9.90000     4.54500     1.17200     32.00000     8.69200     75.90400     26.80000     17.00000     15.90000     1.00000     5.00000     0.00000     0.00000     3.90000
autumn     small     high     8.40000     10.20000     53.33300     1.28700     380.00000     102.36400     205.87500     22.70000     14.70000     22.00000     0.00000     1.70000     0.00000     0.00000     0.00000
spring     large     low     7.60000     9.80000     129.37500     7.19500     18.42900     159.50000     14.35400     13.10000     1.90000     0.00000     1.00000     0.00000     1.40000     1.50000     1.40000
spring     medium     high     8.21000     12.60000     64.00000     1.22300     10.00000     282.16699     102.33300     17.20000     2.20000     4.70000     3.90000     0.00000     0.00000     0.00000     0.00000
winter     small     medium     6.60000     3.40000     23.82500     4.66500     65.55600     57.60000     125.80000     68.05000     4.00000     0.00000     0.00000     1.00000     1.90000     0.00000     2.00000
spring     small     medium     7.60000     9.60000     36.24800     0.81000     10.00000     55.00000     197.14301     10.00000     1.90000     9.10000     9.00000     0.00000     0.00000     0.00000     0.00000
winter     medium     medium     8.50000     11.50000     3.27500     3.07000     178.57001     246.00000     46.43800     11.84000     24.30000     0.00000     1.70000     0.00000     28.80000     0.00000     16.70000
spring     medium     medium     7.78000     11.62000     7.00000     4.93000     39.00000     18.66700     169.00101     3.50000     0.00000     0.00000     6.30000     0.00000     8.20000     0.00000     1.20000
autumn     small     high     7.14000     7.10000     10.93600     0.92300     103.33300     19.11100     47.00000     1.30000     15.80000     3.90000     25.90000     1.00000     7.70000     2.60000     3.20000
summer     small     high     7.35000     6.90000     64.09300     0.70100     5.80000     120.50000     127.00000     0.90000     81.90000     17.10000     0.00000     3.00000     1.40000     11.50000     9.70000
winter     large     high     8.50000     10.70000     5.00000     2.82200     10.50000     205.63600     69.93000     6.80000     35.50000     12.00000     1.40000     4.60000     10.60000     1.50000     1.40000
winter     large     medium     8.47000     11.70000     48.66700     7.74000     18.00000     10.58300     586.00000     16.00000     0.00000     0.00000     0.00000     4.00000     4.80000     0.00000     1.00000
spring     small     high     8.60000     5.40000     43.00000     1.32000     54.77800     276.85001     20.75000     0.50000     2.90000     1.60000     10.60000     2.30000     0.00000     0.00000     0.00000
autumn     small     high     7.75000     8.90000     29.50000     0.30800     27.28600     125.66700     18.00000     7.60000     12.30000     0.00000     1.40000     2.50000     15.00000     0.00000     22.10000
winter     medium     high     7.50000     9.60000     50.00000     4.87000     12.50000     48.00000     87.12500     0.50000     0.00000     0.00000     1.00000     0.00000     1.20000     1.40000     0.00000
spring     large     high     8.50000     3.30000     63.51000     5.13000     82.10000     1.00000     6.75000     2.00000     13.00000     8.60000     1.20000     3.50000     11.30000     77.60000     0.00000
winter     medium     medium     7.74000     3.60000     10.50000     3.97600     37.77800     77.33300     84.46000     5.20000     4.10000     0.00000     24.80000     0.00000     14.90000     10.10000     0.00000
winter     large     medium     8.20000     9.20000     63.29200     3.23500     421.66699     27.25000     213.00000     0.80000     12.70000     13.20000     0.00000     4.90000     4.10000     64.60000     0.00000
winter     small     high     8.22000     10.10000     3.86000     0.63000     1911.00000     3.22200     143.75000     5.23300     11.30000     6.00000     35.10000     0.00000     20.00000     0.00000     2.70000
summer     medium     high     7.50000     9.40000     8.69000     3.35100     112.85700     60.83300     121.00000     0.80000     31.10000     0.00000     1.00000     1.70000     6.40000     0.00000     1.90000
autumn     small     medium     6.60000     7.00000     9.00000     8.54300     486.50000     1.25000     6.66700     13.20000     8.80000     20.60000     0.00000     0.00000     0.00000     42.10000     3.60000
autumn     medium     high     7.80000     9.30000     82.85700     3.33000     176.66701     36.90900     60.00000     7.30000     3.40000     7.30000     1.20000     0.00000     0.00000     0.00000     0.00000
winter     medium     medium     8.20000     10.30000     26.00000     3.78000     118.57100     58.87500     108.00000     31.00000     39.10000     0.00000     0.00000     0.00000     0.00000     1.00000     2.20000
autumn     large     high     6.40000     9.50000     22.32000     3.02000     124.16700     60.00000     102.57100     21.22000     0.00000     0.00000     0.00000     0.00000     2.40000     42.70000     1.20000
spring     small     medium     8.40000     9.60000     66.30000     1.67000     461.87500     51.11100     253.25000     31.73800     29.50000     4.30000     0.00000     1.00000     15.30000     0.00000     0.00000
spring     large     medium     9.10000     4.90000     12.53600     3.31600     84.66700     34.50000     72.90000     5.45000     18.10000     40.70000     10.20000     5.30000     3.40000     0.00000     0.00000
summer     small     medium     8.70000     11.60000     44.00000     0.86000     98.18200     132.50000     44.13600     13.00000     43.70000     0.00000     1.70000     0.00000     11.50000     0.00000     0.00000
autumn     medium     high     8.80000     8.60000     100.83000     1.92100     142.00000     1.62500     146.45200     XXXXXXX     0.00000     0.00000     5.60000     1.90000     0.00000     0.00000     3.40000
winter     medium     high     8.10000     11.00000     49.62500     4.50800     35.00000     2.50000     122.00000     4.66700     12.60000     0.00000     0.00000     0.00000     0.00000     0.00000     2.20000
autumn     large     high     8.30000     8.10000     54.14300     2.64000     16.20000     8.60000     116.20000     0.80000     0.00000     1.40000     1.70000     7.80000     0.00000     3.30000     2.70000
summer     small     high     8.40000     10.50000     208.36400     5.13200     27.50000     10.66700     183.66701     17.20000     43.50000     2.70000     0.00000     0.00000     1.40000     0.00000     0.00000
winter     small     low     8.43000     11.20000     XXXXXXX     0.64200     131.66701     16.83300     287.00000     3.20000     0.00000     5.90000     5.00000     0.00000     0.00000     0.00000     0.00000
spring     large     medium     7.91000     7.10000     54.19000     8.68800     60.11000     234.50000     285.71399     2.80000     0.00000     21.10000     2.40000     8.30000     3.90000     8.70000     0.00000
winter     small     high     8.30000     5.80000     12.14600     0.90000     76.00000     53.62500     254.60001     22.50000     74.20000     40.90000     2.20000     1.40000     12.40000     0.00000     0.00000
spring     small     medium     8.70000     8.50000     35.66000     1.41500     51.42900     12.00000     326.85699     XXXXXXX     0.00000     3.10000     1.00000     5.70000     5.80000     0.00000     0.00000
winter     small     low     8.00000     8.80000     57.84800     1.01300     42.00000     6.50000     57.83300     3.90000     0.00000     28.20000     0.00000     0.00000     3.10000     9.60000     0.00000
summer     medium     medium     8.30000     9.70000     53.00000     4.86000     128.57100     196.62000     4.00000     28.56700     46.20000     25.40000     2.30000     3.20000     1.70000     0.00000     0.00000
summer     small     medium     8.00000     10.50000     29.20000     0.37600     62.50000     38.75000     292.62500     3.60000     2.80000     13.20000     0.00000     0.00000     2.50000     2.00000     0.00000
winter     small     medium     XXXXXXX     5.50000     9.00000     4.03000     20.00000     10.00000     72.69600     3.00000     0.00000     0.00000     1.20000     0.00000     0.00000     0.00000     0.00000
spring     small     medium     8.70000     6.10000     15.00000     3.02000     46.20000     9.66700     50.00000     2.00000     12.20000     2.90000     3.30000     1.20000     0.00000     0.00000     0.00000
spring     small     medium     6.50000     11.21000     70.00000     9.71500     10.00000     187.00000     20.81200     12.10000     0.00000     21.70000     14.60000     0.00000     8.60000     15.80000     0.00000
winter     medium     high     9.50000     8.10000     16.00000     3.73400     192.50000     12.75000     85.00000     2.00000     1.50000     0.00000     0.00000     2.20000     1.20000     1.40000     0.00000
summer     medium     medium     8.66000     10.80000     XXXXXXX     0.26700     105.55600     221.89999     303.33301     1.20000     24.00000     8.70000     1.50000     0.00000     0.00000     17.10000     1.10000
spring     small     high     7.40000     6.30000     7.00000     1.21200     28.33300     7.75000     34.00000     32.00000     0.00000     0.00000     0.00000     0.00000     6.70000     0.00000     1.00000
summer     medium     low     7.20000     9.50000     10.40000     0.91000     125.33300     4.00000     11.81800     0.80000     7.80000     0.00000     1.00000     3.90000     19.70000     6.80000     0.00000
summer     medium     low     8.16000     10.53000     XXXXXXX     0.05000     6400.00000     428.75000     6.50000     XXXXXXX     23.20000     19.60000     2.00000     0.00000     8.10000     49.40000     0.00000
winter     medium     high     5.60000     8.20000     XXXXXXX     3.76500     737.50000     24.00000     16.00000     1.10000     14.40000     0.00000     0.00000     0.00000     0.00000     5.50000     0.00000
autumn     large     medium     7.83000     7.70000     30.12500     2.95400     10.00000     62.62500     607.16699     3.20000     3.80000     14.70000     19.60000     0.00000     10.20000     4.50000     2.20000
spring     small     high     9.10000     3.20000     6.30000     5.07800     225.00000     XXXXXXX     232.89999     5.62000     1.50000     3.80000     0.00000     2.00000     7.30000     0.00000     0.00000
winter     medium     high     7.80000     6.50000     82.85200     1.20800     22.50000     2.00000     35.20000     7.30000     1.40000     1.20000     5.50000     2.20000     0.00000     12.60000     0.00000
summer     small     medium     8.00000     11.10000     XXXXXXX     1.53400     370.00000     1.00000     27.50000     XXXXXXX     47.10000     12.00000     0.00000     3.70000     4.80000     1.90000     0.00000
spring     small     high     6.60000     9.90000     48.42900     5.97000     153.00000     264.89999     XXXXXXX     12.32000     0.00000     0.00000     0.00000     0.00000     5.50000     1.20000     3.90000
spring     medium     high     8.30000     XXXXXXX     31.09100     3.31800     11.11100     XXXXXXX     58.37400     XXXXXXX     0.00000     0.00000     1.00000     0.00000     0.00000     0.00000     0.00000
autumn     small     medium     7.84000     10.30000     39.10900     5.41400     XXXXXXX     3.33300     40.66700     9.00000     0.00000     0.00000     1.40000     0.00000     6.60000     0.00000     4.10000
summer     small     high     7.57000     6.80000     131.39999     5.44200     430.00000     61.18200     228.36400     1.00000     0.00000     1.00000     0.00000     0.00000     0.00000     0.00000     1.40000
summer     small     medium     7.80000     9.80000     37.60000     1.58800     160.00000     48.66700     313.60001     2.90000     17.30000     0.00000     0.00000     0.00000     2.60000     0.00000     1.40000
winter     small     high     7.30000     10.50000     28.33300     1.33500     15.00000     467.50000     177.62500     0.80000     3.10000     21.60000     0.00000     0.00000     6.50000     1.20000     6.10000
summer     small     high     8.10000     11.80000     30.52300     0.33000     20.00000     53.00000     10.75000     4.50000     0.00000     2.10000     42.80000     3.50000     22.50000     0.00000     0.00000
spring     small     medium     8.30000     6.00000     47.77800     4.17000     10.00000     175.66701     82.44400     XXXXXXX     64.20000     21.50000     3.00000     0.00000     9.00000     0.00000     0.00000
summer     medium     medium     7.40000     8.10000     73.25000     1.32000     31.33300     220.75000     351.60001     2.10000     0.00000     0.00000     2.00000     1.20000     0.00000     6.20000     2.10000
autumn     medium     low     7.80000     7.60000     88.00000     6.18800     4073.33008     159.16701     188.66701     3.00000     46.80000     4.90000     1.60000     2.90000     7.40000     0.00000     1.90000
winter     small     high     7.40000     8.50000     39.00000     1.87500     244.60001     151.12500     284.00000     34.75000     24.80000     11.30000     0.00000     2.20000     11.70000     16.70000     3.30000
spring     small     low     8.10000     7.10000     3.50000     2.81800     2167.37012     16.00000     152.33299     5.20000     2.20000     8.90000     1.20000     1.20000     0.00000     10.60000     6.80000
winter     medium     low     8.00000     10.20000     46.16700     0.40600     109.00000     1.00000     56.09100     11.70000     5.90000     4.00000     3.30000     0.00000     0.00000     32.10000     4.20000
winter     small     high     8.00000     10.50000     20.08300     3.31000     15.00000     136.75000     233.50000     20.87000     52.20000     12.70000     0.00000     2.20000     0.00000     5.10000     1.20000
winter     medium     medium     8.50000     6.30000     194.75000     3.61700     66.66700     100.00000     13.60000     92.66700     28.10000     0.00000     0.00000     1.60000     0.00000     0.00000     0.00000
autumn     medium     high     8.70000     6.20000     12.44400     5.16400     13.50000     39.00000     558.75000     18.37000     17.00000     0.00000     6.60000     0.00000     0.00000     17.00000     0.00000
winter     medium     high     9.06000     4.40000     35.75000     7.83000     224.28600     22.44400     11.00000     9.88200     64.90000     7.00000     0.00000     4.60000     5.90000     11.10000     5.20000
winter     medium     high     8.56000     5.90000     11.86700     3.24500     122.85000     36.00000     249.25000     18.33000     3.70000     13.70000     23.20000     0.00000     0.00000     0.00000     0.00000
spring     small     medium     7.83000     1.80000     60.80000     1.71500     32.50000     37.37500     11.80000     0.50000     89.80000     4.60000     11.80000     1.20000     0.00000     0.00000     2.10000
summer     medium     high     7.50000     10.80000     11.00000     0.46100     58.50000     26.60000     304.00000     2.80000     2.50000     0.00000     5.40000     0.00000     4.10000     6.90000     1.00000
autumn     medium     medium     7.80000     9.00000     69.00000     4.90800     172.50000     144.66701     262.72699     6.80000     23.70000     0.00000     1.20000     0.00000     0.00000     1.50000     1.40000
spring     medium     high     8.00000     8.80000     3.13600     4.94000     96.66700     67.50000     77.43400     4.30000     1.20000     8.00000     0.00000     28.80000     0.00000     8.20000     14.40000
autumn     small     high     7.40000     11.30000     7.61300     1.51000     133.63600     7.66700     75.33300     21.00000     56.80000     0.00000     5.00000     0.00000     0.00000     6.40000     0.00000
summer     medium     medium     7.50000     11.17000     50.00000     1.53500     122.50000     27.50000     111.75000     18.30000     0.00000     4.10000     0.00000     0.00000     5.20000     0.00000     1.70000
winter     medium     medium     8.43000     5.30000     26.76000     4.40800     98.33300     267.75000     275.14301     15.60000     50.40000     28.00000     0.00000     0.00000     0.00000     0.00000     0.00000
winter     small     medium     8.05000     6.70000     7.25000     0.84600     53.84600     137.60001     235.66701     0.80000     0.00000     0.00000     4.90000     0.00000     5.60000     0.00000     0.00000
spring     large     high     8.20000     10.50000     41.50000     3.97800     627.27301     24.66700     141.83299     3.00000     2.80000     0.00000     0.00000     0.00000     0.00000     13.20000     0.00000
spring     medium     medium     7.80000     9.70000     17.37500     2.22000     208.33299     209.85699     167.89999     4.30000     14.40000     5.00000     2.50000     0.00000     22.10000     0.00000     0.00000
summer     small     medium     7.60000     10.30000     53.10200     1.71800     40.00000     104.22200     391.75000     8.10000     0.00000     0.00000     1.90000     0.00000     35.60000     9.90000     0.00000
winter     large     medium     7.79000     11.30000     125.60000     2.10200     49.50000     12.75000     175.04601     7.90000     6.90000     0.00000     9.40000     0.00000     8.00000     7.50000     0.00000
spring     large     high     8.90000     12.10000     XXXXXXX     3.73000     101.25000     182.42000     61.60000     19.40000     2.50000     5.50000     0.00000     0.00000     0.00000     4.60000     1.20000
summer     medium     high     8.30000     8.00000     XXXXXXX     5.09900     2082.85010     59.42900     388.16699     XXXXXXX     0.00000     21.50000     2.40000     2.40000     0.00000     15.80000     0.00000
winter     medium     high     7.80000     3.20000     8.00000     0.99600     20.00000     1.33300     11.50000     72.47800     15.10000     53.60000     0.00000     1.70000     11.20000     0.00000     0.00000
spring     large     high     8.10000     9.80000     12.00000     1.37400     21.57100     36.30000     19.00000     8.15500     18.30000     3.10000     0.00000     4.30000     0.00000     17.00000     2.90000
spring     medium     medium     8.00000     10.60000     3.00000     0.73000     205.66701     4.25000     218.00000     2.00000     0.00000     1.70000     0.00000     2.00000     17.80000     20.40000     1.90000
winter     medium     low     8.10000     6.00000     5.88900     1.57200     3466.65991     23.00000     56.66700     0.30000     64.30000     1.40000     13.50000     4.40000     2.40000     0.00000     1.90000
spring     medium     high     8.00000     10.60000     1.17000     0.82600     34.00000     102.00000     186.50000     81.54000     1.90000     7.50000     0.00000     0.00000     0.00000     0.00000     0.00000
winter     small     low     7.80000     10.60000     32.40000     1.42000     83.75000     75.87500     17.33300     20.82900     1.20000     16.20000     0.00000     3.40000     20.80000     0.00000     0.00000
spring     medium     low     7.90000     10.70000     58.33100     7.16000     165.00000     49.00000     132.54601     1.30000     20.30000     11.20000     7.30000     0.00000     1.00000     0.00000     1.60000
autumn     large     high     8.27000     12.90000     9.00000     3.14000     52.20000     44.66700     7.65400     0.40000     37.30000     2.60000     0.00000     0.00000     11.30000     0.00000     0.00000
winter     medium     high     8.30000     10.40000     2.75000     6.22500     10.00000     104.50000     239.00000     24.55600     3.40000     5.80000     3.30000     7.70000     0.00000     5.10000     3.30000
spring     medium     medium     7.80000     6.20000     38.12500     2.60300     345.45499     346.16699     154.12500     75.00000     51.80000     4.10000     2.50000     4.60000     9.90000     0.00000     4.30000
summer     large     medium     7.50000     8.70000     65.33300     45.65000     371.11099     84.30000     269.66699     6.20900     25.50000     5.00000     0.00000     0.00000     0.00000     0.00000     0.00000
winter     small     low     7.70000     8.40000     95.36700     0.13000     1386.25000     16.00000     6.20000     27.50000     8.70000     0.00000     7.00000     2.60000     1.20000     4.70000     0.00000
spring     small     high     9.10000     10.10000     22.35000     5.45600     32.50000     564.59998     71.00000     2.70000     10.30000     0.00000     2.60000     1.40000     0.00000     3.60000     3.20000
winter     large     low     8.70000     7.30000     XXXXXXX     9.77300     429.20001     31.33300     201.77800     4.50000     42.50000     3.40000     1.40000     4.10000     1.20000     0.00000     1.90000
summer     medium     high     7.70000     4.90000     12.77800     1.47000     235.00000     58.22200     214.00000     54.36700     66.90000     0.00000     6.80000     11.00000     1.00000     22.30000     2.70000
spring     medium     medium     7.20000     7.70000     81.33300     6.23800     10.00000     85.50000     344.60001     0.60000     3.30000     0.00000     2.00000     1.20000     3.90000     2.60000     0.00000
winter     small     medium     6.80000     11.60000     XXXXXXX     XXXXXXX     723.66699     27.00000     15.00000     25.00000     16.60000     4.30000     16.00000     0.00000     9.50000     0.00000     0.00000
autumn     medium     high     7.40000     10.77000     0.80000     2.32300     3515.00000     55.00000     88.50000     30.00000     1.40000     12.00000     3.90000     0.00000     0.00000     0.00000     0.00000
autumn     large     high     7.45000     10.40000     45.27300     2.23100     51.11100     26.00000     7.20000     1.00000     5.70000     2.10000     8.00000     4.60000     0.00000     0.00000     0.00000
autumn     medium     medium     8.58000     4.50000     44.20500     1.47400     505.00000     6.00000     7.00000     17.49100     1.40000     0.00000     0.00000     0.00000     0.00000     0.00000     0.00000
winter     medium     high     8.87000     XXXXXXX     11.81800     XXXXXXX     27.06900     4.00000     16.66200     0.20000     0.00000     0.00000     6.10000     0.00000     2.70000     0.00000     7.10000
spring     small     low     7.40000     12.00000     47.00000     2.67000     914.00000     261.60001     130.75000     1.10000     1.70000     26.50000     7.50000     0.00000     0.00000     0.00000     0.00000
winter     medium     medium     7.90000     11.70000     40.16700     4.05300     110.00000     166.72701     75.20700     3.00000     86.60000     0.00000     2.50000     0.00000     2.90000     0.00000     1.50000
summer     medium     medium     8.20000     10.80000     22.45500     6.64000     32.72700     5.00000     43.50000     XXXXXXX     0.00000     1.00000     0.00000     0.00000     1.20000     0.00000     0.00000
spring     large     low     8.60000     11.10000     69.75000     1.44300     153.75000     143.71001     232.83299     4.90000     0.00000     0.00000     1.20000     0.00000     0.00000     0.00000     10.20000
autumn     medium     medium     8.30000     6.50000     74.66700     3.92300     643.00000     3.54500     200.23100     3.20000     75.80000     0.00000     0.00000     0.00000     1.20000     0.00000     7.80000
autumn     medium     high     8.10000     10.80000     5.83000     8.98400     1495.00000     102.33300     432.90900     24.91700     30.30000     0.00000     3.50000     1.80000     0.00000     29.50000     5.90000
winter     medium     medium     8.20000     11.50000     12.18200     1.72600     92.00000     41.50000     XXXXXXX     0.50000     24.80000     16.40000     0.00000     0.00000     0.00000     22.90000     25.60000
winter     small     high     8.10000     7.90000     1.54900     3.77300     931.83301     66.40000     246.66701     110.45600     2.00000     18.40000     1.00000     0.00000     7.70000     7.90000     0.00000
winter     large     low     7.30000     8.80000     42.63600     3.44400     56.36400     37.00000     105.72700     13.10000     1.20000     0.00000     0.00000     0.00000     2.70000     1.60000     1.00000
spring     small     medium     5.70000     8.30000     23.25000     2.51200     346.66699     72.00000     222.28600     6.42900     18.10000     0.00000     0.00000     0.00000     0.00000     0.00000     0.00000
winter     large     low     7.40000     10.70000     8.30000     2.16300     170.90900     51.75000     85.40000     3.70000     9.20000     6.40000     1.90000     0.00000     9.20000     12.70000     1.90000
winter     small     high     8.30000     9.90000     49.90000     5.69400     217.75000     1.00000     771.59998     2.00000     6.70000     0.00000     0.00000     6.60000     8.90000     7.00000     2.50000
summer     small     low     8.10000     10.70000     51.11300     0.92100     120.00000     71.00000     279.06601     1.70000     1.10000     9.60000     2.90000     1.90000     0.00000     33.20000     0.00000
winter     medium     medium     8.84000     6.00000     32.54000     5.09900     246.36400     87.33300     46.60000     3.00000     1.60000     36.60000     0.00000     0.00000     9.00000     1.60000     6.10000
winter     medium     high     8.60000     8.20000     6.16700     1.20300     10.00000     32.00000     6.00000     8.95700     16.80000     0.00000     0.00000     0.00000     1.90000     13.10000     0.00000
summer     small     high     7.29000     10.00000     101.87500     4.18800     96.66700     41.30000     255.28000     2.33800     41.00000     5.60000     0.00000     1.70000     2.70000     0.00000     2.40000
autumn     large     high     7.19000     11.80000     20.62500     0.67200     25.83300     34.63600     127.22200     11.10000     58.70000     0.00000     4.80000     1.90000     1.20000     0.00000     18.60000
spring     medium     high     8.00000     10.10000     26.00000     3.67800     37.50000     9.00000     23.48500     88.25500     1.40000     0.00000     10.10000     2.10000     2.50000     17.20000     0.00000
winter     large     high     7.30000     11.70000     11.08800     2.31600     255.00000     48.62500     66.75000     5.08300     29.70000     41.00000     3.10000     0.00000     1.20000     0.00000     2.20000
spring     large     medium     7.80000     6.60000     59.06700     0.38100     758.75000     54.00000     221.27800     15.30000     0.00000     3.40000     21.90000     1.90000     3.60000     32.90000     2.40000
autumn     medium     medium     7.90000     9.80000     187.18300     6.04500     17.77800     33.80000     317.00000     2.00000     12.50000     0.00000     0.00000     2.40000     5.50000     6.80000     2.40000
autumn     small     medium     7.90000     12.50000     13.50000     2.44300     103.33300     1.80000     276.00000     2.50000     54.00000     12.50000     2.10000     0.00000     0.00000     0.00000     6.60000
spring     small     high     6.60000     9.20000     4.57500     0.53600     12.72700     18.25000     56.66700     5.80000     1.90000     0.00000     0.00000     0.00000     1.70000     0.00000     0.00000
spring     large     medium     8.70000     11.00000     173.75000     0.73500     8777.59961     197.83299     58.62300     16.00000     17.10000     0.00000     8.80000     3.70000     13.30000     0.00000     0.00000
spring     medium     low     7.92500     8.40000     11.00000     0.75800     124.00000     64.38900     320.39999     11.60000     14.60000     19.60000     7.50000     1.30000     2.90000     0.00000     5.50000
summer     large     medium     8.50000     6.00000     31.00000     0.67300     5738.33008     7.30000     98.14300     1.00000     19.00000     3.90000     0.00000     1.00000     0.00000     0.00000     0.00000
spring     large     high     7.77000     12.10000     10.55600     0.73500     1990.16003     144.00000     3.00000     9.38400     2.10000     0.00000     0.00000     2.60000     1.90000     15.70000     0.00000
spring     small     high     8.10000     6.20000     10.97500     4.69800     175.00000     70.00000     21.30000     4.50000     46.60000     7.60000     25.30000     6.80000     3.50000     8.30000     1.60000
autumn     medium     medium     8.06000     9.50000     13.00000     6.51300     206.53799     2.00000     6.00000     0.60000     16.50000     0.00000     22.90000     1.20000     1.10000     4.70000     0.00000
autumn     medium     high     7.90000     7.10000     57.75000     0.23000     120.00000     12.88900     361.00000     0.30000     32.10000     38.50000     1.00000     4.30000     8.60000     2.20000     0.00000
summer     small     high     8.50000     10.90000     79.07700     1.58700     920.00000     180.66701     52.87500     0.60000     39.70000     0.00000     0.00000     6.20000     0.00000     1.80000     0.00000
summer     small     high     8.07000     10.70000     17.75000     1.44800     196.66701     105.00000     147.83299     1.50000     4.40000     14.50000     0.00000     0.00000     27.60000     0.00000     31.60000
winter     large     high     8.30000     4.30000     29.77500     4.82500     161.81799     32.50000     84.00000     14.77500     10.80000     4.10000     1.40000     0.00000     0.00000     0.00000     2.70000
winter     medium     medium     8.20000     10.20000     38.90200     4.55500     155.00000     46.66700     123.33300     10.50000     0.00000     6.70000     3.40000     13.40000     9.40000     2.70000     1.60000
winter     medium     high     8.50000     9.90000     40.22600     3.82900     215.71400     4.00000     14.00000     1.00000     32.80000     0.00000     4.10000     0.00000     1.00000     0.00000     0.00000
summer     medium     medium     7.70000     11.80000     85.98200     0.77000     46.50000     37.85700     252.50000     22.50000     31.80000     0.00000     0.00000     2.20000     5.40000     1.20000     0.00000
spring     medium     medium     7.80000     10.20000     32.92000     9.24800     91.83300     22.20000     98.25000     6.16700     13.60000     1.90000     21.70000     0.00000     0.00000     0.00000     15.10000
spring     medium     medium     7.55000     8.20000     65.75000     2.27300     137.27299     30.75000     173.75000     20.80000     15.10000     12.40000     1.00000     11.30000     8.00000     31.80000     7.20000
winter     small     medium     8.50000     10.90000     57.75000     2.31000     90.00000     109.00000     171.27200     3.00000     7.20000     12.70000     0.00000     0.00000     0.00000     0.00000     30.10000
winter     medium     high     8.40000     11.80000     9.05500     2.89900     60.00000     54.10000     61.50000     XXXXXXX     2.20000     0.00000     17.60000     2.20000     0.00000     0.00000     1.20000
summer     medium     high     8.10000     10.80000     127.83300     0.23000     233.70000     25.16700     6.00000     1.10000     0.00000     15.20000     3.70000     0.00000     3.20000     3.90000     0.00000
autumn     medium     high     8.50000     9.20000     19.22000     1.65100     101.00000     12.00000     265.25000     1.30000     7.60000     1.90000     20.20000     0.00000     0.00000     4.50000     0.00000
summer     medium     medium     8.00000     11.70000     94.00000     2.30400     1131.66003     28.62500     1.00000     0.30000     0.00000     0.00000     0.00000     0.00000     7.50000     0.00000     1.00000
spring     large     medium     7.44000     10.70000     34.03700     10.41600     34.33300     45.00000     236.00000     2.15000     10.30000     11.60000     0.00000     0.00000     44.40000     5.40000     2.40000
spring     medium     high     8.50000     9.80000     27.23300     0.94100     227.60001     20.00000     17.00000     3.00000     2.40000     5.20000     4.00000     0.00000     4.00000     6.70000     6.00000
autumn     large     medium     7.30000     12.50000     41.25000     0.66300     10.00000     20.66700     6.00000     2.50000     3.30000     10.50000     0.00000     5.00000     4.00000     0.00000     1.40000
winter     medium     low     8.40000     7.40000     139.98900     1.87000     96.83300     47.50000     14.00000     6.50000     1.20000     1.90000     0.00000     7.60000     0.00000     0.00000     2.10000
summer     medium     low     8.60000     10.00000     21.95000     0.82500     43.75000     39.00000     26.00000     20.60000     1.70000     0.00000     1.50000     5.00000     0.00000     5.90000     1.90000
winter     large     medium     7.60000     5.70000     4.08300     0.10200     236.00000     111.25000     624.73297     4.00000     1.60000     21.70000     2.00000     11.50000     0.00000     0.00000     1.70000
autumn     small     low     8.80000     8.40000     43.97000     1.72000     196.00000     3.00000     101.45500     5.55500     33.90000     16.00000     10.80000     0.00000     9.20000     0.00000     0.00000
winter     small     high     7.90000     11.70000     1.45000     6.20000     40.00000     21.08300     49.33300     21.90000     12.30000     0.00000     0.00000     3.70000     8.60000     8.50000     2.40000
summer     medium     high     8.53000     10.50000     16.00000     4.82000     76.66700     14.66700     277.33301     0.30000     0.00000     1.70000     13.60000     0.00000     17.90000     0.00000     0.00000
autumn     large     high     8.70000     10.68000     32.30000     1.32800     197.90900     173.00000     39.00000     3.80000     3.40000     0.00000     22.00000     1.10000     6.60000     0.00000     0.00000
winter     medium     medium     9.10000     10.80000     10.07800     0.65800     1168.00000     12.75000     219.90900     3.60000     69.90000     0.00000     2.70000     6.80000     18.70000     0.00000     2.90000
summer     medium     medium     8.70000     9.90000     27.40000     5.33000     38.11100     16.80000     3.00000     40.00000     4.10000     16.00000     1.80000     0.00000     6.10000     0.00000     31.20000
spring     medium     low     7.90000     8.90000     34.50000     2.30200     130.00000     45.90000     40.00000     23.80000     1.20000     0.00000     0.00000     4.80000     34.30000     0.00000     1.40000
summer     small     low     8.06000     11.10000     5.27300     1.05100     134.00000     97.33300     138.70000     14.70000     3.30000     0.00000     0.00000     0.00000     6.40000     52.50000     0.00000
winter     small     high     8.24000     11.70000     53.42500     3.56100     88.18200     27.66700     272.22198     20.57800     4.20000     12.70000     1.60000     1.00000     0.00000     7.10000     1.70000
winter     large     medium     8.15000     4.50000     39.00000     3.41400     1081.66003     44.00000     23.00000     5.54400     46.90000     72.60000     10.30000     0.00000     11.50000     10.30000     1.70000
summer     small     medium     8.30000     7.90000     2.93300     1.65500     124.36400     82.22200     140.51700     5.60900     0.00000     28.00000     2.10000     3.50000     5.50000     42.40000     0.00000
autumn     small     high     7.60000     9.80000     71.44400     9.08000     92.37500     50.88900     137.77800     50.00000     39.70000     9.70000     18.90000     2.70000     0.00000     0.00000     0.00000
summer     medium     medium     7.70000     10.70000     8.00000     5.41000     54.75000     78.33300     186.00000     53.10000     3.60000     1.20000     1.10000     0.00000     19.00000     0.00000     0.00000
spring     medium     medium     7.61000     11.40000     XXXXXXX     1.51900     271.25000     412.33301     18.29300     1.40000     18.90000     7.40000     3.70000     0.00000     0.00000     0.00000     0.00000
spring     large     medium     8.35000     11.00000     43.09000     2.55000     146.66701     16.00000     111.37500     XXXXXXX     19.40000     31.90000     12.90000     3.40000     0.00000     0.00000     0.00000
summer     large     high     8.40000     4.80000     104.81800     3.90800     308.75000     3.80000     86.99700     22.90000     16.80000     3.80000     0.00000     12.70000     2.20000     0.00000     0.00000
summer     medium     high     8.40000     5.30000     5.32600     1.00300     81.00000     35.33300     19.00000     2.30000     52.40000     8.00000     2.10000     0.00000     0.00000     21.40000     0.00000
summer     large     high     7.60000     9.80000     55.35000     3.20000     103.00000     2.50000     194.10001     27.61800     0.00000     0.00000     1.20000     1.40000     0.00000     0.00000     0.00000
winter     medium     medium     8.20000     11.30000     4.32600     2.94200     137.00000     15.60000     142.00000     4.30000     9.20000     5.40000     0.00000     0.00000     0.00000     0.00000     0.00000
winter     large     medium     7.90000     3.60000     56.71700     3.90000     65.45500     23.00000     211.66701     2.10000     1.40000     20.10000     0.00000     0.00000     0.00000     0.00000     0.00000
spring     large     medium     9.00000     11.10000     7.00000     0.86600     5.00000     51.12500     22.90000     2.86000     1.70000     4.60000     19.70000     0.00000     0.00000     0.00000     0.00000
winter     large     high     8.25000     11.10000     130.67000     0.88600     89.60000     1.00000     61.44400     3.30000     6.50000     2.90000     0.00000     0.00000     0.00000     0.00000     3.90000
summer     small     low     8.10000     9.70000     2.20000     0.69900     245.00000     61.25000     187.05701     1.40000     48.30000     1.70000     1.90000     0.00000     16.20000     0.00000     3.20000
spring     small     high     8.40000     10.80000     41.16300     3.72600     24064.00000     20.00000     89.62500     46.07500     1.70000     0.00000     3.00000     0.00000     1.40000     0.00000     2.30000
winter     small     low     7.60000     11.10000     77.00000     2.97800     12.50000     191.75000     115.00000     3.30000     4.10000     14.60000     4.20000     0.00000     0.00000     12.40000     5.80000
autumn     small     low     7.09000     10.29000     10.20700     2.80500     1729.00000     19.11100     2.50000     65.70000     54.40000     1.50000     8.80000     2.40000     15.90000     17.80000     10.80000
summer     small     low     7.00000     9.80000     136.00000     3.14000     72.60000     51.11100     124.20000     50.22500     2.40000     2.00000     0.00000     0.00000     5.00000     18.20000     1.50000
spring     large     high     9.00000     7.60000     87.00000     8.75900     XXXXXXX     16.00000     45.00000     15.00000     82.70000     32.80000     0.00000     0.00000     0.00000     0.00000     0.00000
winter     medium     high     8.00000     11.40000     15.54100     3.85000     123.33300     19.72700     81.55800     XXXXXXX     1.10000     0.00000     1.20000     0.00000     0.00000     16.60000     1.40000
autumn     medium     medium     7.62000     8.30000     61.05000     1.39000     18.33300     61.55600     50.45500     98.81700     0.00000     0.00000     14.00000     0.00000     0.00000     0.00000     0.00000
spring     large     medium     8.10000     11.30000     7.33300     6.54000     28.00000     181.00000     120.88900     0.80000     2.20000     2.10000     11.50000     0.00000     0.00000     17.70000     0.00000
spring     medium     high     7.90000     9.00000     94.40500     6.09600     239.00000     236.39999     91.11100     1.10000     15.50000     4.60000     2.90000     0.00000     3.10000     5.50000     7.00000
winter     medium     medium     7.90000     9.40000     53.00000     2.58600     132.25000     64.00000     215.50000     0.50000     32.50000     1.50000     19.50000     1.00000     6.10000     0.00000     12.50000
winter     large     high     8.30000     11.90000     77.36400     3.83300     215.55600     7.40000     79.75000     2.00000     66.00000     38.80000     1.70000     0.00000     2.10000     0.00000     0.00000
autumn     medium     low     7.72000     9.00000     14.32000     0.44500     101.66700     2.00000     296.00000     0.50000     0.00000     1.00000     1.70000     44.60000     5.30000     5.90000     1.00000
spring     small     medium     9.70000     9.40000     7.83800     3.68500     647.57001     3.00000     140.22000     5.11100     0.00000     10.40000     0.00000     2.10000     8.70000     0.00000     0.00000
autumn     large     low     8.55000     13.40000     63.62500     1.73200     49.00000     238.20000     10.11100     2.00000     3.30000     1.70000     0.00000     1.00000     20.80000     0.00000     4.90000
autumn     large     low     8.10000     11.80000     391.50000     2.80000     25.00000     38.62500     13.20000     28.40000     2.40000     0.00000     7.80000     0.00000     0.00000     0.00000     1.00000

