1)
  season   size  speed mxPH mnO2    Cl  NO3    NH4  oPO4   PO4 Chla   a1   a2   a3  a4   a5   a6
1 winter  small   high 7.30  9.4  1.45 4.93 3515.0 125.7 125.8 50.0  3.6 13.2  0.0 2.4 34.2  8.3
2 spring medium   high 8.70 12.0 77.00 5.69   32.5  35.3  20.8  1.3  5.7  0.0  4.1 6.9  7.3  0.0
3 winter medium medium 5.70 10.4 40.02 6.22  225.0 246.0 140.5   NA  3.3 53.6  0.0 0.0  0.0  0.0
4 spring medium   high 8.06  4.5  1.55 2.32  109.0  61.2 138.7  7.3  0.0  0.0  0.0 0.0  0.0  0.0
5 autumn  small medium 7.80  9.0 17.75 1.42  233.7  58.2  97.6 75.0 55.5  2.9  0.0 0.0  0.0  0.0
6 spring  large   high 7.19 10.0 63.29 2.95   52.2  13.0 115.0 28.4  0.0  2.9 12.9 4.0  0.0 12.6
   a7
1 0.0
2 2.9
3 0.0
4 3.2
5 1.0
6 0.0
2)
,season,size,speed,mxPH,mnO2,Cl,NO3,NH4,oPO4,PO4,Chla,a2,a4,a6,a7
1,winter,small,high,7.3,9.4,1.45,4.93,3515,125.667,125.8,50,13.2,2.4,8.3,0
2,spring,medium,high,8.7,12,77,5.694,32.5,35.333,20.812,1.3,0,6.9,0,2.9
3,winter,medium,medium,5.7,10.4,40.02,6.225,225,246,140.517,NA,53.6,0,0,0
4,spring,medium,high,8.06,4.5,1.549,2.316,109,61.182,138.7,7.3,0,0,0,3.2
5,autumn,small,medium,7.8,9,17.75,1.42,233.7,58.222,97.58,75,2.9,0,0,1
6,spring,large,high,7.19,10,63.292,2.954,52.2,13,115,28.4,2.9,4,12.6,0
7,autumn,medium,medium,7.29,10.3,37.6,0.672,643,37.375,138.5,4.9,21.5,3.9,0,0
8,spring,medium,low,7.9,10.6,4.326,2.273,2082.8501,5,102.571,6.9,1.6,0,0,0
9,summer,small,high,7.61,10.5,11.867,2.302,20,173,18.293,18.33,0,0,0,0
10,winter,medium,medium,8,3.4,4.575,0.996,345.45499,8.692,22.9,0.8,1.7,2.9,0,1.7
11,winter,small,high,8.5,9.2,53.333,1.72,380,197.83299,40.667,5.609,8.6,1.7,64.6,0
12,summer,small,medium,8,11.1,NA,1.003,60,38.625,233.5,1,7.3,3.2,7.5,0
13,winter,medium,high,7.74,9.6,47.229,1.203,10,4,10.75,0.6,3.4,1.2,0,6.1
14,winter,large,medium,7.57,11.7,5.326,8.759,22.5,31.333,14,2,0,0,22.9,0
15,summer,small,medium,8.66,3.2,54.143,1.448,215.556,4.25,127,2,5,0,16.6,0
16,spring,medium,medium,7.55,11.5,7.333,3.07,14.75,97.333,167.89999,5.5,0,1.4,0,0
17,spring,medium,medium,7.78,8,10.936,0.81,39,53,50,12.32,0,0,6.8,1.9
18,autumn,small,high,7.35,10.77,32.54,0.866,103.333,55,254.60001,0.5,21.5,1.9,2.6,5.2
19,summer,small,medium,7.14,6.5,8,0.445,24064,2,292.625,0.3,0,4.3,0,1.7
20,winter,medium,medium,8.5,11.1,5,6.188,196.66701,24.667,111.375,5.2,0,4.1,0,0
21,winter,large,medium,7.83,11.8,3.5,4.825,3466.65991,6,586,16,0,0,11.5,1.4
22,spring,small,high,8.3,10.2,22.455,1.328,96.667,109,98.143,1.1,5.4,2.3,0,0
23,spring,small,low,7.75,8.8,0.222,1.212,53.846,16,6.5,7.6,25.4,0,0,1.9
24,winter,large,high,9.5,10.5,50,2.323,208.33299,2.5,87.125,NA,0,1.9,0,0
25,spring,small,high,8.6,3.3,10.556,2.304,236,34.636,91.111,1.4,0,0,0,3.4
26,spring,small,high,7.79,11.4,66.3,9.248,271.25,144.66701,771.59998,10,0,0,10.1,0
27,winter,medium,high,7.5,8.4,127.833,1.534,4073.33008,61.556,50.455,18.3,0,0,42.1,0
28,spring,small,high,8.4,10.1,29.2,3.02,25.833,9,43.5,4,0,0,0,0
29,summer,small,high,8,10.7,8.69,5.97,60,12.75,61.6,3.7,17.1,3,4.1,4.1
30,autumn,medium,high,6.6,10.7,9,2.942,120,54,279.06601,0.5,0,0,0,3.6
31,winter,medium,high,8.2,4.4,16,5.41,18.429,7.75,186.5,8.155,1.9,0,3.1,1.2
32,winter,medium,medium,8.2,8.9,26,4.408,120,6.5,6.2,46.075,7,0,0,2.2
33,summer,small,high,7.4,9.5,129.375,5.099,98.182,82.222,60,2,38.5,1,42.7,7.8
34,autumn,small,high,8.4,9.4,53,1.172,627.27301,51.111,4,2.9,9.1,6.8,17.2,1
35,winter,large,high,8.3,7.1,79.077,3.923,62.5,75.875,72.9,1.7,0,0,0,3.9
36,summer,small,medium,7.5,9.8,45.273,3.561,429.20001,187,44.136,3.6,0,0,0,30.1
37,autumn,large,high,7.3,6.5,1.17,1.655,197.909,264.89999,146.452,0.2,0,0,6.7,2.1
38,summer,medium,high,8.7,7.8,61.05,3.773,21.571,55,58.374,9.882,21.7,2,10.3,0
39,winter,small,medium,8,7.3,43,2.231,346.66699,12.75,61.444,6.209,40.9,2.7,31.8,0
40,winter,small,low,8.43,9.9,2.2,1.67,46.5,182.42,183.66701,3.2,6,1.4,0,0
41,summer,small,low,8,9.7,46.167,4.94,92.375,16.833,205.875,3.2,5.9,0,0,0
42,spring,medium,low,7.91,10.3,22.35,7.83,56.364,53.625,2.5,13.2,0,0,1.9,0
43,winter,medium,high,8.3,8.3,50,5.13,76,2,124.2,22.5,10.4,28.8,0,0
44,spring,small,high,8.3,8.8,65.333,0.923,91.833,276.85001,326.85699,2,3.1,0,0,0
45,winter,small,medium,7.7,8.1,69.75,5.164,60.11,33.8,23,3.9,12.7,0,0,0
46,summer,medium,high,8.84,12.5,28.333,0.23,33.636,104.222,6.75,2.1,1.5,0,1,0
47,autumn,medium,medium,8.5,11.1,29.775,0.376,35,16,272.22198,0.5,12.7,0,2,0
48,autumn,small,high,NA,3.6,9,1.374,72.6,44.667,11.818,11.1,0,1,0,0
49,winter,small,medium,7.6,10.7,15,1.32,11.111,3.333,624.73297,1.4,5.4,1.2,12.7,2.1
50,summer,small,medium,6.5,9.8,5.889,0.886,15,27.667,558.75,12.1,1,1.1,0,0
51,winter,large,high,8.1,1.5,32.056,0.846,192.5,196.62,6,1.1,19.6,0,7,5.9
52,summer,small,medium,8.1,7.6,9,4.459,371.11099,209.85699,361,4.5,8.7,0,0,0
53,spring,small,high,7.2,6.3,55.35,2.818,505,1.333,171.272,3,0,0,0,0
54,winter,small,medium,7.3,7.4,82.857,0.91,245,49,1,2.15,0,0,0,0
55,autumn,medium,high,8.9,7.1,49.9,6.54,10.5,70,262.72699,8.1,0,0,0,2.7
56,winter,large,high,5.6,4.9,NA,3.14,421.66699,4,57.833,1.1,1.9,0,0,2.7
57,winter,small,medium,7.9,7.7,NA,1.32,122.85,34.5,253.25,2.86,4.6,7.8,0,0
58,summer,small,high,6.6,11.9,6.3,0.642,132.25,234.5,46.438,NA,0,0,6.2,2.3
59,winter,medium,low,6.6,12.1,43.97,3.85,1495,2,102.333,7.3,1.9,0,0,0
60,spring,small,medium,7.93,9.8,56.717,1.732,10,21.083,235.66701,72.478,12,0,8.7,0
61,spring,large,medium,7.8,10.5,NA,1.287,90,27,88.5,15.6,21.6,0,1.2,0
62,spring,small,low,8.24,NA,47,1.588,18,NA,56.667,2,0,5,33.2,7.1
63,autumn,medium,medium,7.45,11.1,48.429,5.414,NA,1.625,111.75,25,1.7,1,0,0
64,summer,small,high,7.72,8.2,23.825,3.778,5,9.667,123.333,0.6,0,0,0,1.4
65,spring,medium,medium,8.5,11.3,20.625,NA,160,84.3,7.2,3.2,0,44.6,0,0
66,winter,medium,high,7.44,11.7,32.3,4.17,370,61.25,75.904,50.225,0,1.8,0,1.4
67,winter,medium,high,8.22,5.5,173.75,0.63,112.857,1.25,213,0.9,14.6,0,5.5,0
68,autumn,small,medium,8.5,10.3,23.25,0.921,51.429,175.66701,175.04601,NA,4.1,0,0,0
69,winter,medium,medium,8.53,5.3,82.852,0.381,758.75,23,351.60001,0.8,4.6,7.6,0,0
70,spring,large,medium,7.8,11.17,20.083,3.73,1990.16003,412.33301,388.16699,1,4.9,0,0,2.4
71,winter,large,medium,8.7,6.2,130.67,2.67,98.333,151.125,141.83299,22.9,0,0,1.4,1.2
72,autumn,medium,high,9.7,6,10.078,1.335,25,24,152.33299,54.367,0,0,10.6,1.4
73,winter,medium,low,8,10.2,69,9.08,5.8,564.59998,72.696,11.7,28,4.4,0,4.2
74,summer,large,medium,8.05,8.5,7.25,3.617,15,75,287,0.8,5.8,2.2,5.1,1.4
75,autumn,medium,high,8.5,9.4,100.83,4.87,NA,19.111,52.875,3,0,11,2.4,0
76,summer,small,high,8.3,8.4,104.818,3.829,12.5,39,246.66701,6.8,0,13.4,0,0
77,spring,small,low,9.06,10.2,12.182,3.734,102.5,18.25,19,6.167,0,2.2,9.9,0
78,winter,small,high,8.4,5.9,44.205,3.2,133.636,36,76.333,NA,13.7,3.5,0,2.2
79,spring,medium,low,8.07,10.6,21.95,0.701,1168,9,34,3.6,0,11.3,0,0
80,winter,medium,low,8,10.8,41.163,0.461,66.667,26.6,304,2.8,0,3.4,6.9,0
81,winter,medium,medium,7.8,6.8,10.975,2.586,32.5,57.6,11.5,41,0,4.6,0,1.4
82,autumn,small,high,8.7,9,10.5,6.238,2167.37012,191.75,219.909,92.667,6.4,0,8.2,0
83,summer,small,low,8.35,10,7,2.55,228.75,20,NA,27.5,0,1,6.4,10.2
84,summer,small,medium,7.09,13.4,48.667,1.051,10,1,69.93,0.5,16.2,0,0,1.4
85,summer,medium,medium,7.83,10.8,14.32,1.208,737.5,181,244,1.3,28,0,0,25.6
86,spring,medium,medium,8.4,4.9,53,2.64,81,137.60001,344.60001,0.8,15.7,2.2,0,0
87,autumn,large,medium,8.2,11.7,36.248,3.02,38.111,220.75,137.778,1.3,4.7,1.2,13.2,1.9
88,winter,medium,medium,8,9.9,12.146,6.2,10,22.444,186,13.1,4.1,2.4,0,2.4
89,summer,small,medium,7.6,11.8,53.102,1.527,172.5,32.5,317,NA,3.1,7.7,4.5,1.1
90,winter,medium,medium,8.21,9.6,125.6,0.663,49.5,20,303.33301,5.8,0,3.5,15.7,0
91,winter,small,medium,7.8,9.8,7,0.825,101.25,3,391.75,0.3,1.4,0,0,2.2
92,summer,large,medium,7.6,11.8,47.778,5.099,196,59.429,265.25,5.111,0,1.2,1.4,0
93,spring,medium,medium,7.7,11.6,8,3.765,178.57001,64,3,3,5.6,4.6,0,0
94,winter,small,low,8.06,6.2,12,2.443,224.286,18.667,11,40,0,1.6,0,1.9
95,autumn,medium,high,8.1,11.8,4.7,2.102,205.66701,159.5,15,2.5,0,0,0,3.3
96,winter,small,high,8,8.2,35.75,1.572,118.571,467.5,127.222,11.84,11.3,0,0,0
97,autumn,medium,high,9.1,8.2,42.636,0.308,46.2,78.333,142,81.54,5.5,1.4,0,0
98,autumn,medium,low,7.9,8.5,39.109,0.826,58.5,26.625,214,23.8,2,0,0,1
99,winter,medium,high,8.58,10.7,27.233,10.416,37.778,51.75,84.46,68.05,2.1,0,5.1,0
100,spring,small,medium,8,9.6,85.982,3.14,40,10,222.286,0.4,0,6.6,0,0
101,summer,large,low,8.1,7.1,64.093,1.535,122.5,7.3,14.354,30,2.1,0,0,1.9
102,spring,large,high,8.3,11.2,11,2.805,235,44,6,2.8,4.1,1.7,0,1.5
103,autumn,large,high,9.1,8.7,57.75,2.899,128.571,1,35.2,0.8,0,5.3,1.5,0
104,spring,medium,medium,7.6,8.8,3,0.13,54.778,64.389,75.207,65.7,0,2.6,7.1,0
105,spring,medium,low,7.8,10.1,194.75,3.678,227.60001,136.75,7,6.429,0,1.2,18.2,0
106,summer,small,low,8.7,9.2,41.25,1.443,51.111,104.5,201.778,11.6,36.6,0,5.4,2.4
107,spring,small,medium,8.1,11,26.76,1.47,10,15.6,47,NA,19.6,0,15.8,2.7
108,autumn,medium,medium,8.7,11.1,41.5,1.726,931.83301,85.5,239,21.22,0,0,0,1.7
109,winter,small,high,8.43,10.5,82.111,4.99,723.66699,48,173.75,2.1,2.1,12.7,0,9.7
110,autumn,medium,high,8.16,10.9,0.8,1.718,578,10.583,85,24.556,15.2,0,0,0
111,winter,small,high,8.3,10.8,12.778,1.223,215.714,62.625,27.5,0.3,1.5,6.8,0,0
112,spring,small,medium,8.5,10.6,6.167,3.444,146.66701,46.667,26,3,12.4,0,7.9,0
113,spring,medium,high,6.6,9,11.818,7.74,206.53799,7.4,61.5,88.255,0,8.3,15.8,2.9
114,summer,medium,low,7.6,8.1,94,1.875,1729,37.857,275.14301,1.1,1,0,17.7,0
115,autumn,medium,medium,7.7,5.8,12.444,3.9,96.667,66.4,75.333,20.578,14.5,5,0,4.3
116,summer,large,high,7.62,8.4,NA,0.73,40,12.75,98.25,14.775,9.7,4.6,0,0
117,winter,medium,medium,8.3,4.8,13,6.64,125.333,143.71001,232.83299,0.8,4.3,1.9,3.6,2
118,autumn,small,high,8.47,11.6,NA,5.33,28.333,27,13.2,34.75,1,2.4,0,3.3
119,spring,medium,medium,8.27,11,5.83,8.984,920,102.333,121,24.917,0,4.9,0,0
120,autumn,small,low,8.2,10.7,131.39999,3.976,92,1,45,3,4.3,0,0,0
121,spring,small,medium,7.4,10.2,5.273,7.16,123.333,27.5,49.333,110.456,18.4,0,2.2,1.4
122,summer,medium,high,9.1,9.5,4.083,5.078,12.727,166.72701,17,20.87,20.1,0,1.6,3.2
123,summer,medium,medium,8.5,8.3,57.75,3.316,1386.25,10.667,211.66701,2.7,0,0,12.4,0
124,summer,small,low,7.4,6,7.838,2.163,430,36.909,11,9,22,4.8,0,0
125,spring,medium,low,6.4,10.4,NA,1.288,84.667,72,77.434,5.2,0,0,5.9,0
126,winter,medium,medium,8.1,10.7,81.333,0.05,486.5,71,3,17.491,3.9,3.7,0,16.7
127,summer,medium,medium,7.8,9.3,187.183,NA,246.364,87.333,46.6,28.567,0,0,0,6.1
128,summer,medium,medium,6.8,6.9,10.4,1.39,10,32,6,18.37,0,1,13.1,6.6
129,summer,small,medium,8.55,13.1,101.875,4.188,10,41.3,177.625,13.1,0,0,32.1,0
130,winter,medium,high,8.7,11.7,31,9.773,20,41.5,86.997,31,0,1.9,49.4,3.9
131,spring,medium,high,7.9,1.8,26,6.096,31.333,48.667,NA,26.8,4.6,2.1,0,18.6
132,summer,medium,low,9,10.5,11.088,0.23,102.75,48.625,66.75,0.5,41,0,0,5.8
133,spring,large,high,8.5,11.21,4.545,3.351,37.5,12,320.39999,NA,0,0,9.6,0
134,autumn,medium,high,8.3,10.7,73.25,3.245,54.75,8.6,16.662,2,28.2,11.5,0,2.4
135,spring,small,medium,7.9,7.1,2.111,3.31,8,144,276,2.5,20.6,0,0,0
136,winter,small,high,8.1,10.1,63.51,8.688,27.286,58.875,58.623,0.3,26.5,1.2,0,1.5
137,spring,large,medium,7.4,9.7,35.66,3.414,8777.59961,50.889,154.125,4.3,8,3.7,20.4,3.9
138,summer,medium,medium,7.925,12.6,38.125,1.715,124,45,170,13,0,1.3,16.7,5.5
139,summer,large,medium,9.1,10.68,34.037,5.132,308.75,23,17.333,30.4,3.9,0,0,1.9
140,winter,medium,high,8.6,12.9,39,0.9,5738.33008,30.75,39,98.817,2.6,0,1.5,0
141,autumn,large,medium,8.1,6.6,16,4.698,175,261.60001,197.14301,6.4,7.6,0,0,1.6
142,winter,small,medium,8.1,9.5,22.32,6.513,124.167,267.75,249.25,17.2,1.2,1.7,1.4,0
143,summer,small,high,7.9,7.9,10.207,0.735,170.909,12.889,14,4.667,0,4.3,0,0
144,spring,large,high,8,11.1,39,4.665,131.66701,428.75,277.33301,0.6,1.4,6.2,1.8,0
145,summer,medium,high,7.9,11,70,4.03,18.333,36.3,188.66701,4.5,3.8,0,0,31.6
146,winter,medium,high,8,4.3,9.055,0.267,161.81799,67.5,84,20.6,16.4,5.7,0,22.1
147,winter,large,medium,7.9,11.62,59.067,4.071,28,38.75,11.8,21.9,6.7,0,0,1
148,winter,small,high,8.4,6.3,40.226,4.555,76.667,2.5,105.727,32,9.6,0,0,0
149,winter,large,high,7.9,9,151.83299,4.053,27.069,39,252.5,22.5,3.4,4,1.2,0
150,summer,medium,high,8.2,9.2,32.92,3.833,10,22.2,187.05701,1,21.7,0,9.9,6
151,summer,large,medium,7.8,10.8,65.75,1.587,32.727,1.8,130.75,22.7,0,2.2,32.9,7.2
152,winter,large,medium,8.8,6,88,2.31,89.6,16,116.2,NA,0,0,8.5,0
153,spring,medium,medium,7.6,9.7,74.667,2.822,10,111.25,6,27.618,0,0,0,1
154,autumn,large,low,7.4,11.3,2.75,0.406,176.66701,13,228.364,5.62,0,0,5.5,0
155,autumn,large,high,8.3,10,8.3,1.651,27.5,3.222,255.28,19.4,16,0,4.5,0
156,spring,small,high,8,11.7,3.275,3.235,1131.66003,37,89.625,5.544,15.9,1.7,17.1,0
157,spring,large,medium,8.3,11.8,54.19,3.685,34.333,3.545,236,7.9,4,0,1.6,0
158,spring,medium,high,8.15,10.5,13.5,0.941,110,54.1,143.75,1.5,5.2,0,3.3,0
159,winter,large,low,8.87,12.5,49.625,4.908,96.833,20.667,54.916,17.2,2.7,0,0,0
160,winter,medium,low,8.4,11.5,19.22,1.87,42,180.66701,269.66699,4.5,38.8,0,4.6,6.8
161,summer,medium,low,8.6,10.29,391.5,0.77,43.75,102,194.10001,1,8.9,0,1.2,0
162,autumn,medium,high,7.2,5.7,30.523,0.102,153,100,284,93.683,12.5,0,0,1.6
163,autumn,large,low,7.8,8.9,NA,3.908,103.333,120.5,432.909,5.555,0,0,0,1.7
164,winter,small,medium,8.1,11.4,53.425,0.33,16.2,26,132.54601,2,12.7,0,0,2.7
165,autumn,medium,high,7.3,3.2,43.09,4.82,155,14.667,56.667,3,0,0,0,14.4
166,autumn,large,medium,8.3,10.53,3.136,1.415,88.182,45.9,10.111,NA,0,0,11.1,0
167,autumn,medium,medium,8.5,6.2,11,4.508,137.27299,102.364,232.89999,6.5,31.9,1,0,2.9
168,winter,medium,high,8.3,9.8,27.4,1.873,134,1,104,4.3,1.7,2.5,2.7,2.5
169,autumn,large,medium,8.2,7.9,12.536,45.65,130,4,169.00101,1.2,1.7,0,4.7,2.4
170,autumn,medium,high,7.5,6,22.286,4.535,137,51.125,6.667,9.384,40.7,0,0,1
171,spring,small,high,8.4,6.1,95.367,1.474,255,151.33299,285.71399,0.5,1,2,0,0
172,spring,small,medium,8.15,4.5,30.125,0.658,1081.66003,205.636,7.654,6.8,0,1,5.9,0
173,spring,medium,low,8.1,7,87,0.758,124.364,47.5,23.485,NA,32.8,4.6,42.4,1.4
174,spring,medium,low,8,5.4,71.444,3.318,43.75,12,40,5.083,12,3.7,0,1
175,spring,medium,medium,8.7,10.6,7.613,3.33,142,60,221.278,53.1,1.2,0,0,15.1
176,autumn,medium,low,7,9.9,40.167,1.51,165,3.8,218,NA,0,2.6,8.3,0
177,autumn,large,high,7.4,9.8,38.902,5.456,1911,16,71,20.8,11.2,0,77.6,6
178,spring,medium,high,7.4,6.35,2.933,3.78,12.5,25.167,13.6,31.738,21.1,0,0,1.2
179,winter,large,high,8.4,9.8,77.364,7.195,20,NA,200.231,3.8,8,0,2.6,1.9
180,winter,medium,medium,9,10.5,58.331,3.978,65.556,60.833,607.16699,21,0,0,29.5,0
181,spring,medium,medium,7.8,12.1,208.364,8.543,101.667,159.16701,108,16,5,2.2,52.5,12.5
182,summer,small,high,8.8,3.6,64,9.715,101,221.89999,16,20.829,7.4,0,0,0
183,autumn,medium,medium,7.8,10.8,7,0.673,914,28.625,18,5.233,7,0,22.3,1.6
184,summer,large,medium,8.25,8.6,31.091,2.512,83.75,282.16699,101.455,3.3,72.6,0,0,0
185,summer,small,high,7.77,10.8,51.113,0.699,6400,105,147.83299,3.3,0,0,0,3.2
186,winter,large,low,7.5,10.8,63.625,3.726,34,132.5,85.4,4.3,16,0,0,0
187,winter,small,low,7.6,9.9,3.86,2.978,13.5,77.333,21.3,0.8,10.5,0,1.5,0
188,winter,large,high,7.5,5.3,32.4,2.603,32,10.8,82.444,8.957,0,3.5,17,10.8
189,spring,large,medium,7.9,9.8,57.848,2.22,82.1,51.111,56.091,3,0,0,0,1.2
190,autumn,large,medium,7.84,7.6,44,0.735,17.778,346.16699,122,15,7.5,0,17.8,0
191,spring,small,high,8.3,6.7,15.541,4.86,103,27.25,81.558,0.8,12,3.4,0,31.2
192,spring,large,high,8.2,9.9,60.8,0.86,105.556,19.727,116.2,14.7,11.6,0,0,1
193,winter,small,high,8.56,11.3,17.375,6.045,153.75,1,120.889,3.5,2.1,0,0,0
194,summer,medium,medium,7.7,NA,94.405,0.536,239,236.39999,19,10.5,14.7,0,0,7
195,winter,medium,medium,8.1,11.3,136,1.921,217.75,19.111,215.5,2,13.2,0,6.8,0
196,summer,large,medium,8.4,11.7,34.5,1.519,65.455,16.8,79.75,2.338,3.8,5,3.9,1.2
197,summer,small,low,7.7,10.9,NA,1.013,461.875,7.667,296,5.45,0,0,21.4,2.1
198,winter,large,high,8.1,9.4,139.989,2.68,647.57001,3,140.22,2.3,0,2.1,4.7,0
199,spring,small,high,8.6,7.7,29.5,5.442,49,238.2,20.75,15.3,5.6,2.2,0,4.9
200,autumn,large,medium,8.6,8.1,NA,2.8,244.60001,104.727,313.60001,3.1,0,0,17,2.2
3)
winter     small     high     7.30000     9.40000     1.45000     4.93000     3515.00000     125.66700     125.80000     50.00000     3.60000     13.20000     0.00000     2.40000     34.20000     8.30000     0.00000
spring     medium     high     8.70000     12.00000     77.00000     5.69400     32.50000     35.33300     20.81200     1.30000     5.70000     0.00000     4.10000     6.90000     7.30000     0.00000     2.90000
winter     medium     medium     5.70000     10.40000     40.02000     6.22500     225.00000     246.00000     140.51700     XXXXXXX     3.30000     53.60000     0.00000     0.00000     0.00000     0.00000     0.00000
spring     medium     high     8.06000     4.50000     1.54900     2.31600     109.00000     61.18200     138.70000     7.30000     0.00000     0.00000     0.00000     0.00000     0.00000     0.00000     3.20000
autumn     small     medium     7.80000     9.00000     17.75000     1.42000     233.70000     58.22200     97.58000     75.00000     55.50000     2.90000     0.00000     0.00000     0.00000     0.00000     1.00000
spring     large     high     7.19000     10.00000     63.29200     2.95400     52.20000     13.00000     115.00000     28.40000     0.00000     2.90000     12.90000     4.00000     0.00000     12.60000     0.00000
autumn     medium     medium     7.29000     10.30000     37.60000     0.67200     643.00000     37.37500     138.50000     4.90000     0.00000     21.50000     0.00000     3.90000     1.40000     0.00000     0.00000
spring     medium     low     7.90000     10.60000     4.32600     2.27300     2082.85010     5.00000     102.57100     6.90000     0.00000     1.60000     3.90000     0.00000     15.30000     0.00000     0.00000
summer     small     high     7.61000     10.50000     11.86700     2.30200     20.00000     173.00000     18.29300     18.33000     1.10000     0.00000     1.70000     0.00000     0.00000     0.00000     0.00000
I love this class
winter     small     high     8.50000     9.20000     53.33300     1.72000     380.00000     197.83299     40.66700     5.60900     10.80000     8.60000     0.00000     1.70000     9.20000     64.60000     0.00000
summer     small     medium     8.00000     11.10000     XXXXXXX     1.00300     60.00000     38.62500     233.50000     1.00000     17.00000     7.30000     1.20000     3.20000     0.00000     7.50000     0.00000
winter     medium     high     7.74000     9.60000     47.22900     1.20300     10.00000     4.00000     10.75000     0.60000     43.50000     3.40000     0.00000     1.20000     0.00000     0.00000     6.10000
winter     large     medium     7.57000     11.70000     5.32600     8.75900     22.50000     31.33300     14.00000     2.00000     0.00000     0.00000     0.00000     0.00000     8.00000     22.90000     0.00000
summer     small     medium     8.66000     3.20000     54.14300     1.44800     215.55600     4.25000     127.00000     2.00000     3.80000     5.00000     23.20000     0.00000     0.00000     16.60000     0.00000
spring     medium     medium     7.55000     11.50000     7.33300     3.07000     14.75000     97.33300     167.89999     5.50000     24.30000     0.00000     1.80000     1.40000     0.00000     0.00000     0.00000
spring     medium     medium     7.78000     8.00000     10.93600     0.81000     39.00000     53.00000     50.00000     12.32000     48.30000     0.00000     0.00000     0.00000     0.00000     6.80000     1.90000
autumn     small     high     7.35000     10.77000     32.54000     0.86600     103.33300     55.00000     254.60001     0.50000     1.70000     21.50000     9.40000     1.90000     22.50000     2.60000     5.20000
summer     small     medium     7.14000     6.50000     8.00000     0.44500     24064.00000     2.00000     292.62500     0.30000     81.90000     0.00000     0.00000     4.30000     1.20000     0.00000     1.70000
winter     medium     medium     8.50000     11.10000     5.00000     6.18800     196.66701     24.66700     111.37500     5.20000     0.00000     0.00000     13.60000     4.10000     11.50000     0.00000     0.00000
winter     large     medium     7.83000     11.80000     3.50000     4.82500     3466.65991     6.00000     586.00000     16.00000     7.60000     0.00000     0.00000     0.00000     4.00000     11.50000     1.40000
spring     small     high     8.30000     10.20000     22.45500     1.32800     96.66700     109.00000     98.14300     1.10000     8.70000     5.40000     0.00000     2.30000     0.00000     0.00000     0.00000
spring     small     low     7.75000     8.80000     0.22200     1.21200     53.84600     16.00000     6.50000     7.60000     13.60000     25.40000     0.00000     0.00000     10.20000     0.00000     1.90000
winter     large     high     9.50000     10.50000     50.00000     2.32300     208.33299     2.50000     87.12500     XXXXXXX     1.40000     0.00000     1.60000     1.90000     8.90000     0.00000     0.00000
spring     small     high     8.60000     3.30000     10.55600     2.30400     236.00000     34.63600     91.11100     1.40000     39.70000     0.00000     1.20000     0.00000     0.00000     0.00000     3.40000
spring     small     high     7.79000     11.40000     66.30000     9.24800     271.25000     144.66701     771.59998     10.00000     1.90000     0.00000     6.10000     0.00000     1.40000     10.10000     0.00000
winter     medium     high     7.50000     8.40000     127.83300     1.53400     4073.33008     61.55600     50.45500     18.30000     69.90000     0.00000     0.00000     0.00000     16.20000     42.10000     0.00000
spring     small     high     8.40000     10.10000     29.20000     3.02000     25.83300     9.00000     43.50000     4.00000     52.20000     0.00000     35.10000     0.00000     0.00000     0.00000     0.00000
summer     small     high     8.00000     10.70000     8.69000     5.97000     60.00000     12.75000     61.60000     3.70000     0.00000     17.10000     19.60000     3.00000     0.00000     4.10000     4.10000
autumn     medium     high     6.60000     10.70000     9.00000     2.94200     120.00000     54.00000     279.06601     0.50000     23.70000     0.00000     0.00000     0.00000     19.70000     0.00000     3.60000
winter     medium     high     8.20000     4.40000     16.00000     5.41000     18.42900     7.75000     186.50000     8.15500     1.20000     1.90000     1.20000     0.00000     7.50000     3.10000     1.20000
winter     medium     medium     8.20000     8.90000     26.00000     4.40800     120.00000     6.50000     6.20000     46.07500     1.40000     7.00000     0.00000     0.00000     3.10000     0.00000     2.20000
summer     small     high     7.40000     9.50000     129.37500     5.09900     98.18200     82.22200     60.00000     2.00000     0.00000     38.50000     1.90000     1.00000     1.20000     42.70000     7.80000
autumn     small     high     8.40000     9.40000     53.00000     1.17200     627.27301     51.11100     4.00000     2.90000     4.10000     9.10000     0.00000     6.80000     2.60000     17.20000     1.00000
winter     large     high     8.30000     7.10000     79.07700     3.92300     62.50000     75.87500     72.90000     1.70000     5.30000     0.00000     0.00000     0.00000     0.00000     0.00000     3.90000
summer     small     medium     7.50000     9.80000     45.27300     3.56100     429.20001     187.00000     44.13600     3.60000     23.20000     0.00000     0.00000     0.00000     0.00000     0.00000     30.10000
autumn     large     high     7.30000     6.50000     1.17000     1.65500     197.90900     264.89999     146.45200     0.20000     0.00000     0.00000     7.00000     0.00000     0.00000     6.70000     2.10000
summer     medium     high     8.70000     7.80000     61.05000     3.77300     21.57100     55.00000     58.37400     9.88200     32.80000     21.70000     2.00000     2.00000     0.00000     10.30000     0.00000
winter     small     medium     8.00000     7.30000     43.00000     2.23100     346.66699     12.75000     61.44400     6.20900     2.00000     40.90000     10.10000     2.70000     5.60000     31.80000     0.00000
winter     small     low     8.43000     9.90000     2.20000     1.67000     46.50000     182.42000     183.66701     3.20000     2.40000     6.00000     1.40000     1.40000     0.00000     0.00000     0.00000
summer     small     low     8.00000     9.70000     46.16700     4.94000     92.37500     16.83300     205.87500     3.20000     0.00000     5.90000     5.00000     0.00000     0.00000     0.00000     0.00000
spring     medium     low     7.91000     10.30000     22.35000     7.83000     56.36400     53.62500     2.50000     13.20000     82.70000     0.00000     0.00000     0.00000     0.00000     1.90000     0.00000
winter     medium     high     8.30000     8.30000     50.00000     5.13000     76.00000     2.00000     124.20000     22.50000     12.70000     10.40000     7.50000     28.80000     0.00000     0.00000     0.00000
spring     small     high     8.30000     8.80000     65.33300     0.92300     91.83300     276.85001     326.85699     2.00000     2.40000     3.10000     0.00000     0.00000     0.00000     0.00000     0.00000
winter     small     medium     7.70000     8.10000     69.75000     5.16400     60.11000     33.80000     23.00000     3.90000     3.40000     12.70000     24.80000     0.00000     0.00000     0.00000     0.00000
summer     medium     high     8.84000     12.50000     28.33300     0.23000     33.63600     104.22200     6.75000     2.10000     0.00000     1.50000     0.00000     0.00000     2.90000     1.00000     0.00000
autumn     medium     medium     8.50000     11.10000     29.77500     0.37600     35.00000     16.00000     272.22198     0.50000     66.90000     12.70000     1.20000     0.00000     11.70000     2.00000     0.00000
autumn     small     high     XXXXXXX     3.60000     9.00000     1.37400     72.60000     44.66700     11.81800     11.10000     0.00000     0.00000     3.30000     1.00000     0.00000     0.00000     0.00000
winter     small     medium     7.60000     10.70000     15.00000     1.32000     11.11100     3.33300     624.73297     1.40000     1.40000     5.40000     3.30000     1.20000     8.20000     12.70000     2.10000
summer     small     medium     6.50000     9.80000     5.88900     0.88600     15.00000     27.66700     558.75000     12.10000     6.50000     1.00000     0.00000     1.10000     0.00000     0.00000     0.00000
winter     large     high     8.10000     1.50000     32.05600     0.84600     192.50000     196.62000     6.00000     1.10000     18.90000     19.60000     0.00000     0.00000     1.20000     7.00000     5.90000
summer     small     medium     8.10000     7.60000     9.00000     4.45900     371.11099     209.85699     361.00000     4.50000     24.00000     8.70000     10.30000     0.00000     12.40000     0.00000     0.00000
spring     small     high     7.20000     6.30000     55.35000     2.81800     505.00000     1.33300     171.27200     3.00000     1.50000     0.00000     0.00000     0.00000     4.00000     0.00000     0.00000
winter     small     medium     7.30000     7.40000     82.85700     0.91000     245.00000     49.00000     1.00000     2.15000     54.40000     0.00000     0.00000     0.00000     1.20000     0.00000     0.00000
autumn     medium     high     8.90000     7.10000     49.90000     6.54000     10.50000     70.00000     262.72699     8.10000     39.10000     0.00000     2.40000     0.00000     0.00000     0.00000     2.70000
winter     large     high     5.60000     4.90000     XXXXXXX     3.14000     421.66699     4.00000     57.83300     1.10000     0.00000     1.90000     0.00000     0.00000     7.40000     0.00000     2.70000
winter     small     medium     7.90000     7.70000     XXXXXXX     1.32000     122.85000     34.50000     253.25000     2.86000     29.50000     4.60000     0.00000     7.80000     0.00000     0.00000     0.00000
summer     small     high     6.60000     11.90000     6.30000     0.64200     132.25000     234.50000     46.43800     XXXXXXX     17.10000     0.00000     1.60000     0.00000     0.00000     6.20000     2.30000
winter     medium     low     6.60000     12.10000     43.97000     3.85000     1495.00000     2.00000     102.33300     7.30000     29.70000     1.90000     1.40000     0.00000     17.80000     0.00000     0.00000
spring     small     medium     7.93000     9.80000     56.71700     1.73200     10.00000     21.08300     235.66701     72.47800     47.10000     12.00000     18.90000     0.00000     0.00000     8.70000     0.00000
spring     large     medium     7.80000     10.50000     XXXXXXX     1.28700     90.00000     27.00000     88.50000     15.60000     0.00000     21.60000     5.40000     0.00000     2.50000     1.20000     0.00000
spring     small     low     8.24000     XXXXXXX     47.00000     1.58800     18.00000     XXXXXXX     56.66700     2.00000     3.30000     0.00000     4.90000     5.00000     0.00000     33.20000     7.10000
autumn     medium     medium     7.45000     11.10000     48.42900     5.41400     XXXXXXX     1.62500     111.75000     25.00000     0.00000     1.70000     0.00000     1.00000     1.00000     0.00000     0.00000
summer     small     high     7.72000     8.20000     23.82500     3.77800     5.00000     9.66700     123.33300     0.60000     2.40000     0.00000     0.00000     0.00000     2.10000     0.00000     1.40000
spring     medium     medium     8.50000     11.30000     20.62500     XXXXXXX     160.00000     84.30000     7.20000     3.20000     7.20000     0.00000     1.20000     44.60000     6.10000     0.00000     0.00000
winter     medium     high     7.44000     11.70000     32.30000     4.17000     370.00000     61.25000     75.90400     50.22500     86.60000     0.00000     0.00000     1.80000     6.50000     0.00000     1.40000
winter     medium     high     8.22000     5.50000     173.75000     0.63000     112.85700     1.25000     213.00000     0.90000     16.80000     14.60000     42.80000     0.00000     7.70000     5.50000     0.00000
autumn     small     medium     8.50000     10.30000     23.25000     0.92100     51.42900     175.66701     175.04601     XXXXXXX     1.20000     4.10000     7.30000     0.00000     0.00000     0.00000     0.00000
winter     medium     medium     8.53000     5.30000     82.85200     0.38100     758.75000     23.00000     351.60001     0.80000     31.10000     4.60000     0.00000     7.60000     0.00000     0.00000     0.00000
spring     large     medium     7.80000     11.17000     20.08300     3.73000     1990.16003     412.33301     388.16699     1.00000     15.50000     4.90000     0.00000     0.00000     0.00000     0.00000     2.40000
winter     large     medium     8.70000     6.20000     130.67000     2.67000     98.33300     151.12500     141.83299     22.90000     0.00000     0.00000     1.00000     0.00000     6.10000     1.40000     1.20000
autumn     medium     high     9.70000     6.00000     10.07800     1.33500     25.00000     24.00000     152.33299     54.36700     4.00000     0.00000     0.00000     0.00000     13.30000     10.60000     1.40000
winter     medium     low     8.00000     10.20000     69.00000     9.08000     5.80000     564.59998     72.69600     11.70000     5.90000     28.00000     1.70000     4.40000     0.00000     0.00000     4.20000
summer     large     medium     8.05000     8.50000     7.25000     3.61700     15.00000     75.00000     287.00000     0.80000     30.30000     5.80000     0.00000     2.20000     9.50000     5.10000     1.40000
autumn     medium     high     8.50000     9.40000     100.83000     4.87000     XXXXXXX     19.11100     52.87500     3.00000     12.30000     0.00000     0.00000     11.00000     5.50000     2.40000     0.00000
summer     small     high     8.30000     8.40000     104.81800     3.82900     12.50000     39.00000     246.66701     6.80000     2.20000     0.00000     7.80000     13.40000     1.90000     0.00000     0.00000
spring     small     low     9.06000     10.20000     12.18200     3.73400     102.50000     18.25000     19.00000     6.16700     32.10000     0.00000     1.00000     2.20000     27.60000     9.90000     0.00000
winter     small     high     8.40000     5.90000     44.20500     3.20000     133.63600     36.00000     76.33300     XXXXXXX     1.40000     13.70000     2.90000     3.50000     0.00000     0.00000     2.20000
spring     medium     low     8.07000     10.60000     21.95000     0.70100     1168.00000     9.00000     34.00000     3.60000     50.40000     0.00000     11.80000     11.30000     5.50000     0.00000     0.00000
winter     medium     low     8.00000     10.80000     41.16300     0.46100     66.66700     26.60000     304.00000     2.80000     75.80000     0.00000     2.60000     3.40000     4.90000     6.90000     0.00000
winter     medium     medium     7.80000     6.80000     10.97500     2.58600     32.50000     57.60000     11.50000     41.00000     4.10000     0.00000     2.60000     4.60000     0.00000     0.00000     1.40000
autumn     small     high     8.70000     9.00000     10.50000     6.23800     2167.37012     191.75000     219.90900     92.66700     0.00000     6.40000     0.00000     0.00000     1.00000     8.20000     0.00000
summer     small     low     8.35000     10.00000     7.00000     2.55000     228.75000     20.00000     XXXXXXX     27.50000     0.00000     0.00000     21.90000     1.00000     0.00000     6.40000     10.20000
summer     small     medium     7.09000     13.40000     48.66700     1.05100     10.00000     1.00000     69.93000     0.50000     16.60000     16.20000     2.20000     0.00000     5.20000     0.00000     1.40000
summer     medium     medium     7.83000     10.80000     14.32000     1.20800     737.50000     181.00000     244.00000     1.30000     43.70000     28.00000     0.00000     0.00000     1.90000     0.00000     25.60000
spring     medium     medium     8.40000     4.90000     53.00000     2.64000     81.00000     137.60001     344.60001     0.80000     12.60000     15.70000     2.40000     2.20000     2.50000     0.00000     0.00000
autumn     large     medium     8.20000     11.70000     36.24800     3.02000     38.11100     220.75000     137.77800     1.30000     2.80000     4.70000     19.70000     1.20000     0.00000     13.20000     1.90000
winter     medium     medium     8.00000     9.90000     12.14600     6.20000     10.00000     22.44400     186.00000     13.10000     3.40000     4.10000     1.10000     2.40000     1.90000     0.00000     2.40000
summer     small     medium     7.60000     11.80000     53.10200     1.52700     172.50000     32.50000     317.00000     XXXXXXX     46.80000     3.10000     9.90000     7.70000     35.60000     4.50000     1.10000
winter     medium     medium     8.21000     9.60000     125.60000     0.66300     49.50000     20.00000     303.33301     5.80000     1.70000     0.00000     3.00000     3.50000     20.80000     15.70000     0.00000
winter     small     medium     7.80000     9.80000     7.00000     0.82500     101.25000     3.00000     391.75000     0.30000     14.40000     1.40000     3.70000     0.00000     15.90000     0.00000     2.20000
summer     large     medium     7.60000     11.80000     47.77800     5.09900     196.00000     59.42900     265.25000     5.11100     1.20000     0.00000     1.00000     1.20000     20.80000     1.40000     0.00000
spring     medium     medium     7.70000     11.60000     8.00000     3.76500     178.57001     64.00000     3.00000     3.00000     15.10000     5.60000     5.60000     4.60000     6.40000     0.00000     0.00000
winter     small     low     8.06000     6.20000     12.00000     2.44300     224.28600     18.66700     11.00000     40.00000     3.60000     0.00000     3.30000     1.60000     0.00000     0.00000     1.90000
autumn     medium     high     8.10000     11.80000     4.70000     2.10200     205.66701     159.50000     15.00000     2.50000     1.90000     0.00000     5.50000     0.00000     0.00000     0.00000     3.30000
winter     small     high     8.00000     8.20000     35.75000     1.57200     118.57100     467.50000     127.22200     11.84000     4.40000     11.30000     2.50000     0.00000     2.40000     0.00000     0.00000
autumn     medium     high     9.10000     8.20000     42.63600     0.30800     46.20000     78.33300     142.00000     81.54000     1.90000     5.50000     0.00000     1.40000     7.70000     0.00000     0.00000
autumn     medium     low     7.90000     8.50000     39.10900     0.82600     58.50000     26.62500     214.00000     23.80000     1.20000     2.00000     0.00000     0.00000     8.10000     0.00000     1.00000
winter     medium     high     8.58000     10.70000     27.23300     10.41600     37.77800     51.75000     84.46000     68.05000     0.00000     2.10000     1.00000     0.00000     2.40000     5.10000     0.00000
spring     small     medium     8.00000     9.60000     85.98200     3.14000     40.00000     10.00000     222.28600     0.40000     4.40000     0.00000     0.00000     6.60000     0.00000     0.00000     0.00000
summer     large     low     8.10000     7.10000     64.09300     1.53500     122.50000     7.30000     14.35400     30.00000     52.40000     2.10000     6.30000     0.00000     28.80000     0.00000     1.90000
spring     large     high     8.30000     11.20000     11.00000     2.80500     235.00000     44.00000     6.00000     2.80000     7.00000     4.10000     0.00000     1.70000     8.60000     0.00000     1.50000
autumn     large     high     9.10000     8.70000     57.75000     2.89900     128.57100     1.00000     35.20000     0.80000     2.50000     0.00000     16.00000     5.30000     0.00000     1.50000     0.00000
spring     medium     medium     7.60000     8.80000     3.00000     0.13000     54.77800     64.38900     75.20700     65.70000     0.00000     0.00000     0.00000     2.60000     0.00000     7.10000     0.00000
spring     medium     low     7.80000     10.10000     194.75000     3.67800     227.60001     136.75000     7.00000     6.42900     10.30000     0.00000     4.80000     1.20000     4.80000     18.20000     0.00000
summer     small     low     8.70000     9.20000     41.25000     1.44300     51.11100     104.50000     201.77800     11.60000     1.90000     36.60000     20.20000     0.00000     5.80000     5.40000     2.40000
spring     small     medium     8.10000     11.00000     26.76000     1.47000     10.00000     15.60000     47.00000     XXXXXXX     6.90000     19.60000     6.80000     0.00000     1.00000     15.80000     2.70000
autumn     medium     medium     8.70000     11.10000     41.50000     1.72600     931.83301     85.50000     239.00000     21.22000     89.80000     0.00000     0.00000     0.00000     6.40000     0.00000     1.70000
winter     small     high     8.43000     10.50000     82.11100     4.99000     723.66699     48.00000     173.75000     2.10000     15.80000     2.10000     0.00000     12.70000     1.20000     0.00000     9.70000
autumn     medium     high     8.16000     10.90000     0.80000     1.71800     578.00000     10.58300     85.00000     24.55600     3.10000     15.20000     1.90000     0.00000     7.50000     0.00000     0.00000
winter     small     high     8.30000     10.80000     12.77800     1.22300     215.71400     62.62500     27.50000     0.30000     64.30000     1.50000     2.00000     6.80000     15.00000     0.00000     0.00000
spring     small     medium     8.50000     10.60000     6.16700     3.44400     146.66701     46.66700     26.00000     3.00000     20.30000     12.40000     2.50000     0.00000     3.60000     7.90000     0.00000
spring     medium     high     6.60000     9.00000     11.81800     7.74000     206.53799     7.40000     61.50000     88.25500     0.00000     0.00000     1.20000     8.30000     1.20000     15.80000     2.90000
summer     medium     low     7.60000     8.10000     94.00000     1.87500     1729.00000     37.85700     275.14301     1.10000     35.50000     1.00000     22.00000     0.00000     0.00000     17.70000     0.00000
autumn     medium     medium     7.70000     5.80000     12.44400     3.90000     96.66700     66.40000     75.33300     20.57800     33.90000     14.50000     0.00000     5.00000     10.60000     0.00000     4.30000
summer     large     high     7.62000     8.40000     XXXXXXX     0.73000     40.00000     12.75000     98.25000     14.77500     13.00000     9.70000     0.00000     4.60000     0.00000     0.00000     0.00000
winter     medium     medium     8.30000     4.80000     13.00000     6.64000     125.33300     143.71001     232.83299     0.80000     46.90000     4.30000     4.70000     1.90000     0.00000     3.60000     2.00000
autumn     small     high     8.47000     11.60000     XXXXXXX     5.33000     28.33300     27.00000     13.20000     34.75000     0.00000     1.00000     0.00000     2.40000     1.20000     0.00000     3.30000
spring     medium     medium     8.27000     11.00000     5.83000     8.98400     920.00000     102.33300     121.00000     24.91700     11.30000     0.00000     3.50000     4.90000     0.00000     0.00000     0.00000
autumn     small     low     8.20000     10.70000     131.39999     3.97600     92.00000     1.00000     45.00000     3.00000     1.60000     4.30000     1.00000     0.00000     4.80000     0.00000     0.00000
spring     small     medium     7.40000     10.20000     5.27300     7.16000     123.33300     27.50000     49.33300     110.45600     16.80000     18.40000     0.00000     0.00000     2.20000     2.20000     1.40000
summer     medium     high     9.10000     9.50000     4.08300     5.07800     12.72700     166.72701     17.00000     20.87000     0.00000     20.10000     10.60000     0.00000     2.90000     1.60000     3.20000
summer     medium     medium     8.50000     8.30000     57.75000     3.31600     1386.25000     10.66700     211.66701     2.70000     9.20000     0.00000     10.20000     0.00000     3.20000     12.40000     0.00000
summer     small     low     7.40000     6.00000     7.83800     2.16300     430.00000     36.90900     11.00000     9.00000     9.20000     22.00000     1.90000     4.80000     0.00000     0.00000     0.00000
spring     medium     low     6.40000     10.40000     XXXXXXX     1.28800     84.66700     72.00000     77.43400     5.20000     31.80000     0.00000     4.20000     0.00000     11.50000     5.90000     0.00000
winter     medium     medium     8.10000     10.70000     81.33300     0.05000     486.50000     71.00000     3.00000     17.49100     17.00000     3.90000     7.80000     3.70000     11.30000     0.00000     16.70000
summer     medium     medium     7.80000     9.30000     187.18300     XXXXXXX     246.36400     87.33300     46.60000     28.56700     24.80000     0.00000     0.00000     0.00000     2.70000     0.00000     6.10000
summer     medium     medium     6.80000     6.90000     10.40000     1.39000     10.00000     32.00000     6.00000     18.37000     0.00000     0.00000     0.00000     1.00000     0.00000     13.10000     6.60000
summer     small     medium     8.55000     13.10000     101.87500     4.18800     10.00000     41.30000     177.62500     13.10000     41.00000     0.00000     0.00000     0.00000     3.50000     32.10000     0.00000
winter     medium     high     8.70000     11.70000     31.00000     9.77300     20.00000     41.50000     86.99700     31.00000     4.20000     0.00000     1.40000     1.90000     0.00000     49.40000     3.90000
spring     medium     high     7.90000     1.80000     26.00000     6.09600     31.33300     48.66700     XXXXXXX     26.80000     4.10000     4.60000     25.30000     2.10000     0.00000     0.00000     18.60000
summer     medium     low     9.00000     10.50000     11.08800     0.23000     102.75000     48.62500     66.75000     0.50000     58.70000     41.00000     2.70000     0.00000     2.70000     0.00000     5.80000
spring     large     high     8.50000     11.21000     4.54500     3.35100     37.50000     12.00000     320.39999     XXXXXXX     0.00000     0.00000     5.00000     0.00000     9.00000     9.60000     0.00000
autumn     medium     high     8.30000     10.70000     73.25000     3.24500     54.75000     8.60000     16.66200     2.00000     18.30000     28.20000     6.60000     11.50000     0.00000     0.00000     2.40000
spring     small     medium     7.90000     7.10000     2.11100     3.31000     8.00000     144.00000     276.00000     2.50000     51.80000     20.60000     1.40000     0.00000     14.90000     0.00000     0.00000
winter     small     high     8.10000     10.10000     63.51000     8.68800     27.28600     58.87500     58.62300     0.30000     42.50000     26.50000     2.00000     1.20000     5.70000     0.00000     1.50000
spring     large     medium     7.40000     9.70000     35.66000     3.41400     8777.59961     50.88900     154.12500     4.30000     0.00000     8.00000     1.20000     3.70000     0.00000     20.40000     3.90000
summer     medium     medium     7.92500     12.60000     38.12500     1.71500     124.00000     45.00000     170.00000     13.00000     0.00000     0.00000     0.00000     1.30000     44.40000     16.70000     5.50000
summer     large     medium     9.10000     10.68000     34.03700     5.13200     308.75000     23.00000     17.33300     30.40000     16.50000     3.90000     0.00000     0.00000     22.10000     0.00000     1.90000
winter     medium     high     8.60000     12.90000     39.00000     0.90000     5738.33008     30.75000     39.00000     98.81700     2.10000     2.60000     1.50000     0.00000     3.90000     1.50000     0.00000
autumn     large     medium     8.10000     6.60000     16.00000     4.69800     175.00000     261.60001     197.14301     6.40000     15.10000     7.60000     2.10000     0.00000     0.00000     0.00000     1.60000
winter     small     medium     8.10000     9.50000     22.32000     6.51300     124.16700     267.75000     249.25000     17.20000     19.00000     1.20000     2.00000     1.70000     1.10000     1.40000     0.00000
summer     small     high     7.90000     7.90000     10.20700     0.73500     170.90900     12.88900     14.00000     4.66700     10.30000     0.00000     0.00000     4.30000     0.00000     0.00000     0.00000
spring     large     high     8.00000     11.10000     39.00000     4.66500     131.66701     428.75000     277.33301     0.60000     18.10000     1.40000     2.10000     6.20000     9.40000     1.80000     0.00000
summer     medium     high     7.90000     11.00000     70.00000     4.03000     18.33300     36.30000     188.66701     4.50000     46.60000     3.80000     1.00000     0.00000     0.00000     0.00000     31.60000
winter     medium     high     8.00000     4.30000     9.05500     0.26700     161.81799     67.50000     84.00000     20.60000     0.00000     16.40000     1.40000     5.70000     9.90000     0.00000     22.10000
winter     large     medium     7.90000     11.62000     59.06700     4.07100     28.00000     38.75000     11.80000     21.90000     32.50000     6.70000     25.90000     0.00000     0.00000     0.00000     1.00000
winter     small     high     8.40000     6.30000     40.22600     4.55500     76.66700     2.50000     105.72700     32.00000     0.00000     9.60000     8.80000     0.00000     0.00000     0.00000     0.00000
winter     large     high     7.90000     9.00000     151.83299     4.05300     27.06900     39.00000     252.50000     22.50000     12.20000     3.40000     1.00000     4.00000     5.00000     1.20000     0.00000
summer     medium     high     8.20000     9.20000     32.92000     3.83300     10.00000     22.20000     187.05701     1.00000     1.60000     21.70000     21.70000     0.00000     0.00000     9.90000     6.00000
summer     large     medium     7.80000     10.80000     65.75000     1.58700     32.72700     1.80000     130.75000     22.70000     0.00000     0.00000     0.00000     2.20000     0.00000     32.90000     7.20000
winter     large     medium     8.80000     6.00000     88.00000     2.31000     89.60000     16.00000     116.20000     XXXXXXX     14.60000     0.00000     2.10000     0.00000     1.70000     8.50000     0.00000
spring     medium     medium     7.60000     9.70000     74.66700     2.82200     10.00000     111.25000     6.00000     27.61800     2.20000     0.00000     0.00000     0.00000     0.00000     0.00000     1.00000
autumn     large     low     7.40000     11.30000     2.75000     0.40600     176.66701     13.00000     228.36400     5.62000     3.40000     0.00000     3.70000     0.00000     0.00000     5.50000     0.00000
autumn     large     high     8.30000     10.00000     8.30000     1.65100     27.50000     3.22200     255.28000     19.40000     56.80000     16.00000     0.00000     0.00000     3.40000     4.50000     0.00000
spring     small     high     8.00000     11.70000     3.27500     3.23500     1131.66003     37.00000     89.62500     5.54400     24.80000     15.90000     2.90000     1.70000     0.00000     17.10000     0.00000
spring     large     medium     8.30000     11.80000     54.19000     3.68500     34.33300     3.54500     236.00000     7.90000     54.00000     4.00000     22.90000     0.00000     8.70000     1.60000     0.00000
spring     medium     high     8.15000     10.50000     13.50000     0.94100     110.00000     54.10000     143.75000     1.50000     2.80000     5.20000     0.00000     0.00000     4.10000     3.30000     0.00000
winter     large     low     8.87000     12.50000     49.62500     4.90800     96.83300     20.66700     54.91600     17.20000     64.20000     2.70000     0.00000     0.00000     5.90000     0.00000     0.00000
winter     medium     low     8.40000     11.50000     19.22000     1.87000     42.00000     180.66701     269.66699     4.50000     8.80000     38.80000     1.70000     0.00000     0.00000     4.60000     6.80000
summer     medium     low     8.60000     10.29000     391.50000     0.77000     43.75000     102.00000     194.10001     1.00000     1.70000     8.90000     1.50000     0.00000     6.70000     1.20000     0.00000
autumn     medium     high     7.20000     5.70000     30.52300     0.10200     153.00000     100.00000     284.00000     93.68300     12.30000     12.50000     8.00000     0.00000     0.00000     0.00000     1.60000
autumn     large     low     7.80000     8.90000     XXXXXXX     3.90800     103.33300     120.50000     432.90900     5.55500     25.40000     0.00000     0.00000     0.00000     11.20000     0.00000     1.70000
winter     small     medium     8.10000     11.40000     53.42500     0.33000     16.20000     26.00000     132.54601     2.00000     7.80000     12.70000     2.30000     0.00000     8.60000     0.00000     2.70000
autumn     medium     high     7.30000     3.20000     43.09000     4.82000     155.00000     14.66700     56.66700     3.00000     0.00000     0.00000     13.50000     0.00000     17.90000     0.00000     14.40000
autumn     large     medium     8.30000     10.53000     3.13600     1.41500     88.18200     45.90000     10.11100     XXXXXXX     50.60000     0.00000     19.50000     0.00000     6.60000     11.10000     0.00000
autumn     medium     medium     8.50000     6.20000     11.00000     4.50800     137.27299     102.36400     232.89999     6.50000     46.20000     31.90000     17.60000     1.00000     0.00000     0.00000     2.90000
winter     medium     high     8.30000     9.80000     27.40000     1.87300     134.00000     1.00000     104.00000     4.30000     6.70000     1.70000     2.50000     2.50000     2.70000     2.70000     2.50000
autumn     large     medium     8.20000     7.90000     12.53600     45.65000     130.00000     4.00000     169.00101     1.20000     1.50000     1.70000     0.00000     0.00000     8.00000     4.70000     2.40000
autumn     medium     high     7.50000     6.00000     22.28600     4.53500     137.00000     51.12500     6.66700     9.38400     25.50000     40.70000     0.00000     0.00000     18.70000     0.00000     1.00000
spring     small     high     8.40000     6.10000     95.36700     1.47400     255.00000     151.33299     285.71399     0.50000     14.70000     1.00000     1.00000     2.00000     9.00000     0.00000     0.00000
spring     small     medium     8.15000     4.50000     30.12500     0.65800     1081.66003     205.63600     7.65400     6.80000     2.90000     0.00000     7.50000     1.00000     3.90000     5.90000     0.00000
spring     medium     low     8.10000     7.00000     87.00000     0.75800     124.36400     47.50000     23.48500     XXXXXXX     18.10000     32.80000     4.00000     4.60000     1.20000     42.40000     1.40000
spring     medium     low     8.00000     5.40000     71.44400     3.31800     43.75000     12.00000     40.00000     5.08300     39.70000     12.00000     0.00000     3.70000     0.00000     0.00000     1.00000
spring     medium     medium     8.70000     10.60000     7.61300     3.33000     142.00000     60.00000     221.27800     53.10000     18.20000     1.20000     0.00000     0.00000     19.00000     0.00000     15.10000
autumn     medium     low     7.00000     9.90000     40.16700     1.51000     165.00000     3.80000     218.00000     XXXXXXX     1.20000     0.00000     0.00000     2.60000     0.00000     8.30000     0.00000
autumn     large     high     7.40000     9.80000     38.90200     5.45600     1911.00000     16.00000     71.00000     20.80000     19.40000     11.20000     14.60000     0.00000     11.30000     77.60000     6.00000
spring     medium     high     7.40000     6.35000     2.93300     3.78000     12.50000     25.16700     13.60000     31.73800     3.70000     21.10000     3.90000     0.00000     0.00000     0.00000     1.20000
winter     large     high     8.40000     9.80000     77.36400     7.19500     20.00000     XXXXXXX     200.23100     3.80000     0.00000     8.00000     3.10000     0.00000     0.00000     2.60000     1.90000
winter     medium     medium     9.00000     10.50000     58.33100     3.97800     65.55600     60.83300     607.16699     21.00000     74.20000     0.00000     4.10000     0.00000     1.40000     29.50000     0.00000
spring     medium     medium     7.80000     12.10000     208.36400     8.54300     101.66700     159.16701     108.00000     16.00000     3.30000     5.00000     1.70000     2.20000     1.70000     52.50000     12.50000
summer     small     high     8.80000     3.60000     64.00000     9.71500     101.00000     221.89999     16.00000     20.82900     1.40000     7.40000     8.80000     0.00000     8.60000     0.00000     0.00000
autumn     medium     medium     7.80000     10.80000     7.00000     0.67300     914.00000     28.62500     18.00000     5.23300     17.30000     7.00000     0.00000     0.00000     0.00000     22.30000     1.60000
summer     large     medium     8.25000     8.60000     31.09100     2.51200     83.75000     282.16699     101.45500     3.30000     12.50000     72.60000     0.00000     0.00000     0.00000     0.00000     0.00000
summer     small     high     7.77000     10.80000     51.11300     0.69900     6400.00000     105.00000     147.83299     3.30000     0.00000     0.00000     3.40000     0.00000     5.40000     0.00000     3.20000
winter     large     low     7.50000     10.80000     63.62500     3.72600     34.00000     132.50000     85.40000     4.30000     1.70000     16.00000     0.00000     0.00000     1.40000     0.00000     0.00000
winter     small     low     7.60000     9.90000     3.86000     2.97800     13.50000     77.33300     21.30000     0.80000     0.00000     10.50000     0.00000     0.00000     0.00000     1.50000     0.00000
winter     large     high     7.50000     5.30000     32.40000     2.60300     32.00000     10.80000     82.44400     8.95700     64.90000     0.00000     0.00000     3.50000     9.20000     17.00000     10.80000
spring     large     medium     7.90000     9.80000     57.84800     2.22000     82.10000     51.11100     56.09100     3.00000     2.50000     0.00000     9.00000     0.00000     5.50000     0.00000     1.20000
autumn     large     medium     7.84000     7.60000     44.00000     0.73500     17.77800     346.16699     122.00000     15.00000     0.00000     7.50000     10.80000     0.00000     1.20000     17.80000     0.00000
spring     small     high     8.30000     6.70000     15.54100     4.86000     103.00000     27.25000     81.55800     0.80000     1.10000     12.00000     1.20000     3.40000     20.00000     0.00000     31.20000
spring     large     high     8.20000     9.90000     60.80000     0.86000     105.55600     19.72700     116.20000     14.70000     37.30000     11.60000     1.00000     0.00000     6.60000     0.00000     1.00000
winter     small     high     8.56000     11.30000     17.37500     6.04500     153.75000     1.00000     120.88900     3.50000     2.20000     2.10000     11.50000     0.00000     0.00000     0.00000     0.00000
summer     medium     medium     7.70000     XXXXXXX     94.40500     0.53600     239.00000     236.39999     19.00000     10.50000     0.00000     14.70000     3.20000     0.00000     0.00000     0.00000     7.00000
winter     medium     medium     8.10000     11.30000     136.00000     1.92100     217.75000     19.11100     215.50000     2.00000     14.40000     13.20000     0.00000     0.00000     3.10000     6.80000     0.00000
summer     large     medium     8.40000     11.70000     34.50000     1.51900     65.45500     16.80000     79.75000     2.33800     66.00000     3.80000     1.00000     5.00000     34.30000     3.90000     1.20000
summer     small     low     7.70000     10.90000     XXXXXXX     1.01300     461.87500     7.66700     296.00000     5.45000     18.00000     0.00000     1.70000     0.00000     0.00000     21.40000     2.10000
winter     large     high     8.10000     9.40000     139.98900     2.68000     647.57001     3.00000     140.22000     2.30000     28.10000     0.00000     0.00000     2.10000     0.00000     4.70000     0.00000
spring     small     high     8.60000     7.70000     29.50000     5.44200     49.00000     238.20000     20.75000     15.30000     3.30000     5.60000     14.00000     2.20000     4.10000     0.00000     4.90000
autumn     large     medium     8.60000     8.10000     XXXXXXX     2.80000     244.60001     104.72700     313.60001     3.10000     2.20000     0.00000     3.00000     0.00000     0.00000     17.00000     2.20000

