spring     small     medium     8.00000     7.60000     1.45000     6.23800     931.83301     105.00000     122.00000     50.00000     66.00000     16.40000     3.30000     1.20000     34.20000     8.30000     2.40000
summer     small     medium     8.70000     12.00000     29.20000     3.24500     54.75000     3.54500     558.75000     2.90000     30.30000     0.00000     5.60000     1.40000     0.00000     0.00000     0.00000
autumn     small     medium     7.09000     9.30000     40.02000     4.94000     346.66699     467.50000     34.00000     XXXXXXX     3.30000     53.60000     0.00000     0.00000     0.00000     0.00000     0.00000
winter     large     medium     8.84000     9.90000     57.84800     2.31600     142.00000     36.90900     6.00000     0.30000     3.30000     26.50000     0.00000     0.00000     0.00000     0.00000     0.00000
autumn     medium     medium     7.50000     9.00000     63.51000     3.83300     233.70000     53.62500     284.00000     30.40000     0.00000     9.60000     3.50000     0.00000     0.00000     4.10000     1.00000
spring     medium     high     7.19000     4.40000     23.25000     1.05100     62.50000     61.55600     214.00000     5.20000     0.00000     5.90000     1.60000     4.00000     1.00000     0.00000     5.80000
summer     medium     high     8.50000     10.30000     47.22900     0.86000     153.75000     3.22200     14.00000     3.20000     0.00000     1.00000     3.20000     2.60000     1.20000     0.00000     6.00000
summer     medium     medium     8.20000     10.60000     32.05600     1.21200     8.00000     44.66700     11.81800     72.47800     81.90000     1.60000     3.90000     0.00000     15.30000     0.00000     0.00000
winter     medium     medium     8.60000     11.10000     57.75000     0.90000     32.72700     209.85699     60.00000     10.00000     10.30000     0.00000     19.50000     6.90000     0.00000     0.00000     1.50000
autumn     medium     high     8.00000     4.80000     30.12500     3.68500     178.57001     7.30000     54.91600     21.22000     17.00000     8.90000     1.00000     2.90000     9.20000     1.50000     0.00000
winter     small     low     8.50000     9.70000     53.33300     0.73500     18.00000     23.00000     40.66700     2.80000     14.70000     2.90000     1.00000     0.00000     20.00000     0.00000     0.00000
autumn     small     low     8.21000     8.10000     22.32000     1.00300     51.11100     1.00000     287.00000     1.00000     0.00000     5.50000     13.50000     0.00000     0.00000     0.00000     3.20000
winter     medium     medium     8.15000     11.62000     4.54500     3.82900     227.60001     24.00000     262.72699     17.20000     32.80000     0.00000     0.00000     7.70000     1.20000     16.70000     0.00000
summer     small     high     8.10000     3.40000     9.00000     8.75900     120.00000     57.60000     88.50000     68.05000     10.30000     0.00000     1.20000     0.00000     0.00000     6.80000     1.40000
spring     small     high     8.70000     6.20000     53.00000     1.44800     46.20000     3.33300     61.60000     1.30000     1.40000     0.00000     0.00000     0.00000     6.60000     16.60000     0.00000
autumn     large     high     7.55000     8.70000     55.35000     3.07000     14.75000     97.33300     18.29300     1.10000     17.30000     0.00000     1.20000     0.00000     28.80000     1.60000     15.10000
spring     medium     high     8.55000     10.10000     94.00000     1.41500     578.00000     47.50000     391.75000     7.60000     46.20000     0.00000     0.00000     0.00000     17.80000     10.10000     0.00000
winter     small     medium     7.14000     9.00000     32.54000     1.44300     103.33300     10.80000     254.60001     2.30000     1.70000     1.90000     0.00000     0.00000     0.00000     29.50000     3.20000
spring     small     high     7.35000     9.80000     29.77500     45.65000     96.83300     22.44400     186.50000     2.00000     0.00000     19.60000     9.90000     1.20000     9.40000     7.90000     1.90000
spring     large     medium     8.10000     10.70000     12.18200     2.44300     27.06900     564.59998     14.35400     5.62000     14.60000     4.60000     13.60000     4.60000     10.60000     0.00000     0.00000
summer     small     high     7.80000     11.00000     3.50000     4.82500     3466.65991     412.33301     71.00000     40.00000     15.50000     0.00000     0.00000     5.00000     0.00000     77.60000     1.40000
winter     small     medium     6.60000     10.50000     38.12500     1.28700     914.00000     15.60000     132.54601     13.10000     0.00000     0.00000     1.00000     1.70000     0.00000     4.50000     0.00000
autumn     medium     medium     9.10000     10.20000     58.33100     0.67300     101.25000     60.00000     18.00000     6.16700     23.20000     25.40000     24.80000     4.80000     9.00000     0.00000     16.70000
spring     small     medium     7.60000     11.10000     64.00000     4.45900     208.33299     38.75000     253.25000     4.30000     0.00000     0.00000     1.20000     3.70000     0.00000     0.00000     0.00000
summer     small     high     8.10000     11.00000     13.00000     1.20300     5.80000     191.75000     127.22200     5.45000     18.00000     8.60000     0.00000     3.50000     8.70000     0.00000     3.30000
winter     medium     medium     8.30000     10.30000     74.66700     0.75800     165.00000     132.50000     84.46000     3.00000     4.10000     18.40000     8.80000     0.00000     0.00000     4.70000     0.00000
spring     large     high     8.10000     9.00000     11.86700     5.16400     98.18200     102.33300     75.90400     2.00000     1.90000     0.00000     3.00000     0.00000     4.10000     0.00000     0.00000
winter     large     high     8.20000     13.10000     77.00000     0.63000     3515.00000     267.75000     XXXXXXX     65.70000     15.10000     0.00000     10.30000     0.00000     0.00000     0.00000     0.00000
winter     small     medium     8.00000     6.00000     8.69000     3.90800     1168.00000     32.00000     140.22000     5.08300     11.30000     0.00000     19.60000     0.00000     0.00000     0.00000     1.70000
spring     small     medium     5.70000     11.10000     50.00000     1.53500     10.00000     12.00000     279.06601     1.00000     1.20000     0.00000     1.70000     0.00000     0.00000     22.30000     3.60000
autumn     medium     high     8.15000     11.40000     8.30000     3.33000     51.42900     4.00000     3.00000     17.20000     33.90000     3.10000     0.00000     0.00000     7.50000     1.60000     7.80000
autumn     medium     high     8.10000     7.00000     26.00000     3.78000     131.66701     27.00000     26.00000     92.66700     1.40000     4.10000     0.00000     0.00000     9.00000     0.00000     2.20000
summer     small     high     7.40000     9.50000     64.09300     4.17000     10.00000     261.60001     102.57100     6.42900     0.00000     1.00000     1.50000     0.00000     6.10000     0.00000     1.20000
spring     small     medium     8.00000     9.40000     77.36400     5.41400     215.71400     13.00000     72.90000     0.90000     25.40000     1.90000     0.00000     0.00000     0.00000     0.00000     0.00000
winter     small     high     8.27000     8.50000     46.16700     3.31600     XXXXXXX     45.90000     222.28600     1.40000     5.30000     8.00000     3.30000     0.00000     10.20000     7.00000     0.00000
summer     small     medium     8.70000     8.40000     10.07800     3.77800     27.50000     187.00000     44.13600     3.60000     1.20000     5.20000     0.00000     0.00000     0.00000     6.90000     1.00000
spring     large     low     8.80000     11.21000     6.30000     6.64000     246.36400     1.25000     98.25000     0.20000     2.40000     2.10000     0.00000     4.30000     0.00000     5.10000     2.10000
summer     medium     medium     8.70000     12.10000     49.62500     1.42000     43.75000     2.50000     142.00000     XXXXXXX     12.60000     0.00000     2.00000     1.10000     0.00000     49.40000     1.90000
winter     medium     high     8.30000     5.80000     23.82500     3.97600     65.55600     346.16699     116.20000     6.20900     3.10000     0.00000     2.00000     5.00000     0.00000     0.00000     30.10000
winter     large     high     8.40000     8.80000     17.75000     3.35100     228.75000     182.42000     183.66701     0.50000     3.30000     0.00000     9.40000     0.00000     44.40000     0.00000     0.00000
winter     small     high     8.40000     11.10000     63.62500     5.09900     4073.33008     44.00000     205.87500     24.55600     4.40000     11.60000     1.00000     0.00000     0.00000     3.10000     0.00000
spring     medium     high     8.00000     3.30000     41.25000     0.64200     370.00000     10.58300     175.04601     13.20000     29.50000     21.70000     2.60000     0.00000     3.20000     12.40000     0.00000
winter     small     high     7.44000     6.10000     5.88900     3.14000     76.00000     39.00000     304.00000     3.10000     12.70000     0.00000     10.20000     0.00000     11.50000     0.00000     4.90000
spring     small     high     7.75000     7.10000     130.67000     5.41000     1081.66003     196.62000     292.62500     2.50000     4.10000     0.00000     21.70000     0.00000     0.00000     2.60000     6.60000
winter     small     high     8.00000     10.50000     81.33300     5.13200     137.27299     6.50000     141.83299     31.00000     0.00000     0.00000     6.80000     0.00000     3.10000     5.50000     4.30000
winter     medium     medium     8.30000     12.50000     10.50000     4.93000     128.57100     32.50000     275.14301     3.30000     0.00000     0.00000     25.90000     2.30000     2.90000     64.60000     2.90000
spring     medium     high     8.50000     10.53000     26.76000     0.37600     758.75000     16.00000     124.20000     16.00000     5.90000     12.70000     1.20000     2.50000     11.70000     17.70000     0.00000
autumn     medium     medium     7.80000     12.60000     9.00000     1.37400     12.50000     197.83299     56.09100     2.86000     0.00000     0.00000     0.00000     0.00000     0.00000     9.90000     0.00000
spring     small     low     8.16000     8.60000     2.20000     3.02000     920.00000     26.00000     123.33300     0.80000     9.20000     0.00000     11.50000     3.00000     0.00000     0.00000     0.00000
winter     small     medium     6.50000     4.90000     139.98900     0.88600     172.50000     2.00000     127.00000     12.10000     0.00000     7.40000     0.00000     0.00000     0.00000     0.00000     4.20000
summer     medium     medium     9.10000     3.20000     22.35000     2.23100     10.00000     12.75000     121.00000     20.57800     0.00000     0.00000     0.00000     0.00000     0.00000     0.00000     0.00000
summer     small     high     8.66000     11.70000     49.90000     1.71500     2167.37012     61.18200     11.80000     0.50000     24.00000     0.00000     0.00000     2.20000     3.40000     0.00000     0.00000
autumn     small     high     9.00000     5.50000     136.00000     6.18800     10.00000     51.12500     46.43800     3.00000     0.00000     1.20000     0.00000     0.00000     0.00000     0.00000     0.00000
summer     large     medium     7.90000     8.40000     11.08800     0.91000     737.50000     37.00000     56.66700     0.80000     7.80000     3.90000     5.00000     0.00000     8.00000     0.00000     1.40000
summer     medium     medium     8.50000     9.20000     XXXXXXX     0.05000     10.50000     37.37500     6.50000     XXXXXXX     1.20000     40.90000     0.00000     0.00000     0.00000     7.10000     0.00000
winter     small     medium     8.50000     7.10000     11.00000     1.87300     5.00000     51.75000     16.00000     1.10000     4.00000     10.40000     0.00000     0.00000     0.00000     0.00000     0.00000
autumn     large     low     7.40000     9.90000     27.23300     1.32000     10.00000     1.00000     4.00000     XXXXXXX     0.00000     0.00000     5.40000     7.80000     0.00000     0.00000     3.30000
summer     large     high     7.72000     11.40000     53.00000     0.92300     22.50000     2.50000     98.14300     XXXXXXX     17.10000     5.40000     7.30000     28.80000     7.30000     5.10000     3.90000
spring     medium     medium     8.30000     6.50000     43.97000     3.41400     13.50000     55.00000     102.33300     7.30000     1.90000     11.30000     7.80000     1.70000     8.90000     1.40000     1.90000
autumn     medium     high     8.00000     9.80000     3.13600     1.47400     18.42900     35.33300     277.33301     1.20000     2.20000     12.00000     0.00000     0.00000     5.00000     0.00000     0.00000
summer     medium     medium     8.70000     10.50000     28.33300     4.18800     461.87500     264.89999     85.00000     5.50000     31.80000     0.00000     0.00000     3.40000     0.00000     1.20000     1.00000
spring     medium     medium     7.50000     3.20000     47.00000     2.94200     6400.00000     7.75000     56.66700     XXXXXXX     0.00000     21.10000     0.00000     3.70000     1.40000     0.00000     0.00000
winter     small     low     7.45000     7.70000     35.66000     6.51300     124.00000     75.00000     85.40000     16.00000     39.70000     22.00000     4.10000     0.00000     0.00000     1.40000     1.20000
winter     small     low     7.57000     8.20000     16.00000     6.09600     245.00000     2.00000     91.11100     1.30000     20.30000     4.30000     0.00000     1.90000     2.10000     0.00000     5.20000
winter     medium     high     7.80000     11.30000     7.33300     8.98400     49.50000     104.50000     197.14301     88.25500     4.10000     0.00000     7.80000     44.60000     15.90000     0.00000     1.20000
spring     small     high     8.30000     10.40000     XXXXXXX     0.67200     65.45500     58.87500     84.00000     18.30000     0.00000     15.70000     2.60000     3.40000     0.00000     0.00000     1.40000
autumn     medium     low     8.22000     10.70000     4.57500     2.80500     112.85700     1.62500     10.75000     3.00000     2.90000     4.70000     1.20000     5.30000     22.50000     0.00000     7.20000
autumn     small     medium     8.00000     8.20000     79.07700     0.92100     10.00000     175.66701     7.00000     3.60000     64.20000     21.70000     9.00000     0.00000     0.00000     0.00000     1.40000
winter     medium     medium     8.20000     10.70000     82.85200     1.67000     206.53799     220.75000     351.60001     34.75000     0.00000     0.00000     1.50000     7.60000     2.20000     0.00000     0.00000
winter     small     medium     7.50000     11.20000     39.10900     2.81800     421.66699     246.00000     388.16699     1.00000     1.70000     4.90000     1.00000     1.20000     0.00000     2.40000     0.00000
autumn     medium     low     7.70000     8.50000     2.11100     2.67000     54.77800     20.00000     77.43400     11.84000     2.40000     2.10000     1.00000     4.00000     4.00000     0.00000     0.00000
spring     small     high     7.62000     8.80000     82.11100     2.31000     33.63600     16.80000     152.33299     5.20000     3.60000     0.00000     0.00000     1.20000     0.00000     0.00000     1.40000
spring     medium     low     8.43000     10.20000     35.75000     5.07800     39.00000     61.25000     6.00000     9.88200     41.00000     21.50000     3.30000     8.30000     0.00000     12.60000     0.00000
spring     large     medium     6.60000     6.20000     22.28600     3.61700     15.00000     136.75000     249.25000     20.87000     52.20000     11.20000     42.80000     0.00000     0.00000     0.00000     1.20000
spring     small     low     5.60000     7.60000     51.11300     4.87000     XXXXXXX     100.00000     52.87500     5.80000     12.30000     41.00000     17.60000     1.90000     12.40000     0.00000     1.00000
autumn     medium     high     XXXXXXX     9.40000     69.00000     1.01300     60.00000     51.11100     39.00000     XXXXXXX     89.80000     0.00000     6.60000     1.00000     1.90000     1.40000     1.00000
autumn     small     medium     9.06000     5.90000     5.83000     0.99600     643.00000     276.85001     16.66200     54.36700     64.90000     0.00000     6.10000     0.00000     0.00000     0.00000     0.00000
spring     large     high     8.40000     10.50000     63.29200     0.73500     160.00000     46.66700     221.27800     17.49100     2.50000     20.10000     23.20000     2.20000     0.00000     0.00000     2.20000
spring     small     medium     8.20000     8.10000     21.95000     0.65800     76.66700     428.75000     361.00000     15.60000     2.40000     0.00000     11.80000     11.30000     2.50000     0.00000     4.10000
winter     small     low     8.00000     10.80000     2.93300     0.46100     34.33300     26.60000     104.00000     2.80000     17.00000     21.60000     19.70000     1.00000     4.90000     0.00000     0.00000
autumn     medium     high     8.40000     10.50000     XXXXXXX     0.10200     175.00000     31.33300     97.58000     2.33800     6.50000     0.00000     4.80000     0.00000     0.00000     0.00000     1.40000
summer     medium     high     7.30000     5.40000     82.85700     5.44200     96.66700     9.00000     219.90900     4.30000     3.40000     0.00000     2.30000     0.00000     8.20000     5.40000     0.00000
autumn     large     high     7.90000     10.80000     10.40000     1.51900     89.60000     7.66700     57.83300     21.00000     0.00000     1.70000     1.00000     0.00000     35.60000     13.20000     10.20000
winter     medium     high     6.60000     7.10000     12.14600     4.55500     16.20000     27.50000     186.00000     4.50000     10.80000     4.10000     2.40000     0.00000     2.70000     0.00000     0.00000
winter     large     high     7.80000     10.80000     44.00000     4.69800     18.33300     205.63600     200.23100     3.00000     43.70000     28.00000     0.00000     0.00000     11.50000     17.00000     0.00000
winter     medium     medium     7.60000     10.90000     1.17000     4.50800     81.00000     3.00000     35.20000     1.50000     0.00000     0.00000     1.90000     0.00000     6.10000     17.10000     22.10000
summer     large     medium     7.40000     11.70000     32.92000     3.73000     38.11100     67.50000     169.00101     XXXXXXX     2.80000     8.00000     0.00000     0.00000     0.00000     3.60000     0.00000
summer     medium     medium     7.80000     3.60000     187.18300     2.60300     5738.33008     70.00000     607.16699     4.30000     1.20000     2.00000     0.00000     2.40000     1.90000     0.00000     2.40000
summer     medium     medium     7.20000     9.70000     53.10200     8.68800     225.00000     78.33300     61.50000     8.10000     47.10000     0.00000     0.00000     2.20000     19.70000     0.00000     0.00000
winter     large     medium     7.40000     6.00000     125.60000     2.10200     133.63600     84.30000     326.85699     26.80000     16.80000     0.00000     2.10000     0.00000     8.60000     7.50000     0.00000
spring     medium     medium     7.70000     9.90000     34.50000     3.31800     27.28600     41.50000     213.00000     19.40000     0.00000     1.20000     0.00000     0.00000     16.20000     0.00000     7.10000
autumn     small     high     8.10000     4.30000     66.30000     1.58800     235.00000     34.50000     265.25000     2.00000     0.00000     0.00000     0.00000     0.00000     17.90000     15.80000     0.00000
winter     small     low     9.70000     10.77000     8.00000     4.86000     102.50000     102.00000     233.50000     6.90000     15.10000     5.60000     10.80000     1.70000     11.20000     11.10000     0.00000
autumn     medium     low     8.50000     9.90000     12.00000     2.27300     155.00000     24.66700     75.33300     23.80000     42.50000     3.10000     0.00000     0.00000     0.00000     0.00000     1.90000
summer     medium     medium     7.90000     11.80000     65.33300     6.54000     371.11099     2.00000     2.50000     22.50000     43.50000     4.30000     6.30000     0.00000     0.00000     20.40000     9.70000
winter     large     medium     8.00000     10.90000     10.93600     1.57200     110.00000     23.00000     15.00000     2.00000     5.70000     1.00000     1.40000     1.90000     0.00000     0.00000     0.00000
spring     medium     high     7.80000     11.70000     57.75000     5.33000     98.33300     104.22200     27.50000     81.54000     69.90000     0.00000     0.00000     2.10000     1.70000     0.00000     0.00000
winter     medium     low     8.90000     11.70000     8.00000     2.32300     83.75000     55.00000     3.00000     0.50000     74.20000     16.20000     0.00000     0.00000     0.00000     0.00000     0.00000
winter     medium     high     8.06000     7.30000     XXXXXXX     3.77300     118.57100     137.60001     130.75000     2.00000     82.70000     19.60000     0.00000     0.00000     1.00000     0.00000     6.80000
summer     large     medium     8.10000     XXXXXXX     10.97500     0.13000     52.20000     58.22200     211.66701     1.10000     2.20000     3.40000     1.00000     1.20000     5.90000     12.70000     2.70000
winter     small     medium     8.70000     9.00000     39.00000     10.41600     72.60000     159.50000     239.00000     30.00000     28.10000     0.00000     3.70000     0.00000     4.80000     6.70000     1.90000
spring     small     medium     7.80000     11.80000     22.45500     1.28800     60.11000     50.88900     228.36400     5.23300     7.00000     4.10000     1.90000     4.60000     0.00000     0.00000     1.60000
summer     medium     low     7.50000     11.50000     3.00000     0.81000     205.66701     6.00000     269.66699     0.80000     39.70000     0.00000     1.70000     1.40000     0.00000     8.70000     0.00000
spring     large     low     7.60000     6.70000     19.22000     0.73000     31.33300     16.00000     170.00000     XXXXXXX     8.70000     28.20000     0.00000     2.60000     4.00000     17.00000     1.00000
summer     medium     medium     8.50000     9.60000     39.00000     5.97000     10.00000     18.25000     154.12500     2.10000     0.00000     4.60000     1.70000     2.40000     1.20000     0.00000     10.80000
summer     medium     low     8.30000     10.70000     129.37500     9.77300     429.20001     144.66701     201.77800     4.50000     1.90000     16.00000     20.20000     6.20000     1.40000     0.00000     1.00000
spring     small     high     7.20000     12.50000     73.25000     1.47000     25.00000     36.00000     66.75000     75.00000     0.00000     3.40000     1.40000     1.60000     1.00000     0.00000     2.70000
winter     small     high     7.50000     11.17000     41.50000     2.68000     11.11100     85.50000     115.00000     1.00000     23.70000     0.00000     0.00000     3.50000     6.40000     0.00000     0.00000
autumn     medium     high     8.43000     6.50000     47.77800     5.69400     60.00000     10.00000     218.00000     6.80000     0.00000     6.70000     0.00000     12.70000     0.00000     0.00000     0.00000
winter     medium     high     7.60000     13.40000     31.00000     2.55000     103.33300     9.66700     17.00000     3.20000     19.00000     38.80000     3.90000     0.00000     20.80000     0.00000     2.90000
winter     medium     high     8.00000     11.30000     45.27300     1.53400     10.00000     62.62500     17.33300     10.50000     64.30000     1.50000     8.00000     4.10000     2.90000     0.00000     0.00000
winter     medium     high     8.58000     7.90000     44.20500     1.51000     505.00000     60.83300     177.62500     2.10000     13.60000     72.60000     2.50000     6.80000     0.00000     5.90000     0.00000
summer     large     high     8.87000     XXXXXXX     11.81800     XXXXXXX     82.10000     12.75000     116.20000     20.60000     55.50000     1.90000     22.90000     0.00000     8.10000     0.00000     12.50000
spring     large     medium     7.90000     5.30000     53.42500     3.90000     12.72700     37.85700     235.66701     1.10000     66.90000     1.00000     22.00000     0.00000     0.00000     2.00000     0.00000
summer     small     medium     7.60000     11.60000     XXXXXXX     9.08000     217.75000     20.00000     11.00000     11.60000     0.00000     14.50000     0.00000     0.00000     0.00000     1.50000     1.50000
winter     small     medium     8.20000     4.50000     85.98200     3.72600     176.66701     12.75000     167.89999     28.56700     15.80000     0.00000     0.00000     2.40000     0.00000     0.00000     0.00000
spring     medium     high     8.25000     9.60000     50.00000     1.71800     105.55600     143.71001     147.83299     4.90000     39.10000     7.00000     0.00000     0.00000     1.70000     1.80000     2.00000
summer     small     high     7.78000     9.90000     12.77800     3.92300     37.77800     159.16701     13.20000     3.20000     86.60000     8.70000     0.00000     0.00000     1.20000     0.00000     0.00000
winter     medium     low     7.90000     8.40000     XXXXXXX     6.22500     723.66699     12.88900     432.90900     6.80000     58.70000     0.00000     0.00000     11.00000     0.00000     0.00000     2.10000
winter     small     high     6.80000     6.60000     131.39999     6.20000     92.00000     1.00000     XXXXXXX     0.60000     1.60000     9.10000     21.90000     0.00000     7.40000     0.00000     0.00000
autumn     small     high     9.50000     10.20000     5.00000     0.66300     255.00000     151.12500     313.60001     110.45600     46.90000     32.80000     0.00000     0.00000     0.00000     2.20000     1.20000
winter     medium     medium     8.40000     9.80000     4.08300     1.72000     32.50000     166.72701     138.50000     0.50000     3.30000     21.50000     0.00000     0.00000     9.90000     0.00000     2.70000
spring     small     medium     7.80000     8.30000     XXXXXXX     2.30400     20.00000     181.00000     87.12500     14.77500     4.20000     5.00000     0.00000     0.00000     0.00000     0.00000     0.00000
spring     small     medium     9.00000     10.70000     7.83800     2.16300     1729.00000     7.40000     111.75000     41.00000     9.20000     6.40000     35.10000     0.00000     0.00000     0.00000     0.00000
winter     medium     low     8.30000     10.40000     3.27500     XXXXXXX     84.66700     144.00000     11.50000     28.40000     18.30000     12.70000     1.20000     0.00000     2.40000     3.30000     0.00000
winter     medium     medium     7.60000     10.70000     69.75000     4.66500     224.28600     71.00000     6.66700     0.50000     24.80000     2.90000     0.00000     0.00000     0.00000     17.80000     0.00000
winter     medium     medium     7.61000     6.00000     88.00000     7.19500     28.00000     87.33300     46.60000     14.70000     18.20000     36.60000     4.00000     0.00000     3.90000     0.00000     6.10000
autumn     large     medium     8.60000     5.70000     6.16700     3.73400     215.55600     36.30000     138.70000     0.30000     75.80000     15.20000     0.00000     3.50000     5.50000     13.10000     5.50000
spring     small     high     8.40000     10.00000     13.50000     3.85000     96.66700     41.30000     320.39999     13.10000     8.80000     10.50000     3.70000     0.00000     5.40000     0.00000     2.40000
winter     small     medium     7.40000     10.00000     20.62500     1.33500     25.83300     34.63600     10.11100     11.10000     1.90000     7.30000     1.40000     0.00000     2.50000     33.20000     1.70000
winter     large     high     7.84000     10.80000     26.00000     0.26700     58.50000     XXXXXXX     23.48500     93.68300     2.80000     0.00000     25.30000     0.00000     3.90000     10.60000     0.00000
winter     medium     medium     7.80000     11.90000     173.75000     1.72600     46.50000     48.62500     6.75000     27.50000     51.80000     0.00000     0.00000     4.60000     2.70000     1.90000     2.20000
spring     large     low     7.80000     9.80000     41.16300     1.52700     37.50000     53.00000     76.33300     15.30000     0.00000     0.00000     5.00000     2.20000     0.00000     11.50000     2.40000
autumn     large     medium     7.90000     10.50000     7.25000     6.04500     32.00000     151.33299     61.44400     0.30000     56.80000     1.70000     0.00000     0.00000     22.10000     0.00000     0.00000
autumn     small     low     7.90000     7.40000     40.16700     2.89900     1990.16003     1.80000     276.00000     2.50000     54.00000     0.00000     0.00000     6.80000     13.30000     1.00000     0.00000
winter     medium     medium     7.90000     10.60000     43.09000     3.76500     1911.00000     109.00000     58.62300     7.30000     50.60000     1.70000     1.00000     0.00000     7.70000     0.00000     0.00000
winter     medium     low     8.10000     11.00000     104.81800     4.99000     308.75000     282.16699     6.00000     0.80000     1.50000     0.00000     1.00000     2.00000     15.00000     0.00000     1.70000
spring     medium     medium     7.40000     6.30000     11.00000     0.82600     2082.85010     104.72700     344.60001     12.32000     35.50000     20.60000     0.00000     0.00000     0.00000     42.70000     0.00000
spring     large     high     8.30000     10.00000     0.80000     8.54300     8777.59961     45.00000     6.00000     2.00000     46.80000     1.40000     3.10000     1.00000     27.60000     2.70000     0.00000
winter     medium     high     7.90000     11.60000     10.55600     4.05300     196.00000     22.20000     143.75000     98.81700     12.50000     0.00000     14.60000     5.70000     3.60000     15.70000     14.40000
summer     small     medium     8.06000     6.00000     0.22200     3.14000     124.16700     120.50000     6.20000     46.07500     46.60000     7.60000     1.40000     6.60000     3.50000     0.00000     2.50000
spring     small     high     8.07000     9.50000     5.27300     1.17200     1131.66003     3.00000     101.45500     3.90000     3.60000     12.50000     2.00000     0.00000     1.10000     15.80000     0.00000
winter     medium     low     7.83000     6.90000     10.20700     0.23000     486.50000     39.00000     272.22198     5.11100     6.70000     16.00000     10.10000     4.30000     6.50000     8.50000     0.00000
winter     small     high     8.30000     6.80000     54.14300     1.58700     109.00000     28.62500     586.00000     0.80000     18.10000     3.90000     0.00000     3.20000     3.10000     0.00000     0.00000
autumn     medium     high     8.70000     9.20000     71.44400     4.03000     196.66701     26.62500     215.50000     3.70000     4.40000     12.00000     0.00000     0.00000     6.70000     0.00000     0.00000
summer     medium     high     7.29000     10.80000     20.08300     0.69900     161.81799     64.38900     105.72700     2.70000     16.60000     2.10000     1.90000     0.00000     5.60000     18.20000     0.00000
winter     medium     medium     7.79000     8.90000     XXXXXXX     5.45600     28.33300     75.87500     173.75000     50.22500     0.00000     17.10000     2.70000     13.40000     9.50000     0.00000     1.60000
spring     medium     high     7.60000     10.20000     15.54100     1.22300     92.37500     234.50000     140.51700     XXXXXXX     0.00000     0.00000     4.70000     0.00000     5.50000     0.00000     0.00000
winter     medium     low     7.70000     4.50000     151.83299     0.77000     244.60001     48.00000     82.44400     3.00000     12.20000     12.40000     12.90000     4.40000     2.70000     1.20000     0.00000
autumn     medium     medium     7.80000     9.60000     36.24800     0.44500     91.83300     30.75000     188.66701     8.95700     12.30000     5.60000     2.20000     0.00000     0.00000     9.90000     6.00000
summer     medium     medium     8.40000     11.80000     65.75000     2.82200     236.00000     XXXXXXX     146.45200     22.70000     13.00000     28.00000     18.90000     0.00000     8.00000     32.90000     1.90000
winter     large     medium     7.70000     10.10000     14.32000     7.16000     90.00000     16.00000     317.00000     XXXXXXX     7.20000     2.60000     0.00000     1.20000     5.70000     32.10000     2.20000
spring     medium     medium     8.10000     9.70000     56.71700     2.80000     10.00000     48.66700     79.75000     27.61800     2.20000     14.60000     0.00000     0.00000     0.00000     9.60000     31.60000
spring     small     medium     7.30000     8.00000     127.83300     2.22000     132.25000     4.25000     69.93000     4.50000     1.40000     2.10000     0.00000     0.00000     0.00000     1.20000     0.00000
summer     medium     high     8.00000     9.40000     100.83000     9.24800     101.00000     12.00000     255.28000     4.66700     7.60000     0.00000     7.00000     0.00000     34.30000     4.50000     1.10000
spring     small     medium     7.83000     10.80000     7.00000     4.90800     239.00000     66.40000     1.00000     1.40000     16.50000     40.70000     10.60000     0.00000     0.00000     8.20000     0.00000
summer     large     high     8.40000     11.80000     34.03700     1.39000     271.25000     1.00000     236.00000     2.15000     1.60000     1.40000     2.50000     5.00000     0.00000     0.00000     0.00000
spring     large     high     7.91000     10.29000     40.22600     3.31000     20.00000     38.62500     125.80000     0.80000     1.50000     14.70000     3.40000     3.90000     0.00000     0.00000     0.00000
autumn     small     high     8.00000     11.10000     38.90200     1.65500     122.50000     21.08300     11.00000     0.30000     0.00000     2.70000     1.80000     2.20000     0.00000     0.00000     3.40000
summer     small     high     8.30000     11.50000     7.00000     1.20800     1386.25000     18.66700     244.00000     6.50000     1.40000     0.00000     16.00000     0.00000     19.00000     0.00000     0.00000
summer     large     low     8.60000     7.10000     391.50000     1.32000     43.75000     173.00000     246.66701     3.00000     2.00000     0.00000     1.40000     0.00000     0.00000     0.00000     3.90000
spring     large     medium     8.10000     12.10000     61.05000     0.70100     122.85000     111.25000     75.20700     20.82900     0.00000     0.00000     2.00000     11.50000     4.10000     0.00000     1.90000
summer     medium     low     8.30000     6.20000     42.63600     1.87500     20.00000     10.66700     19.00000     5.55500     18.10000     0.00000     0.00000     1.40000     11.30000     0.00000     0.00000
spring     large     high     7.90000     12.90000     37.60000     2.97800     21.57100     8.60000     50.45500     21.90000     1.20000     38.50000     0.00000     0.00000     8.60000     0.00000     2.70000
autumn     small     high     7.30000     7.80000     16.00000     4.82000     101.66700     14.66700     20.81200     22.90000     0.00000     0.00000     0.00000     1.80000     1.20000     0.00000     3.90000
autumn     large     high     8.10000     6.30000     32.30000     7.74000     34.00000     1.00000     771.59998     3.80000     1.10000     0.00000     0.00000     0.00000     6.60000     0.00000     0.00000
summer     large     medium     9.10000     10.80000     1.54900     0.53600     42.00000     102.36400     232.83299     2.00000     54.40000     5.80000     2.90000     0.00000     1.20000     42.40000     2.40000
summer     small     medium     6.40000     11.10000     27.40000     3.97800     153.00000     19.72700     58.37400     0.60000     3.40000     0.00000     4.90000     0.00000     1.20000     22.90000     0.00000
autumn     small     low     8.20000     8.90000     XXXXXXX     2.30200     32.50000     16.83300     111.37500     18.37000     18.90000     4.00000     0.00000     0.00000     0.00000     4.70000     1.70000
winter     medium     low     8.30000     10.30000     12.53600     4.53500     627.27301     180.66701     171.27200     31.73800     25.50000     0.00000     1.20000     0.00000     18.70000     52.50000     0.00000
winter     large     medium     8.24000     8.30000     95.36700     3.56100     123.33300     27.66700     72.69600     7.90000     1.10000     13.20000     0.00000     2.20000     2.40000     17.20000     0.00000
spring     medium     medium     8.10000     4.90000     9.00000     1.65100     345.45499     8.69200     43.50000     18.33000     0.00000     12.00000     8.80000     0.00000     0.00000     0.00000     1.60000
autumn     large     medium     7.77000     7.70000     70.00000     1.73200     124.36400     82.22200     40.00000     6.40000     2.10000     15.90000     2.10000     1.70000     5.50000     0.00000     6.10000
summer     medium     high     7.93000     9.20000     48.66700     2.64000     66.66700     72.00000     137.77800     0.50000     32.10000     3.80000     0.00000     2.70000     0.00000     5.90000     0.00000
summer     large     high     7.70000     10.68000     31.09100     7.83000     197.90900     59.42900     13.60000     53.10000     3.40000     0.00000     1.10000     0.00000     5.20000     0.00000     0.00000
winter     small     high     8.50000     6.35000     43.00000     3.44400     102.75000     33.80000     624.73297     1.70000     32.50000     0.00000     0.00000     0.00000     2.60000     8.30000     0.00000
winter     medium     medium     8.35000     9.80000     94.40500     3.67800     146.66701     1.33300     19.00000     0.40000     1.70000     31.90000     2.10000     0.00000     6.40000     0.00000     1.40000
spring     large     high     8.30000     10.50000     XXXXXXX     3.02000     24064.00000     19.11100     86.99700     9.38400     3.70000     9.70000     7.50000     1.00000     0.00000     0.00000     1.40000
autumn     large     high     8.00000     9.80000     5.32600     5.13000     53.84600     54.10000     49.33300     25.00000     52.40000     0.00000     2.50000     2.00000     0.00000     6.40000     0.00000
autumn     large     high     7.92500     10.10000     29.50000     3.20000     430.00000     4.00000     194.10001     3.30000     48.30000     7.50000     0.00000     1.00000     1.40000     31.80000     0.00000
summer     medium     medium     7.40000     9.80000     7.61300     5.09900     35.00000     3.80000     81.55800     20.80000     50.40000     3.80000     0.00000     1.90000     5.80000     0.00000     0.00000
autumn     medium     medium     8.47000     3.60000     4.70000     9.71500     103.00000     77.33300     7.65400     0.60000     6.90000     0.00000     0.00000     0.00000     8.60000     0.00000     0.00000
autumn     medium     high     8.53000     5.30000     7.00000     0.86600     1495.00000     49.00000     22.90000     9.00000     24.30000     0.00000     0.00000     0.00000     0.00000     2.60000     31.20000
spring     large     low     8.60000     9.50000     9.05500     0.82500     40.00000     125.66700     108.00000     5.54400     29.70000     0.00000     0.00000     4.60000     0.00000     10.30000     0.00000
spring     small     high     9.10000     10.70000     194.75000     1.32800     380.00000     16.00000     187.05701     0.80000     14.40000     1.70000     1.60000     0.00000     0.00000     0.00000     3.20000
winter     small     high     8.40000     7.90000     15.00000     0.40600     40.00000     54.00000     89.62500     8.15500     1.70000     5.40000     3.00000     3.70000     7.70000     4.60000     2.30000
summer     small     low     7.74000     8.20000     3.86000     0.33000     12.50000     20.66700     21.30000     24.91700     16.80000     13.70000     4.20000     1.00000     9.20000     1.50000     0.00000
winter     medium     low     8.60000     1.50000     32.40000     0.94100     170.90900     25.16700     252.50000     22.50000     14.40000     0.00000     1.70000     2.10000     1.90000     3.90000     18.60000
summer     medium     medium     8.30000     9.80000     48.42900     1.87000     137.00000     51.11100     47.00000     3.00000     2.50000     1.50000     2.40000     0.00000     4.80000     0.00000     0.00000
autumn     large     high     6.60000     11.70000     87.00000     3.23500     17.77800     13.00000     45.00000     15.00000     0.00000     5.00000     7.50000     0.00000     1.40000     42.10000     0.00000
winter     small     high     8.05000     8.10000     101.87500     4.07100     56.36400     27.25000     303.33301     0.80000     3.80000     4.60000     1.20000     4.90000     11.30000     0.00000     5.90000
spring     medium     high     8.10000     11.70000     60.80000     0.38100     125.33300     4.00000     285.71399     2.00000     37.30000     0.00000     0.00000     0.00000     14.90000     0.00000     2.10000
summer     small     high     8.56000     11.30000     4.32600     2.95400     130.00000     5.00000     120.88900     3.50000     2.20000     0.00000     5.50000     0.00000     0.00000     0.00000     0.00000
autumn     medium     medium     8.80000     8.80000     59.06700     4.40800     88.18200     9.00000     23.00000     4.00000     1.40000     0.00000     2.90000     1.30000     1.20000     5.50000     7.00000
spring     medium     medium     8.70000     1.80000     12.44400     2.58600     120.00000     19.11100     232.89999     5.60900     31.10000     13.20000     0.00000     0.00000     0.00000     6.80000     0.00000
spring     large     high     8.50000     10.60000     17.37500     0.84600     192.50000     236.39999     7.20000     13.00000     19.40000     6.00000     1.70000     0.00000     20.80000     0.00000     2.90000
summer     medium     low     8.50000     10.60000     208.36400     0.30800     15.00000     27.00000     296.00000     1.30000     0.00000     7.00000     0.00000     0.00000     5.30000     0.00000     1.00000
summer     small     high     8.20000     9.40000     54.19000     0.23000     647.57001     221.89999     14.00000     11.70000     0.00000     0.00000     4.10000     0.00000     0.00000     6.20000     0.00000
spring     large     medium     7.00000     11.30000     2.75000     2.51200     134.00000     238.20000     20.75000     32.00000     24.80000     0.00000     14.00000     0.00000     1.20000     0.00000     25.60000
autumn     large     medium     7.30000     11.80000     30.52300     1.92100     49.00000     64.00000     50.00000     XXXXXXX     0.00000     12.70000     0.00000     1.00000     7.50000     21.40000     0.00000

