1)
  season   size  speed mxPH mnO2    Cl  NO3    NH4  oPO4   PO4 Chla   a1   a2 a3  a4   a5   a6   a7
1 autumn  small   high 7.50  7.7 57.75 3.31 6400.0 105.0  54.9  3.2  1.5  4.3  0 1.0 34.2  8.3  0.0
2 spring  small   high 8.53  8.4  4.70 8.54 1495.0  33.8 558.8  1.3  1.4 15.7  1 1.7  0.0  0.0  0.0
3 autumn  large medium 8.60 11.4 32.92 5.41  346.7   7.3 197.1   NA  0.0 14.7  0 0.0  0.0  0.0 10.2
4 spring  small medium 8.06  4.8  3.27 5.44   98.2  61.2 116.2  0.3 12.7 21.7  0 2.4  0.0  8.7  2.9
5 spring medium medium 8.10 11.2  5.27 1.42 2167.4  84.3  97.6 18.3 55.5  0.0  0 6.8  0.0  4.1  0.0
6 autumn medium medium 7.19 10.7 47.78 3.78   42.0  13.0  75.2 28.4  1.2  0.0  2 0.0  1.4 12.6  0.0
2)
,season,size,speed,mxPH,mnO2,Cl,NO3,NH4,oPO4,PO4,Chla,a2,a4,a6,a7
1,autumn,small,high,7.5,7.7,57.75,3.31,6400,105,54.916,3.2,4.3,1,8.3,0
2,spring,small,high,8.53,8.4,4.7,8.543,1495,33.8,558.75,1.3,15.7,1.7,0,0
3,autumn,large,medium,8.6,11.4,32.92,5.41,346.66699,7.3,197.14301,NA,14.7,0,0,10.2
4,spring,small,medium,8.06,4.8,3.275,5.442,98.182,61.182,116.2,0.3,21.7,2.4,8.7,2.9
5,spring,medium,medium,8.1,11.17,5.273,1.42,2167.37012,84.3,97.58,18.33,0,6.8,4.1,0
6,autumn,medium,medium,7.19,10.7,47.778,3.778,42,13,75.207,28.4,0,0,12.6,0
7,winter,medium,high,8.15,10.3,4.575,5.132,172.5,26.625,2.5,7.6,1,3.9,0,0
8,summer,small,high,8.2,10.6,4.545,NA,103,44.667,60,6.9,5.6,0,0,1
9,winter,small,high,8.22,10.6,82.852,4.459,34.333,26,61.5,0.5,0,3.7,0,0
10,winter,medium,high,7.35,10,20.083,1.39,84.667,66.4,22.9,3.1,8.9,2.9,0,0
11,autumn,small,medium,7.14,9.9,53.333,3.414,32,87.333,17,6.167,5.9,0,9.9,0
12,autumn,medium,low,8.7,8.1,12.536,9.08,62.5,1.25,23,1,0,1.7,8.2,0
13,winter,small,medium,7.74,10.2,127.833,1.223,165,20.667,111.375,30.4,0,1.7,0,0
14,summer,small,medium,8.2,10.5,13.5,3.245,10,10.667,232.89999,3.3,6.4,0,0,6
15,autumn,medium,medium,7.9,5.9,51.113,1.448,46.2,187,61.6,1,0,0,16.6,0
16,autumn,medium,high,8.4,6.2,8.3,0.267,5,13,344.60001,1.1,0,0,1.6,0
17,autumn,medium,medium,7.78,8,NA,5.456,39,27,46.6,2,0,0,0,1.2
18,autumn,medium,high,8.4,10.4,32.54,0.81,103.333,35.333,89.625,0.6,0,1.9,42.4,0
19,summer,small,low,7.93,6.8,47.229,0.91,178.57001,109,143.75,2,0,6.8,18.2,0
20,summer,medium,high,8.5,10.7,85.982,1.287,245,564.59998,58.374,20.8,0,4.6,0,2.4
21,autumn,large,medium,7.83,10.7,70,1.051,81,467.5,586,5.609,0,11.5,6.8,0
22,spring,medium,high,8.7,11.3,22.455,0.735,40,1.8,285.71399,3.5,0,2.3,0,0
23,spring,medium,high,8.5,7.3,12.146,2.64,27.286,125.667,18,3.2,25.4,0,9.9,1
24,summer,small,medium,7.75,11.3,31.091,0.923,3466.65991,104.222,87.125,8.155,0,0,0,0
25,summer,medium,low,8.2,6.35,11,5.13,370,51.111,11.5,1.4,6.7,3.5,0,0
26,spring,small,high,8.21,7.9,87,1.47,244.60001,30.75,82.444,3,0,2.7,10.1,30.1
27,summer,large,high,7.55,9.8,11.867,1.32,28,20,61.444,NA,12.7,0,0,0
28,autumn,medium,medium,8.5,10.1,41.25,NA,20,32,84,75,0,0,8.5,0
29,summer,medium,medium,7.6,9.2,8.69,3.908,20,36.3,296,6.5,28.2,0,0,2.5
30,autumn,medium,medium,6.6,9.6,9,4.053,60.11,102.364,72.9,26.8,38.8,0,5.9,0
31,winter,medium,high,7.4,9.3,7,3.9,208.33299,2,265.25,5.62,16,0,1.9,7.8
32,autumn,medium,low,8.3,5.3,16,3.78,60,132.5,252.5,92.667,17.1,0,5.5,0
33,winter,large,medium,8.43,9.5,69.75,0.866,124.167,39,102.571,14.775,1,0,0,1.2
34,winter,medium,high,7.2,9.8,4.083,0.102,215.556,9,214,31.738,12,0,0,0
35,spring,large,low,8,6.7,39,2.302,32.727,151.33299,44.136,5.45,40.7,3.5,49.4,2.2
36,spring,small,high,7.8,10.8,44,0.381,227.60001,166.72701,171.272,0.3,3.8,8.3,11.1,1
37,spring,small,high,7.7,10,1.17,4.908,96.667,1.625,146.452,0.2,0,0,64.6,2.1
38,winter,medium,high,8.3,5.3,27.233,45.65,43.75,2.5,3,9.882,12.4,1.1,0,0
39,winter,small,high,8.2,11.7,35.75,1.288,10,NA,607.16699,6.209,12.7,0,31.8,2.3
40,winter,small,medium,8.5,10.6,38.125,1.572,228.75,191.75,183.66701,0.5,2.7,0,29.5,2.2
41,autumn,small,low,7.9,4.5,38.902,4.93,122.5,16.833,205.875,11.84,1.4,0,15.8,0
42,winter,medium,high,8.6,5.7,54.19,1.715,120,55,18.293,13.2,0,6.9,0,3.3
43,autumn,large,high,8.3,9.4,2.933,1.32,246.364,85.5,124.2,22.5,40.9,4.1,0,0
44,spring,small,high,8.1,8.8,173.75,0.921,101.25,7.667,326.85699,3.3,13.2,2.2,7.9,0
45,summer,small,medium,8.3,9,77,1.67,110,6.5,320.39999,3.9,0,0,12.4,0
46,winter,small,high,8.3,12.5,10.5,3.02,65.455,220.75,186.5,3.6,0,0,42.7,31.6
47,winter,small,medium,8,7.1,7,3.33,914,428.75,292.625,21.22,0,4.8,2,0
48,spring,medium,medium,NA,11.8,9,1.374,72.6,5,6.667,2,2,4.4,6.8,0
49,winter,small,high,7.77,9,63.51,3.726,15,18.667,10.75,0.4,0,1.9,5.1,0
50,winter,small,medium,8,4.9,17.75,4.94,11.111,22.444,20.812,12.1,5.6,0,0,0
51,summer,medium,low,7.84,8.1,7.838,3.02,192.5,151.125,6,7.9,0,2.1,0,1.4
52,autumn,large,high,8.66,7.9,30.125,2.954,16.2,45.9,11,17.2,0,0,17.1,1.1
53,winter,small,high,7.9,11,55.35,2.818,13.5,7.75,201.778,5.544,1.7,3.2,7.1,1.6
54,summer,medium,medium,7.2,10.68,NA,0.699,18.333,4,14,7.3,0,0,0,0
55,autumn,medium,high,8.84,9.2,32.056,0.05,505,16,6.5,NA,21.6,0,0,0
56,winter,medium,high,5.6,4.9,NA,3.14,14.75,37,221.278,4.3,0,1,0,0
57,summer,large,medium,9.1,8.3,NA,5.078,10,1,4,NA,4.3,7.7,0,1.9
58,summer,small,medium,8.7,8.6,65.333,0.642,22.5,34.636,6,4.667,0,0,0,0
59,winter,medium,medium,6.6,6.5,74.667,6.096,96.667,2,253.25,1,1.9,0,0,0
60,spring,small,medium,8,9.8,53.102,2.231,31.333,9,351.60001,NA,13.2,0,0,1
61,winter,small,high,8.7,11.3,NA,5.97,46.5,100,85,0.5,0,2.5,0,0
62,spring,medium,low,7.5,10.7,47,1.588,124.364,NA,56.667,15.6,0,0,0,5.9
63,autumn,large,medium,7.7,13.1,136,1.718,NA,3.333,122,2.1,3.1,0,0,0
64,winter,small,medium,7.57,10.8,41.163,0.941,1911,12.75,175.04601,5.8,4.6,0,2.4,1.4
65,summer,small,high,7.9,9.9,4.326,1.203,12.727,104.5,7.2,2.9,0,1.6,0,1.2
66,summer,small,high,7.44,11.7,19.22,0.672,101.667,2.5,75.904,2.86,0,0,0,0
67,summer,large,low,6.4,10.7,1.549,3.235,112.857,236.39999,40.667,4.5,28,5.3,4.7,2.2
68,autumn,small,medium,7,6,5,9.773,133.636,120.5,138.5,53.1,5.4,0,1.8,0
69,summer,medium,medium,8,6,61.05,3.85,758.75,4,277.33301,0.6,0,7.6,1.4,2.1
70,winter,small,medium,8.1,7.6,63.625,3.617,155,51.125,49.333,1,0,28.8,0,0
71,winter,medium,medium,8.7,10.5,3.5,5.694,18,1.333,246.66701,34.75,21.5,0,16.7,0
72,winter,medium,high,8.1,10.5,66.3,1.921,236,82.222,57.833,5.2,20.1,1.2,20.4,1.7
73,winter,small,low,8.16,10.2,69,1.003,5.8,182.42,228.364,1.1,1.7,0,0,3.4
74,summer,large,low,7.9,7.1,22.32,6.238,3515,136.75,91.111,20.87,0,2.2,5.1,1.2
75,spring,medium,medium,8.5,10.4,129.375,4.87,196,22.2,52.875,9,0,0,0,0
76,spring,medium,medium,8.1,9.4,7.333,5.164,25.833,39,39,3.8,1.5,0,17,0
77,winter,medium,medium,9.06,4.4,22.35,0.33,92.375,221.89999,11,20.829,8,0,0,1.7
78,winter,medium,high,8.5,11.1,63.292,0.735,24064,36,76.333,10.5,13.7,4,0,2.2
79,autumn,large,medium,8.07,8.1,21.95,4.508,21.571,16,11.8,0.8,4.6,3.4,0,3.2
80,spring,medium,high,7.8,10.8,12.182,3.14,83.75,181,98.25,13,0,3.4,6.9,1.9
81,autumn,medium,high,8.3,10.5,53,0.445,1168,102.333,186,24.917,0,4.6,22.3,1.4
82,winter,medium,high,7.3,3.4,0.8,2.822,345.45499,6,361,5.5,31.9,0,0,14.4
83,spring,small,medium,9.7,11.1,37.6,4.555,40,16.8,6,15,1.2,0,6.4,9.7
84,summer,small,medium,7.7,9,391.5,6.188,371.11099,27.5,279.06601,18.3,4.1,1.8,0,0
85,summer,medium,high,6.6,10.8,26,3.833,737.5,77.333,130.75,2,4.9,0,3.3,25.6
86,winter,large,low,7.6,11.21,53,0.846,4073.33008,23,69.93,0.3,0,2.2,0,1
87,summer,medium,medium,8.2,12.9,36.248,6.513,131.66701,8.6,303.33301,27.618,0,6.6,13.2,4.2
88,summer,medium,medium,8.6,9.7,11,6.2,49.5,209.85699,14.354,88.255,0,2.4,0,0
89,winter,small,medium,7.6,7.1,39,1.527,51.111,282.16699,127,13.1,0,0,5.5,0
90,autumn,small,medium,7.79,11.9,194.75,2.102,102.75,51.75,169.00101,18.37,8.7,0,0,6.1
91,spring,small,medium,6.5,12.1,2.111,3.318,206.53799,267.75,391.75,19.4,5.5,0,0,0
92,autumn,small,high,7.72,4.5,23.825,5.099,76.667,19.727,152.33299,41,3.9,0,15.8,0
93,summer,small,medium,7.3,11.1,8,3.829,35,104.727,233.5,72.478,0,0,4.7,1.6
94,spring,large,high,8.1,9.7,3.136,2.443,32.5,24.667,239,0.8,12,0,21.4,0
95,autumn,large,low,7.9,11.8,9.055,4.99,205.66701,159.5,79.75,6.8,16.4,0,10.6,3.3
96,winter,medium,high,7.8,6,44.205,0.13,10,23,141.83299,54.367,5.2,0,5.9,0
97,winter,medium,low,7.62,8.5,NA,0.308,153.75,10.8,40,81.54,1.6,1.2,0,0
98,winter,medium,high,8.9,9.8,57.75,2.603,52.2,21.083,200.231,8.1,15.2,0,4.6,0
99,winter,medium,high,7.7,9.6,49.625,3.773,37.778,37.375,388.16699,NA,2.1,1.9,0,0
100,spring,small,high,7.8,3.2,10.207,1.328,430,38.625,211.66701,68.05,0,1.2,0,1
101,winter,small,high,7.45,10.53,77.364,1.535,90,61.556,75.333,30,0,2.6,12.7,0
102,spring,large,high,8.1,11.6,3.86,2.323,225,44,154.125,5.233,0,4.6,2.6,4.3
103,winter,large,high,7.5,8.7,64,6.045,233.7,72,269.66699,11.1,0,4.9,1.5,0
104,summer,large,high,8.4,10.7,34.5,0.996,1386.25,1,170,NA,7.6,0,1.5,2.4
105,spring,small,medium,7.8,10.1,10.078,6.54,27.5,264.89999,262.72699,2.7,0,2,1.4,3.2
106,summer,small,high,8.7,9.9,48.429,7.83,578,144.66701,116.2,4.5,16,4.6,0,0
107,spring,medium,high,8.3,6.3,73.25,3.976,1081.66003,71,275.14301,65.7,21.7,11,1.6,2.7
108,autumn,medium,high,8.27,8.2,130.67,1.72,931.83301,12.889,71,0.5,0,0,0,1.9
109,winter,medium,medium,8.3,6.5,23.25,3.351,723.66699,60.833,50.455,25,1,12.7,32.9,0
110,winter,medium,high,7.4,13.4,71.444,7.74,161.81799,9.667,104,24.556,18.4,0,0,1.4
111,spring,medium,medium,8.3,12,45.273,1.534,37.5,7.4,213,28.567,1.5,0,0,5.2
112,spring,small,high,8.58,10.3,5.889,3.444,10.5,10,26,17.491,1,1,0,3.9
113,winter,medium,medium,8.87,NA,11.818,7.16,60,46.667,16.662,50.225,14.5,1.2,42.1,0
114,summer,medium,low,8.05,1.5,187.183,1.875,235,37.857,11.818,16,72.6,0,0,12.5
115,winter,small,low,7.91,9.4,50,10.416,217.75,276.85001,187.05701,3,0,0,4.5,1.5
116,spring,small,medium,7.4,10.8,100.83,8.688,10,12.75,167.89999,0.5,0,2.4,0,2.9
117,spring,medium,medium,8.6,9.5,40.167,5.414,105.556,16,232.83299,2,7,0,3.6,0
118,autumn,small,high,8.3,11.6,43.97,3.923,176.66701,234.5,13.2,3,0,0,0,16.7
119,spring,medium,low,8,10.6,29.775,8.984,32.5,3.8,127.222,3,5.4,1.3,0,0
120,autumn,medium,low,7.9,6.6,151.83299,3.73,5738.33008,14.667,98.143,3,4.7,0,0,2.7
121,autumn,large,high,7.5,6.2,NA,3.734,123.333,67.5,138.7,3,0,0,2.2,1.4
122,spring,large,low,8.1,NA,42.636,2.304,92,12.75,147.83299,31,14.6,44.6,0,0
123,winter,medium,medium,8.5,11.5,6.167,6.64,429.20001,28.625,222.286,6.429,3.4,0,1,31.2
124,spring,small,low,8.3,10.5,5.326,2.163,132.25,36.909,85.4,2.8,0,0,7,0
125,spring,medium,medium,8.06,9.2,49.9,2.586,196.66701,238.2,125.8,5.2,2.1,0,0,0
126,summer,large,high,8.4,10.7,81.333,2.55,421.66699,55,56.091,17.2,9.6,1.9,0,6.8
127,winter,small,medium,8.4,11.7,12,5.099,76,38.75,219.909,7.3,0,0,0,6.1
128,winter,medium,high,9.5,6.9,10.4,4.665,10,41.5,13.6,0.3,4.6,3.5,0,0
129,summer,small,high,8.3,8.9,101.875,4.408,91.833,41.3,7,13.1,0,0,0,18.6
130,winter,medium,high,7.4,9.9,32.4,1.335,28.333,58.222,218,23.8,22,3.7,6.2,1.5
131,winter,small,low,7.6,1.8,26,0.63,10,48.667,272.22198,0.6,2.9,0,0,0
132,spring,medium,high,7.61,8.8,11.088,0.23,224.286,48.625,7.654,0.8,41,1,0,0
133,winter,large,high,7.8,9.4,NA,3.2,118.571,53.625,254.60001,15.3,16.2,0,9.6,0
134,autumn,medium,high,8.2,10.3,34.037,8.759,33.636,70,317,2.8,4,0,0,2.4
135,summer,large,high,7.8,10.1,82.111,2.978,82.1,159.16701,276,2.5,0,0,1.2,2
136,summer,small,high,8.5,5.5,8,4.86,120,58.875,58.623,11.6,26.5,0,0,0
137,autumn,large,high,8.43,11,35.66,1.212,8777.59961,197.83299,284,11.7,4.1,3.7,0,1
138,summer,small,low,7.925,11.1,15,0.826,486.5,53,115,3,19.6,0,17,1.4
139,spring,large,high,8.5,10.5,31,0.673,308.75,246,236,2,3.9,0,2.7,2.9
140,winter,large,high,8.25,8.2,10.556,0.9,49,15.6,27.5,98.817,8.6,2,0,0
141,summer,small,medium,8.1,4.3,10.975,4.698,175,261.60001,23.485,NA,7.3,0,0,1.6
142,spring,small,medium,7.4,11.62,13,1.172,643,3,NA,1.3,1.2,5,0,2.7
143,autumn,small,medium,8.24,10.2,50,0.23,146.66701,2,313.60001,0.8,38.5,4.3,6.7,0
144,summer,medium,high,8,8.5,48.667,1.651,920,27.667,235.66701,16,0,6.2,11.5,0
145,summer,medium,medium,8.47,6.3,3,4.03,170.909,3.222,102.333,4.3,6,0,0,1.4
146,spring,medium,high,8.4,9.7,54.143,4.17,15,64.389,NA,2.1,4.1,0,0,0
147,winter,small,high,8,3.3,46.167,0.406,51.429,137.60001,123.333,4.5,53.6,0,0,0
148,spring,large,high,7.9,9.9,53.425,3.765,215.714,97.333,43.5,32,0,0,0,0
149,winter,medium,medium,7.5,7,131.39999,0.77,56.364,48,66.75,22.5,28,5.7,4.5,0
150,autumn,small,high,7.6,5.4,56.717,0.758,53.846,175.66701,121,0.5,7.4,0,0,1.7
151,winter,medium,high,8.4,11,7.25,1.443,10,144,432.909,22.7,0,13.4,0,3.6
152,winter,large,medium,8,11.3,88,2.31,38.111,60,249.25,NA,0,1.2,32.1,0
153,autumn,large,low,8.4,7.8,15.541,1.415,109,20,108,14.7,0,2.2,77.6,0
154,spring,medium,low,7.6,7.1,6.3,2.22,160,4.25,188.66701,1.2,0,1.7,0,22.1
155,summer,small,medium,8,12.1,0.222,0.886,101,12,255.28,1.3,1.9,0,13.1,0
156,spring,medium,low,7.8,9.6,94,0.663,1990.16003,31.333,1,0.8,1.9,1.4,0,2.1
157,summer,small,medium,8,11.7,26.76,2.899,88.182,1,19,2.15,3.4,1,0,0
158,winter,small,low,9.1,11.8,5.83,1.474,58.5,54.1,132.54601,1.5,21.5,2.6,0,15.1
159,summer,medium,low,8,11.7,39.109,1.655,96.833,59.429,111.75,3.2,36.6,0,7.5,1.4
160,winter,medium,high,9,11.5,82.857,1.87,18.429,111.25,6.2,5.083,11.3,0,0,1.9
161,summer,medium,medium,8.5,10.29,27.4,1.587,43.75,102,6,20.6,1.4,0,0,0
162,spring,small,medium,7.4,11.2,7.613,6.225,65.556,47.5,3,93.683,2.9,0,0,5.5
163,summer,large,medium,7.7,8.8,94.405,3.678,103.333,51.111,101.455,2.3,0,0,0,1.7
164,spring,large,medium,7.9,11.1,43.09,3.07,124,26.6,6.75,21.9,7.5,0,0,0
165,winter,medium,high,7.3,10,16,0.86,122.85,143.71001,88.5,0.9,21.1,1,0,3.9
166,autumn,large,high,8.1,10.9,32.3,0.73,142,12,20.75,4.9,0,2.1,1.4,0
167,winter,large,medium,8.3,10.8,NA,0.658,137.27299,50.889,287,3.6,11.2,4,0,0
168,winter,medium,medium,9.1,8.9,29.5,1.873,134,54,624.73297,40,0,0,0,1
169,autumn,large,medium,8.7,9,29.2,3.316,130,18.25,50,1.7,0,0,0,6
170,spring,small,low,8.3,10.9,17.375,4.535,627.27301,205.636,14,110.456,15.9,2.2,0,0
171,spring,large,medium,8.35,6.1,1.45,3.561,255,34.5,17.333,20.578,9.1,0,17.2,0
172,autumn,large,medium,7.09,6,9,0.701,98.333,346.16699,16,27.5,12.7,0,0,2.4
173,summer,small,medium,7.83,12.5,104.818,2.512,461.875,27,10.111,50,11.6,5,22.9,1.4
174,spring,large,high,9.1,10.77,10.936,0.536,10,173,137.778,1.1,0,0,0,1.9
175,winter,medium,low,7.9,11.8,208.364,5.33,197.909,10.583,177.625,4,3.1,0,0,0
176,summer,large,low,5.7,10.5,43,1.51,271.25,1,173.75,6.8,5,11.3,8.3,0
177,spring,large,high,8,9.8,95.367,1.726,34,49,304,1.1,0,0,15.7,7.1
178,spring,large,medium,8.1,6.2,41.5,1.013,54.778,25.167,86.997,22.9,9.7,0,0,1.2
179,winter,large,high,8.8,9.8,79.077,7.195,102.5,196.62,142,0.8,2.1,0,2.6,2.7
180,summer,medium,high,8.8,11.7,12.444,4.188,54.75,4,194.10001,6.4,1.7,1.4,0,1.9
181,spring,medium,medium,7.8,11.4,12.778,2.942,137,19.111,244,4.3,3.8,0,0,0
182,spring,medium,medium,7.8,3.6,40.226,9.715,2082.8501,57.6,19,9.384,5,4.3,5.4,7.2
183,autumn,small,low,7.29,3.2,7,4.825,380,16,77.434,5.111,0,2.2,3.9,10.8
184,winter,large,low,8.15,9.8,NA,0.825,128.571,45,56.667,12.32,19.6,0,52.5,0
185,spring,medium,medium,8.1,8.4,2.2,3.685,20,61.25,46.438,2,1.7,0,0,7
186,winter,large,medium,8.7,10.8,28.333,2.316,12.5,32.5,84.46,5.555,7,5,10.3,6.6
187,summer,small,medium,7.8,7.4,22.286,2.273,12.5,75.875,21.3,NA,10.5,0,0,2.4
188,winter,medium,high,7.4,12.6,30.523,1.519,89.6,412.33301,34,8.957,0,7.8,33.2,4.1
189,spring,small,low,8.55,9.8,65.75,0.461,NA,180.66701,47,1.4,5.8,0,3.1,3.9
190,autumn,large,medium,6.6,7.6,20.625,9.248,17.778,75,45,21,0,0,17.8,0
191,summer,medium,medium,8,8.2,40.02,4.071,8,19.111,81.558,NA,20.6,0,0,0
192,winter,small,high,7.6,5.8,60.8,4.82,125.333,24,15,0.8,32.8,0,0,0
193,spring,medium,high,8.56,9.5,64.093,2.805,25,3.545,120.889,2.338,8,0,1.2,0
194,autumn,small,high,8.6,10.2,125.6,3.978,239,8.692,771.59998,0.8,2.6,1.2,0,3.2
195,spring,medium,medium,8.1,3.6,58.331,2.67,1131.66003,27.25,215.5,2,2.1,0,0,0
196,spring,small,high,8.4,11.1,57.848,0.376,153,78.333,105.727,10,12,0,1.5,0
197,winter,large,medium,9,8.4,14.32,1.208,1729,62.625,72.696,2.5,0,1,0,0
198,autumn,small,medium,8.2,8.3,139.989,2.68,647.57001,3,140.22,46.075,10.4,3,1.2,1.9
199,summer,medium,medium,6.8,7.7,2.75,1.732,66.667,1,35.2,NA,12.5,1.4,0,4.9
200,spring,medium,medium,7.3,11.8,59.067,2.8,27.069,64,140.517,3.7,0,0,17.7,5.8
3)
autumn     small     high     7.50000     7.70000     57.75000     3.31000     6400.00000     105.00000     54.91600     3.20000     1.50000     4.30000     0.00000     1.00000     34.20000     8.30000     0.00000
spring     small     high     8.53000     8.40000     4.70000     8.54300     1495.00000     33.80000     558.75000     1.30000     1.40000     15.70000     1.00000     1.70000     0.00000     0.00000     0.00000
autumn     large     medium     8.60000     11.40000     32.92000     5.41000     346.66699     7.30000     197.14301     XXXXXXX     0.00000     14.70000     0.00000     0.00000     0.00000     0.00000     10.20000
spring     small     medium     8.06000     4.80000     3.27500     5.44200     98.18200     61.18200     116.20000     0.30000     12.70000     21.70000     0.00000     2.40000     0.00000     8.70000     2.90000
spring     medium     medium     8.10000     11.17000     5.27300     1.42000     2167.37012     84.30000     97.58000     18.33000     55.50000     0.00000     0.00000     6.80000     0.00000     4.10000     0.00000
autumn     medium     medium     7.19000     10.70000     47.77800     3.77800     42.00000     13.00000     75.20700     28.40000     1.20000     0.00000     2.00000     0.00000     1.40000     12.60000     0.00000
winter     medium     high     8.15000     10.30000     4.57500     5.13200     172.50000     26.62500     2.50000     7.60000     0.00000     1.00000     35.10000     3.90000     5.80000     0.00000     0.00000
summer     small     high     8.20000     10.60000     4.54500     XXXXXXX     103.00000     44.66700     60.00000     6.90000     0.00000     5.60000     4.80000     0.00000     2.70000     0.00000     1.00000
winter     small     high     8.22000     10.60000     82.85200     4.45900     34.33300     26.00000     61.50000     0.50000     8.70000     0.00000     21.90000     3.70000     0.00000     0.00000     0.00000
I love this class
autumn     small     medium     7.14000     9.90000     53.33300     3.41400     32.00000     87.33300     17.00000     6.16700     14.70000     5.90000     0.00000     0.00000     34.30000     9.90000     0.00000
autumn     medium     low     8.70000     8.10000     12.53600     9.08000     62.50000     1.25000     23.00000     1.00000     32.10000     0.00000     4.70000     1.70000     0.00000     8.20000     0.00000
winter     small     medium     7.74000     10.20000     127.83300     1.22300     165.00000     20.66700     111.37500     30.40000     43.50000     0.00000     0.00000     1.70000     2.90000     0.00000     0.00000
summer     small     medium     8.20000     10.50000     13.50000     3.24500     10.00000     10.66700     232.89999     3.30000     0.00000     6.40000     0.00000     0.00000     2.60000     0.00000     6.00000
autumn     medium     medium     7.90000     5.90000     51.11300     1.44800     46.20000     187.00000     61.60000     1.00000     0.00000     0.00000     9.00000     0.00000     9.20000     16.60000     0.00000
autumn     medium     high     8.40000     6.20000     8.30000     0.26700     5.00000     13.00000     344.60001     1.10000     24.30000     0.00000     12.90000     0.00000     19.00000     1.60000     0.00000
autumn     medium     medium     7.78000     8.00000     XXXXXXX     5.45600     39.00000     27.00000     46.60000     2.00000     1.10000     0.00000     0.00000     0.00000     0.00000     0.00000     1.20000
autumn     medium     high     8.40000     10.40000     32.54000     0.81000     103.33300     35.33300     89.62500     0.60000     1.70000     0.00000     3.10000     1.90000     18.70000     42.40000     0.00000
summer     small     low     7.93000     6.80000     47.22900     0.91000     178.57001     109.00000     143.75000     2.00000     81.90000     0.00000     9.90000     6.80000     1.20000     18.20000     0.00000
summer     medium     high     8.50000     10.70000     85.98200     1.28700     245.00000     564.59998     58.37400     20.80000     0.00000     0.00000     0.00000     4.60000     10.60000     0.00000     2.40000
autumn     large     medium     7.83000     10.70000     70.00000     1.05100     81.00000     467.50000     586.00000     5.60900     0.00000     0.00000     1.60000     11.50000     4.00000     6.80000     0.00000
spring     medium     high     8.70000     11.30000     22.45500     0.73500     40.00000     1.80000     285.71399     3.50000     30.30000     0.00000     1.70000     2.30000     0.00000     0.00000     0.00000
spring     medium     high     8.50000     7.30000     12.14600     2.64000     27.28600     125.66700     18.00000     3.20000     23.20000     25.40000     0.00000     0.00000     11.50000     9.90000     1.00000
summer     small     medium     7.75000     11.30000     31.09100     0.92300     3466.65991     104.22200     87.12500     8.15500     0.00000     0.00000     2.20000     0.00000     0.00000     0.00000     0.00000
summer     medium     low     8.20000     6.35000     11.00000     5.13000     370.00000     51.11100     11.50000     1.40000     64.90000     6.70000     1.20000     3.50000     0.00000     0.00000     0.00000
spring     small     high     8.21000     7.90000     87.00000     1.47000     244.60001     30.75000     82.44400     3.00000     0.00000     0.00000     8.80000     2.70000     5.90000     10.10000     30.10000
summer     large     high     7.55000     9.80000     11.86700     1.32000     28.00000     20.00000     61.44400     XXXXXXX     69.90000     12.70000     0.00000     0.00000     4.10000     0.00000     0.00000
autumn     medium     medium     8.50000     10.10000     41.25000     XXXXXXX     20.00000     32.00000     84.00000     75.00000     15.80000     0.00000     5.00000     0.00000     3.40000     8.50000     0.00000
summer     medium     medium     7.60000     9.20000     8.69000     3.90800     20.00000     36.30000     296.00000     6.50000     2.00000     28.20000     1.50000     0.00000     0.00000     0.00000     2.50000
autumn     medium     medium     6.60000     9.60000     9.00000     4.05300     60.11000     102.36400     72.90000     26.80000     50.60000     38.80000     14.60000     0.00000     0.00000     5.90000     0.00000
winter     medium     high     7.40000     9.30000     7.00000     3.90000     208.33299     2.00000     265.25000     5.62000     64.20000     16.00000     2.30000     0.00000     0.00000     1.90000     7.80000
autumn     medium     low     8.30000     5.30000     16.00000     3.78000     60.00000     132.50000     252.50000     92.66700     6.90000     17.10000     1.90000     0.00000     8.60000     5.50000     0.00000
winter     large     medium     8.43000     9.50000     69.75000     0.86600     124.16700     39.00000     102.57100     14.77500     0.00000     1.00000     0.00000     0.00000     1.20000     0.00000     1.20000
winter     medium     high     7.20000     9.80000     4.08300     0.10200     215.55600     9.00000     214.00000     31.73800     13.60000     12.00000     13.60000     0.00000     0.00000     0.00000     0.00000
spring     large     low     8.00000     6.70000     39.00000     2.30200     32.72700     151.33299     44.13600     5.45000     5.30000     40.70000     1.20000     3.50000     0.00000     49.40000     2.20000
spring     small     high     7.80000     10.80000     44.00000     0.38100     227.60001     166.72701     171.27200     0.30000     1.40000     3.80000     0.00000     8.30000     7.40000     11.10000     1.00000
spring     small     high     7.70000     10.00000     1.17000     4.90800     96.66700     1.62500     146.45200     0.20000     10.30000     0.00000     5.60000     0.00000     2.50000     64.60000     2.10000
winter     medium     high     8.30000     5.30000     27.23300     45.65000     43.75000     2.50000     3.00000     9.88200     12.60000     12.40000     5.40000     1.10000     0.00000     0.00000     0.00000
winter     small     high     8.20000     11.70000     35.75000     1.28800     10.00000     XXXXXXX     607.16699     6.20900     13.00000     12.70000     0.00000     0.00000     0.00000     31.80000     2.30000
winter     small     medium     8.50000     10.60000     38.12500     1.57200     228.75000     191.75000     183.66701     0.50000     39.70000     2.70000     8.80000     0.00000     44.40000     29.50000     2.20000
autumn     small     low     7.90000     4.50000     38.90200     4.93000     122.50000     16.83300     205.87500     11.84000     0.00000     1.40000     2.50000     0.00000     7.50000     15.80000     0.00000
winter     medium     high     8.60000     5.70000     54.19000     1.71500     120.00000     55.00000     18.29300     13.20000     3.40000     0.00000     0.00000     6.90000     0.00000     0.00000     3.30000
autumn     large     high     8.30000     9.40000     2.93300     1.32000     246.36400     85.50000     124.20000     22.50000     66.00000     40.90000     3.30000     4.10000     12.40000     0.00000     0.00000
spring     small     high     8.10000     8.80000     173.75000     0.92100     101.25000     7.66700     326.85699     3.30000     2.40000     13.20000     2.90000     2.20000     2.70000     7.90000     0.00000
summer     small     medium     8.30000     9.00000     77.00000     1.67000     110.00000     6.50000     320.39999     3.90000     39.10000     0.00000     1.40000     0.00000     1.90000     12.40000     0.00000
winter     small     high     8.30000     12.50000     10.50000     3.02000     65.45500     220.75000     186.50000     3.60000     75.80000     0.00000     0.00000     0.00000     2.90000     42.70000     31.60000
winter     small     medium     8.00000     7.10000     7.00000     3.33000     914.00000     428.75000     292.62500     21.22000     0.00000     0.00000     1.20000     4.80000     11.70000     2.00000     0.00000
spring     medium     medium     XXXXXXX     11.80000     9.00000     1.37400     72.60000     5.00000     6.66700     2.00000     1.90000     2.00000     0.00000     4.40000     0.00000     6.80000     0.00000
winter     small     high     7.77000     9.00000     63.51000     3.72600     15.00000     18.66700     10.75000     0.40000     1.60000     0.00000     0.00000     1.90000     0.00000     5.10000     0.00000
winter     small     medium     8.00000     4.90000     17.75000     4.94000     11.11100     22.44400     20.81200     12.10000     48.30000     5.60000     0.00000     0.00000     7.70000     0.00000     0.00000
summer     medium     low     7.84000     8.10000     7.83800     3.02000     192.50000     151.12500     6.00000     7.90000     43.70000     0.00000     0.00000     2.10000     9.50000     0.00000     1.40000
autumn     large     high     8.66000     7.90000     30.12500     2.95400     16.20000     45.90000     11.00000     17.20000     24.00000     0.00000     0.00000     0.00000     0.00000     17.10000     1.10000
winter     small     high     7.90000     11.00000     55.35000     2.81800     13.50000     7.75000     201.77800     5.54400     2.50000     1.70000     0.00000     3.20000     0.00000     7.10000     1.60000
summer     medium     medium     7.20000     10.68000     XXXXXXX     0.69900     18.33300     4.00000     14.00000     7.30000     82.70000     0.00000     2.50000     0.00000     15.30000     0.00000     0.00000
autumn     medium     high     8.84000     9.20000     32.05600     0.05000     505.00000     16.00000     6.50000     XXXXXXX     46.20000     21.60000     0.00000     0.00000     19.70000     0.00000     0.00000
winter     medium     high     5.60000     4.90000     XXXXXXX     3.14000     14.75000     37.00000     221.27800     4.30000     66.90000     0.00000     0.00000     1.00000     0.00000     0.00000     0.00000
summer     large     medium     9.10000     8.30000     XXXXXXX     5.07800     10.00000     1.00000     4.00000     XXXXXXX     3.80000     4.30000     0.00000     7.70000     17.90000     0.00000     1.90000
summer     small     medium     8.70000     8.60000     65.33300     0.64200     22.50000     34.63600     6.00000     4.66700     4.10000     0.00000     5.50000     0.00000     7.30000     0.00000     0.00000
winter     medium     medium     6.60000     6.50000     74.66700     6.09600     96.66700     2.00000     253.25000     1.00000     1.40000     1.90000     24.80000     0.00000     3.50000     0.00000     0.00000
spring     small     medium     8.00000     9.80000     53.10200     2.23100     31.33300     9.00000     351.60001     XXXXXXX     25.50000     13.20000     0.00000     0.00000     9.90000     0.00000     1.00000
winter     small     high     8.70000     11.30000     XXXXXXX     5.97000     46.50000     100.00000     85.00000     0.50000     18.90000     0.00000     0.00000     2.50000     3.20000     0.00000     0.00000
spring     medium     low     7.50000     10.70000     47.00000     1.58800     124.36400     XXXXXXX     56.66700     15.60000     1.20000     0.00000     1.00000     0.00000     0.00000     0.00000     5.90000
autumn     large     medium     7.70000     13.10000     136.00000     1.71800     XXXXXXX     3.33300     122.00000     2.10000     32.80000     3.10000     0.00000     0.00000     0.00000     0.00000     0.00000
winter     small     medium     7.57000     10.80000     41.16300     0.94100     1911.00000     12.75000     175.04601     5.80000     20.30000     4.60000     0.00000     0.00000     20.00000     2.40000     1.40000
summer     small     high     7.90000     9.90000     4.32600     1.20300     12.72700     104.50000     7.20000     2.90000     29.50000     0.00000     10.80000     1.60000     16.20000     0.00000     1.20000
summer     small     high     7.44000     11.70000     19.22000     0.67200     101.66700     2.50000     75.90400     2.86000     10.80000     0.00000     1.70000     0.00000     6.50000     0.00000     0.00000
summer     large     low     6.40000     10.70000     1.54900     3.23500     112.85700     236.39999     40.66700     4.50000     2.90000     28.00000     42.80000     5.30000     22.50000     4.70000     2.20000
autumn     small     medium     7.00000     6.00000     5.00000     9.77300     133.63600     120.50000     138.50000     53.10000     12.30000     5.40000     10.60000     0.00000     22.10000     1.80000     0.00000
summer     medium     medium     8.00000     6.00000     61.05000     3.85000     758.75000     4.00000     277.33301     0.60000     35.50000     0.00000     2.10000     7.60000     0.00000     1.40000     2.10000
winter     small     medium     8.10000     7.60000     63.62500     3.61700     155.00000     51.12500     49.33300     1.00000     12.50000     0.00000     1.00000     28.80000     0.00000     0.00000     0.00000
winter     medium     medium     8.70000     10.50000     3.50000     5.69400     18.00000     1.33300     246.66701     34.75000     29.70000     21.50000     10.20000     0.00000     9.00000     16.70000     0.00000
winter     medium     high     8.10000     10.50000     66.30000     1.92100     236.00000     82.22200     57.83300     5.20000     3.60000     20.10000     20.20000     1.20000     0.00000     20.40000     1.70000
winter     small     low     8.16000     10.20000     69.00000     1.00300     5.80000     182.42000     228.36400     1.10000     0.00000     1.70000     0.00000     0.00000     6.10000     0.00000     3.40000
summer     large     low     7.90000     7.10000     22.32000     6.23800     3515.00000     136.75000     91.11100     20.87000     31.10000     0.00000     4.90000     2.20000     5.30000     5.10000     1.20000
spring     medium     medium     8.50000     10.40000     129.37500     4.87000     196.00000     22.20000     52.87500     9.00000     12.30000     0.00000     17.60000     0.00000     1.10000     0.00000     0.00000
spring     medium     medium     8.10000     9.40000     7.33300     5.16400     25.83300     39.00000     39.00000     3.80000     17.00000     1.50000     1.50000     0.00000     9.40000     17.00000     0.00000
winter     medium     medium     9.06000     4.40000     22.35000     0.33000     92.37500     221.89999     11.00000     20.82900     25.40000     8.00000     25.30000     0.00000     0.00000     0.00000     1.70000
winter     medium     high     8.50000     11.10000     63.29200     0.73500     24064.00000     36.00000     76.33300     10.50000     14.40000     13.70000     23.20000     4.00000     0.00000     0.00000     2.20000
autumn     large     medium     8.07000     8.10000     21.95000     4.50800     21.57100     16.00000     11.80000     0.80000     4.10000     4.60000     1.20000     3.40000     0.00000     0.00000     3.20000
spring     medium     high     7.80000     10.80000     12.18200     3.14000     83.75000     181.00000     98.25000     13.00000     3.10000     0.00000     16.00000     3.40000     5.70000     6.90000     1.90000
autumn     medium     high     8.30000     10.50000     53.00000     0.44500     1168.00000     102.33300     186.00000     24.91700     7.20000     0.00000     3.00000     4.60000     0.00000     22.30000     1.40000
winter     medium     high     7.30000     3.40000     0.80000     2.82200     345.45499     6.00000     361.00000     5.50000     1.20000     31.90000     1.10000     0.00000     0.00000     0.00000     14.40000
spring     small     medium     9.70000     11.10000     37.60000     4.55500     40.00000     16.80000     6.00000     15.00000     54.40000     1.20000     0.00000     0.00000     2.40000     6.40000     9.70000
summer     small     medium     7.70000     9.00000     391.50000     6.18800     371.11099     27.50000     279.06601     18.30000     16.60000     4.10000     3.30000     1.80000     6.40000     0.00000     0.00000
summer     medium     high     6.60000     10.80000     26.00000     3.83300     737.50000     77.33300     130.75000     2.00000     0.00000     4.90000     0.00000     0.00000     0.00000     3.30000     25.60000
winter     large     low     7.60000     11.21000     53.00000     0.84600     4073.33008     23.00000     69.93000     0.30000     2.10000     0.00000     3.90000     2.20000     13.30000     0.00000     1.00000
summer     medium     medium     8.20000     12.90000     36.24800     6.51300     131.66701     8.60000     303.33301     27.61800     2.80000     0.00000     0.00000     6.60000     1.40000     13.20000     4.20000
summer     medium     medium     8.60000     9.70000     11.00000     6.20000     49.50000     209.85699     14.35400     88.25500     0.00000     0.00000     2.60000     2.40000     6.70000     0.00000     0.00000
winter     small     medium     7.60000     7.10000     39.00000     1.52700     51.11100     282.16699     127.00000     13.10000     10.30000     0.00000     0.00000     0.00000     35.60000     5.50000     0.00000
autumn     small     medium     7.79000     11.90000     194.75000     2.10200     102.75000     51.75000     169.00101     18.37000     3.30000     8.70000     2.10000     0.00000     0.00000     0.00000     6.10000
spring     small     medium     6.50000     12.10000     2.11100     3.31800     206.53799     267.75000     391.75000     19.40000     1.70000     5.50000     1.20000     0.00000     15.90000     0.00000     0.00000
autumn     small     high     7.72000     4.50000     23.82500     5.09900     76.66700     19.72700     152.33299     41.00000     0.00000     3.90000     4.10000     0.00000     0.00000     15.80000     0.00000
summer     small     medium     7.30000     11.10000     8.00000     3.82900     35.00000     104.72700     233.50000     72.47800     0.00000     0.00000     0.00000     0.00000     20.80000     4.70000     1.60000
spring     large     high     8.10000     9.70000     3.13600     2.44300     32.50000     24.66700     239.00000     0.80000     0.00000     12.00000     0.00000     0.00000     8.20000     21.40000     0.00000
autumn     large     low     7.90000     11.80000     9.05500     4.99000     205.66701     159.50000     79.75000     6.80000     0.00000     16.40000     2.40000     0.00000     0.00000     10.60000     3.30000
winter     medium     high     7.80000     6.00000     44.20500     0.13000     10.00000     23.00000     141.83299     54.36700     5.70000     5.20000     1.40000     0.00000     2.40000     5.90000     0.00000
winter     medium     low     7.62000     8.50000     XXXXXXX     0.30800     153.75000     10.80000     40.00000     81.54000     1.90000     1.60000     0.00000     1.20000     0.00000     0.00000     0.00000
winter     medium     high     8.90000     9.80000     57.75000     2.60300     52.20000     21.08300     200.23100     8.10000     1.20000     15.20000     0.00000     0.00000     11.30000     4.60000     0.00000
winter     medium     high     7.70000     9.60000     49.62500     3.77300     37.77800     37.37500     388.16699     XXXXXXX     1.10000     2.10000     0.00000     1.90000     1.00000     0.00000     0.00000
spring     small     high     7.80000     3.20000     10.20700     1.32800     430.00000     38.62500     211.66701     68.05000     32.50000     0.00000     2.50000     1.20000     0.00000     0.00000     1.00000
winter     small     high     7.45000     10.53000     77.36400     1.53500     90.00000     61.55600     75.33300     30.00000     28.10000     0.00000     0.00000     2.60000     8.90000     12.70000     0.00000
spring     large     high     8.10000     11.60000     3.86000     2.32300     225.00000     44.00000     154.12500     5.23300     2.20000     0.00000     0.00000     4.60000     0.00000     2.60000     4.30000
winter     large     high     7.50000     8.70000     64.00000     6.04500     233.70000     72.00000     269.66699     11.10000     3.60000     0.00000     3.30000     4.90000     0.00000     1.50000     0.00000
summer     large     high     8.40000     10.70000     34.50000     0.99600     1386.25000     1.00000     170.00000     XXXXXXX     4.00000     7.60000     8.00000     0.00000     10.20000     1.50000     2.40000
spring     small     medium     7.80000     10.10000     10.07800     6.54000     27.50000     264.89999     262.72699     2.70000     2.40000     0.00000     2.60000     2.00000     28.80000     1.40000     3.20000
summer     small     high     8.70000     9.90000     48.42900     7.83000     578.00000     144.66701     116.20000     4.50000     1.90000     16.00000     0.00000     4.60000     0.00000     0.00000     0.00000
spring     medium     high     8.30000     6.30000     73.25000     3.97600     1081.66003     71.00000     275.14301     65.70000     0.00000     21.70000     6.80000     11.00000     1.00000     1.60000     2.70000
autumn     medium     high     8.27000     8.20000     130.67000     1.72000     931.83301     12.88900     71.00000     0.50000     23.70000     0.00000     25.90000     0.00000     5.20000     0.00000     1.90000
winter     medium     medium     8.30000     6.50000     23.25000     3.35100     723.66699     60.83300     50.45500     25.00000     3.40000     1.00000     0.00000     12.70000     1.20000     32.90000     0.00000
winter     medium     high     7.40000     13.40000     71.44400     7.74000     161.81799     9.66700     104.00000     24.55600     1.40000     18.40000     0.00000     0.00000     7.50000     0.00000     1.40000
spring     medium     medium     8.30000     12.00000     45.27300     1.53400     37.50000     7.40000     213.00000     28.56700     64.30000     1.50000     0.00000     0.00000     0.00000     0.00000     5.20000
spring     small     high     8.58000     10.30000     5.88900     3.44400     10.50000     10.00000     26.00000     17.49100     14.40000     1.00000     6.30000     1.00000     4.90000     0.00000     3.90000
winter     medium     medium     8.87000     XXXXXXX     11.81800     7.16000     60.00000     46.66700     16.66200     50.22500     1.60000     14.50000     4.10000     1.20000     0.00000     42.10000     0.00000
summer     medium     low     8.05000     1.50000     187.18300     1.87500     235.00000     37.85700     11.81800     16.00000     18.30000     72.60000     22.00000     0.00000     0.00000     0.00000     12.50000
winter     small     low     7.91000     9.40000     50.00000     10.41600     217.75000     276.85001     187.05701     3.00000     89.80000     0.00000     0.00000     0.00000     11.50000     4.50000     1.50000
spring     small     medium     7.40000     10.80000     100.83000     8.68800     10.00000     12.75000     167.89999     0.50000     7.80000     0.00000     1.90000     2.40000     0.00000     0.00000     2.90000
spring     medium     medium     8.60000     9.50000     40.16700     5.41400     105.55600     16.00000     232.83299     2.00000     46.90000     7.00000     1.20000     0.00000     11.30000     3.60000     0.00000
autumn     small     high     8.30000     11.60000     43.97000     3.92300     176.66701     234.50000     13.20000     3.00000     86.60000     0.00000     0.00000     0.00000     1.20000     0.00000     16.70000
spring     medium     low     8.00000     10.60000     29.77500     8.98400     32.50000     3.80000     127.22200     3.00000     74.20000     5.40000     0.00000     1.30000     1.70000     0.00000     0.00000
autumn     medium     low     7.90000     6.60000     151.83299     3.73000     5738.33008     14.66700     98.14300     3.00000     7.00000     4.70000     1.00000     0.00000     8.10000     0.00000     2.70000
autumn     large     high     7.50000     6.20000     XXXXXXX     3.73400     123.33300     67.50000     138.70000     3.00000     15.10000     0.00000     0.00000     0.00000     0.00000     2.20000     1.40000
spring     large     low     8.10000     XXXXXXX     42.63600     2.30400     92.00000     12.75000     147.83299     31.00000     1.20000     14.60000     3.00000     44.60000     0.00000     0.00000     0.00000
winter     medium     medium     8.50000     11.50000     6.16700     6.64000     429.20001     28.62500     222.28600     6.42900     3.70000     3.40000     7.00000     0.00000     0.00000     1.00000     31.20000
spring     small     low     8.30000     10.50000     5.32600     2.16300     132.25000     36.90900     85.40000     2.80000     9.20000     0.00000     0.00000     0.00000     0.00000     7.00000     0.00000
spring     medium     medium     8.06000     9.20000     49.90000     2.58600     196.66701     238.20000     125.80000     5.20000     31.80000     2.10000     18.90000     0.00000     4.80000     0.00000     0.00000
summer     large     high     8.40000     10.70000     81.33300     2.55000     421.66699     55.00000     56.09100     17.20000     24.80000     9.60000     3.50000     1.90000     0.00000     0.00000     6.80000
winter     small     medium     8.40000     11.70000     12.00000     5.09900     76.00000     38.75000     219.90900     7.30000     14.60000     0.00000     0.00000     0.00000     7.70000     0.00000     6.10000
winter     medium     high     9.50000     6.90000     10.40000     4.66500     10.00000     41.50000     13.60000     0.30000     3.30000     4.60000     3.90000     3.50000     5.50000     0.00000     0.00000
summer     small     high     8.30000     8.90000     101.87500     4.40800     91.83300     41.30000     7.00000     13.10000     41.00000     0.00000     0.00000     0.00000     0.00000     0.00000     18.60000
winter     medium     high     7.40000     9.90000     32.40000     1.33500     28.33300     58.22200     218.00000     23.80000     4.20000     22.00000     1.40000     3.70000     5.40000     6.20000     1.50000
winter     small     low     7.60000     1.80000     26.00000     0.63000     10.00000     48.66700     272.22198     0.60000     1.40000     2.90000     1.90000     0.00000     3.90000     0.00000     0.00000
spring     medium     high     7.61000     8.80000     11.08800     0.23000     224.28600     48.62500     7.65400     0.80000     46.60000     41.00000     1.40000     1.00000     2.70000     0.00000     0.00000
winter     large     high     7.80000     9.40000     XXXXXXX     3.20000     118.57100     53.62500     254.60001     15.30000     0.00000     16.20000     0.00000     0.00000     9.00000     9.60000     0.00000
autumn     medium     high     8.20000     10.30000     34.03700     8.75900     33.63600     70.00000     317.00000     2.80000     50.40000     4.00000     3.20000     0.00000     3.10000     0.00000     2.40000
summer     large     high     7.80000     10.10000     82.11100     2.97800     82.10000     159.16701     276.00000     2.50000     54.00000     0.00000     0.00000     0.00000     14.90000     1.20000     2.00000
summer     small     high     8.50000     5.50000     8.00000     4.86000     120.00000     58.87500     58.62300     11.60000     0.00000     26.50000     11.50000     0.00000     1.70000     0.00000     0.00000
autumn     large     high     8.43000     11.00000     35.66000     1.21200     8777.59961     197.83299     284.00000     11.70000     1.50000     4.10000     1.00000     3.70000     3.60000     0.00000     1.00000
summer     small     low     7.92500     11.10000     15.00000     0.82600     486.50000     53.00000     115.00000     3.00000     18.00000     19.60000     0.00000     0.00000     1.20000     17.00000     1.40000
spring     large     high     8.50000     10.50000     31.00000     0.67300     308.75000     246.00000     236.00000     2.00000     16.50000     3.90000     3.70000     0.00000     0.00000     2.70000     2.90000
winter     large     high     8.25000     8.20000     10.55600     0.90000     49.00000     15.60000     27.50000     98.81700     33.90000     8.60000     0.00000     2.00000     0.00000     0.00000     0.00000
summer     small     medium     8.10000     4.30000     10.97500     4.69800     175.00000     261.60001     23.48500     XXXXXXX     1.70000     7.30000     1.40000     0.00000     0.00000     0.00000     1.60000
spring     small     medium     7.40000     11.62000     13.00000     1.17200     643.00000     3.00000     XXXXXXX     1.30000     19.00000     1.20000     0.00000     5.00000     27.60000     0.00000     2.70000
autumn     small     medium     8.24000     10.20000     50.00000     0.23000     146.66701     2.00000     313.60001     0.80000     42.50000     38.50000     1.60000     4.30000     0.00000     6.70000     0.00000
summer     medium     high     8.00000     8.50000     48.66700     1.65100     920.00000     27.66700     235.66701     16.00000     18.10000     0.00000     2.70000     6.20000     3.90000     11.50000     0.00000
summer     medium     medium     8.47000     6.30000     3.00000     4.03000     170.90900     3.22200     102.33300     4.30000     0.00000     6.00000     2.00000     0.00000     1.20000     0.00000     1.40000
spring     medium     high     8.40000     9.70000     54.14300     4.17000     15.00000     64.38900     XXXXXXX     2.10000     17.10000     4.10000     0.00000     0.00000     0.00000     0.00000     0.00000
winter     small     high     8.00000     3.30000     46.16700     0.40600     51.42900     137.60001     123.33300     4.50000     0.00000     53.60000     5.00000     0.00000     0.00000     0.00000     0.00000
spring     large     high     7.90000     9.90000     53.42500     3.76500     215.71400     97.33300     43.50000     32.00000     17.00000     0.00000     6.10000     0.00000     1.00000     0.00000     0.00000
winter     medium     medium     7.50000     7.00000     131.39999     0.77000     56.36400     48.00000     66.75000     22.50000     0.00000     28.00000     0.00000     5.70000     0.00000     4.50000     0.00000
autumn     small     high     7.60000     5.40000     56.71700     0.75800     53.84600     175.66701     121.00000     0.50000     0.00000     7.40000     21.70000     0.00000     8.60000     0.00000     1.70000
winter     medium     high     8.40000     11.00000     7.25000     1.44300     10.00000     144.00000     432.90900     22.70000     0.00000     0.00000     2.00000     13.40000     8.00000     0.00000     3.60000
winter     large     medium     8.00000     11.30000     88.00000     2.31000     38.11100     60.00000     249.25000     XXXXXXX     9.20000     0.00000     0.00000     1.20000     0.00000     32.10000     0.00000
autumn     large     low     8.40000     7.80000     15.54100     1.41500     109.00000     20.00000     108.00000     14.70000     2.20000     0.00000     11.80000     2.20000     0.00000     77.60000     0.00000
spring     medium     low     7.60000     7.10000     6.30000     2.22000     160.00000     4.25000     188.66701     1.20000     4.10000     0.00000     3.70000     1.70000     6.40000     0.00000     22.10000
summer     small     medium     8.00000     12.10000     0.22200     0.88600     101.00000     12.00000     255.28000     1.30000     7.60000     1.90000     1.00000     0.00000     15.00000     13.10000     0.00000
spring     medium     low     7.80000     9.60000     94.00000     0.66300     1990.16003     31.33300     1.00000     0.80000     24.80000     1.90000     0.00000     1.40000     4.10000     0.00000     2.10000
summer     small     medium     8.00000     11.70000     26.76000     2.89900     88.18200     1.00000     19.00000     2.15000     51.80000     3.40000     10.30000     1.00000     8.70000     0.00000     0.00000
winter     small     low     9.10000     11.80000     5.83000     1.47400     58.50000     54.10000     132.54601     1.50000     2.80000     21.50000     4.00000     2.60000     11.20000     0.00000     15.10000
summer     medium     low     8.00000     11.70000     39.10900     1.65500     96.83300     59.42900     111.75000     3.20000     0.00000     36.60000     1.80000     0.00000     2.20000     7.50000     1.40000
winter     medium     high     9.00000     11.50000     82.85700     1.87000     18.42900     111.25000     6.20000     5.08300     46.80000     11.30000     4.20000     0.00000     0.00000     0.00000     1.90000
summer     medium     medium     8.50000     10.29000     27.40000     1.58700     43.75000     102.00000     6.00000     20.60000     16.80000     1.40000     0.00000     0.00000     0.00000     0.00000     0.00000
spring     small     medium     7.40000     11.20000     7.61300     6.22500     65.55600     47.50000     3.00000     93.68300     2.20000     2.90000     2.00000     0.00000     0.00000     0.00000     5.50000
summer     large     medium     7.70000     8.80000     94.40500     3.67800     103.33300     51.11100     101.45500     2.30000     3.30000     0.00000     7.30000     0.00000     6.10000     0.00000     1.70000
spring     large     medium     7.90000     11.10000     43.09000     3.07000     124.00000     26.60000     6.75000     21.90000     52.20000     7.50000     19.60000     0.00000     0.00000     0.00000     0.00000
winter     medium     high     7.30000     10.00000     16.00000     0.86000     122.85000     143.71001     88.50000     0.90000     0.00000     21.10000     13.50000     1.00000     5.50000     0.00000     3.90000
autumn     large     high     8.10000     10.90000     32.30000     0.73000     142.00000     12.00000     20.75000     4.90000     2.20000     0.00000     1.00000     2.10000     0.00000     1.40000     0.00000
winter     large     medium     8.30000     10.80000     XXXXXXX     0.65800     137.27299     50.88900     287.00000     3.60000     11.30000     11.20000     0.00000     4.00000     0.00000     0.00000     0.00000
winter     medium     medium     9.10000     8.90000     29.50000     1.87300     134.00000     54.00000     624.73297     40.00000     6.70000     0.00000     0.00000     0.00000     1.20000     0.00000     1.00000
autumn     large     medium     8.70000     9.00000     29.20000     3.31600     130.00000     18.25000     50.00000     1.70000     5.90000     0.00000     0.00000     0.00000     0.00000     0.00000     6.00000
spring     small     low     8.30000     10.90000     17.37500     4.53500     627.27301     205.63600     14.00000     110.45600     47.10000     15.90000     1.20000     2.20000     8.00000     0.00000     0.00000
spring     large     medium     8.35000     6.10000     1.45000     3.56100     255.00000     34.50000     17.33300     20.57800     2.50000     9.10000     0.00000     0.00000     0.00000     17.20000     0.00000
autumn     large     medium     7.09000     6.00000     9.00000     0.70100     98.33300     346.16699     16.00000     27.50000     16.80000     12.70000     0.00000     0.00000     1.20000     0.00000     2.40000
summer     small     medium     7.83000     12.50000     104.81800     2.51200     461.87500     27.00000     10.11100     50.00000     8.80000     11.60000     2.10000     5.00000     0.00000     22.90000     1.40000
spring     large     high     9.10000     10.77000     10.93600     0.53600     10.00000     173.00000     137.77800     1.10000     39.70000     0.00000     7.50000     0.00000     0.00000     0.00000     1.90000
winter     medium     low     7.90000     11.80000     208.36400     5.33000     197.90900     10.58300     177.62500     4.00000     4.40000     3.10000     7.80000     0.00000     1.20000     0.00000     0.00000
summer     large     low     5.70000     10.50000     43.00000     1.51000     271.25000     1.00000     173.75000     6.80000     4.40000     5.00000     7.50000     11.30000     0.00000     8.30000     0.00000
spring     large     high     8.00000     9.80000     95.36700     1.72600     34.00000     49.00000     304.00000     1.10000     19.40000     0.00000     1.70000     0.00000     0.00000     15.70000     7.10000
spring     large     medium     8.10000     6.20000     41.50000     1.01300     54.77800     25.16700     86.99700     22.90000     12.20000     9.70000     0.00000     0.00000     2.50000     0.00000     1.20000
winter     large     high     8.80000     9.80000     79.07700     7.19500     102.50000     196.62000     142.00000     0.80000     52.40000     2.10000     9.40000     0.00000     5.00000     2.60000     2.70000
summer     medium     high     8.80000     11.70000     12.44400     4.18800     54.75000     4.00000     194.10001     6.40000     0.00000     1.70000     1.00000     1.40000     1.40000     0.00000     1.90000
spring     medium     medium     7.80000     11.40000     12.77800     2.94200     137.00000     19.11100     244.00000     4.30000     18.20000     3.80000     22.90000     0.00000     4.00000     0.00000     0.00000
spring     medium     medium     7.80000     3.60000     40.22600     9.71500     2082.85010     57.60000     19.00000     9.38400     6.50000     5.00000     0.00000     4.30000     8.60000     5.40000     7.20000
autumn     small     low     7.29000     3.20000     7.00000     4.82500     380.00000     16.00000     77.43400     5.11100     17.30000     0.00000     19.70000     2.20000     9.20000     3.90000     10.80000
winter     large     low     8.15000     9.80000     XXXXXXX     0.82500     128.57100     45.00000     56.66700     12.32000     56.80000     19.60000     0.00000     0.00000     0.00000     52.50000     0.00000
spring     medium     medium     8.10000     8.40000     2.20000     3.68500     20.00000     61.25000     46.43800     2.00000     0.00000     1.70000     3.40000     0.00000     5.60000     0.00000     7.00000
winter     large     medium     8.70000     10.80000     28.33300     2.31600     12.50000     32.50000     84.46000     5.55500     3.40000     7.00000     0.00000     5.00000     1.40000     10.30000     6.60000
summer     small     medium     7.80000     7.40000     22.28600     2.27300     12.50000     75.87500     21.30000     XXXXXXX     0.00000     10.50000     0.00000     0.00000     0.00000     0.00000     2.40000
winter     medium     high     7.40000     12.60000     30.52300     1.51900     89.60000     412.33301     34.00000     8.95700     15.10000     0.00000     0.00000     7.80000     6.60000     33.20000     4.10000
spring     small     low     8.55000     9.80000     65.75000     0.46100     XXXXXXX     180.66701     47.00000     1.40000     3.30000     5.80000     2.40000     0.00000     4.80000     3.10000     3.90000
autumn     large     medium     6.60000     7.60000     20.62500     9.24800     17.77800     75.00000     45.00000     21.00000     37.30000     0.00000     0.00000     0.00000     0.00000     17.80000     0.00000
summer     medium     medium     8.00000     8.20000     40.02000     4.07100     8.00000     19.11100     81.55800     XXXXXXX     58.70000     20.60000     10.10000     0.00000     2.10000     0.00000     0.00000
winter     small     high     7.60000     5.80000     60.80000     4.82000     125.33300     24.00000     15.00000     0.80000     0.00000     32.80000     6.60000     0.00000     6.60000     0.00000     0.00000
spring     medium     high     8.56000     9.50000     64.09300     2.80500     25.00000     3.54500     120.88900     2.33800     2.40000     8.00000     1.00000     0.00000     17.80000     1.20000     0.00000
autumn     small     high     8.60000     10.20000     125.60000     3.97800     239.00000     8.69200     771.59998     0.80000     0.00000     2.60000     2.90000     1.20000     3.10000     0.00000     3.20000
spring     medium     medium     8.10000     3.60000     58.33100     2.67000     1131.66003     27.25000     215.50000     2.00000     0.00000     2.10000     19.50000     0.00000     0.00000     0.00000     0.00000
spring     small     high     8.40000     11.10000     57.84800     0.37600     153.00000     78.33300     105.72700     10.00000     15.50000     12.00000     1.70000     0.00000     1.90000     1.50000     0.00000
winter     large     medium     9.00000     8.40000     14.32000     1.20800     1729.00000     62.62500     72.69600     2.50000     18.10000     0.00000     1.70000     1.00000     1.90000     0.00000     0.00000
autumn     small     medium     8.20000     8.30000     139.98900     2.68000     647.57001     3.00000     140.22000     46.07500     0.00000     10.40000     1.20000     3.00000     0.00000     1.20000     1.90000
summer     medium     medium     6.80000     7.70000     2.75000     1.73200     66.66700     1.00000     35.20000     XXXXXXX     0.00000     12.50000     14.00000     1.40000     0.00000     0.00000     4.90000
spring     medium     medium     7.30000     11.80000     59.06700     2.80000     27.06900     64.00000     140.51700     3.70000     1.90000     0.00000     7.80000     0.00000     20.80000     17.70000     5.80000

