1)
  season   size  speed mxPH mnO2    Cl  NO3    NH4   oPO4   PO4  Chla   a1   a2  a3  a4 a5   a6  a7
1 spring  large medium 8.25  6.7  59.1 6.24 2167.4 105.00 272.2  1.30  0.0 14.5 3.3 0.0  0  8.3 0.0
2 spring medium medium 8.10  8.1  29.2 4.70   65.6  33.80 558.8  6.17 15.1 15.7 4.1 0.0  0  0.0 0.0
3 autumn  large medium 8.10 10.0  40.0 5.33  346.7   1.62  46.4    NA  1.9 41.0 0.0 2.1  0  0.0 0.0
4 autumn medium   high 8.06 11.6  44.0 3.33   98.2  61.18 236.0 25.00  0.0 21.7 1.7 0.0  0  0.0 2.9
5 autumn medium medium 8.10  7.8 131.4 0.77  120.0  58.22 219.9 10.50 14.6  2.9 0.0 0.0  5  6.7 1.0
6 winter medium medium 7.19  9.8  47.8 3.78   58.5   3.22 140.2  0.50  2.8 11.3 0.0 4.6  0 17.0 1.9
2)
,season,size,speed,mxPH,mnO2,Cl,NO3,NH4,oPO4,PO4,Chla,a2,a4,a6,a7
1,spring,large,medium,8.25,6.7,59.067,6.238,2167.37012,105,272.22198,1.3,14.5,0,8.3,0
2,spring,medium,medium,8.1,8.1,29.2,4.698,65.556,33.8,558.75,6.167,15.7,0,0,0
3,autumn,large,medium,8.1,10,40.02,5.33,346.66699,1.625,46.438,NA,41,2.1,0,0
4,autumn,medium,high,8.06,11.6,43.97,3.33,98.182,61.182,236,25,21.7,0,0,2.9
5,autumn,medium,medium,8.1,7.8,131.39999,0.77,120,58.222,219.909,10.5,2.9,0,6.7,1
6,winter,medium,medium,7.19,9.8,47.778,3.778,58.5,3.222,140.22,0.5,11.3,4.6,17,1.9
7,spring,small,medium,8.07,7.7,101.875,5.132,31.333,166.72701,18,0.5,1,0,42.7,0
8,summer,small,medium,8.2,9.5,4.545,1.535,32.5,38.75,607.16699,NA,1.6,0,0,7.8
9,winter,medium,medium,8.4,11.2,54.143,1.32,65.455,67.5,104,10,4.6,1.7,9.6,1.4
10,summer,medium,high,7.93,9.9,4.575,2.443,723.66699,104.727,137.778,7.3,3.8,2.9,4.5,3.9
11,spring,small,high,7.3,10.2,53.333,1.287,88.182,32.5,287,5.8,12,0,0,1.2
12,spring,small,low,8,10.8,16,3.78,170.909,8.692,277.33301,1,0,0,1.5,1.2
13,winter,medium,high,7.74,4.5,64,1.335,10.5,12.75,71,15,0,1.9,0,0
14,winter,small,medium,8.5,10.7,22.32,3.31,35,282.16699,171.272,53.1,6.4,0,22.9,3.2
15,summer,small,medium,7,5.4,51.113,9.08,46.2,13,222.286,2,0,0,0,1.9
16,spring,medium,high,8.1,9.7,4.7,5.078,17.778,97.333,183.66701,1.1,0,0,1.6,0
17,winter,medium,medium,7.78,11,7,3.2,39,276.85001,50,1.3,28,5,6.8,1.2
18,winter,small,high,8.21,6,32.54,3.9,134,35.333,254.60001,0.5,2.1,1.9,29.5,2.7
19,autumn,large,low,7.35,7.1,81.333,3.829,32,37,6,14.775,3.1,0,20.4,0
20,spring,small,medium,7.925,10.7,5,2.822,245,564.59998,292.625,6.8,0,0,6.2,2.3
21,autumn,medium,high,7.9,11.17,3.5,4.825,102.75,467.5,97.58,12.32,0,6.8,11.5,1.4
22,spring,small,medium,7.3,11.9,53.425,0.735,24064,15.6,285.71399,0.5,11.6,2.3,0,2.4
23,autumn,small,medium,7.8,9.3,NA,3.245,27.286,173,186.5,7.6,25.4,3.5,0,0
24,winter,small,low,7.2,5.3,7.25,1.715,10,12.75,44.136,18.37,0,1.7,0,3.9
25,spring,small,medium,7.84,10.7,63.51,4.17,11.111,41.5,262.72699,1.4,4.6,0,0,3.4
26,spring,medium,high,8.4,9.9,127.833,0.9,165,26.6,84.46,3,0,0,0,1.5
27,winter,large,high,8,8.4,187.183,2.304,28,61.556,169.00101,2,1.7,4.9,0,0
28,spring,medium,high,7.8,10.2,77,0.672,206.53799,9,20.812,13,0,0,0,0
29,winter,large,medium,8,11,208.364,3.908,98.333,66.4,147.83299,0.6,0,0,0,0
30,autumn,medium,high,7.55,10.1,32.92,8.543,49,1,85.4,5.2,0,0,3.9,3.6
31,autumn,small,medium,7.8,10.68,53,2.316,27.5,9.667,218,5.62,0,0,0,0
32,autumn,small,medium,8.2,10.3,0.8,4.459,60,132.5,108,93.683,17.1,1.2,0,0
33,summer,small,high,7.4,8.2,32.4,3.02,124.167,3.333,16,4.5,15.9,0,1.4,1.2
34,spring,small,high,7.14,9.4,3.275,2.8,461.875,144,253.25,31.738,38.8,4,4.6,0
35,winter,large,medium,8.8,11.5,88,3.316,12.727,34.5,72.9,110.456,40.7,1.4,3.3,0
36,summer,large,medium,6.6,8.4,139.989,1.013,122.5,187,26,3,0,1.7,0,1
37,winter,large,high,6.6,9.4,1.17,0.381,142,26.625,146.452,0.2,0,0,0,2.1
38,winter,large,medium,8.7,8.2,49.625,10.416,43.75,2.5,3,20.6,5.9,1.1,3.1,0
39,autumn,small,high,8.3,10,87,0.13,5738.33008,196.62,116.2,32,0,5,31.8,2.7
40,autumn,medium,medium,8.4,7.6,36.248,6.2,228.75,182.42,98.25,17.2,1.2,0,0,0
41,winter,large,low,7.4,9.2,46.167,6.045,3466.65991,346.16699,14,2.1,40.9,0,0,0
42,spring,medium,medium,7.9,10.1,43.09,9.715,76.667,12.75,432.909,6.4,14.7,28.8,0,31.2
43,winter,small,medium,8.58,8.3,22.455,2.954,76,64.389,124.2,22.5,0,0,0,0
44,summer,small,high,6.8,10.5,29.5,0.102,1729,27.25,116.2,2.15,5.4,1.2,7.9,0
45,winter,large,low,8.6,8.5,69.75,6.513,42,238.2,57.833,3.9,0,0,0,0
46,winter,small,medium,8.3,12.5,10.5,1.203,128.571,57.6,43.5,3.3,2.6,0,22.3,3.9
47,winter,large,medium,7.9,7,66.3,0.376,103,1,86.997,0.8,12.7,7.7,12.6,1.7
48,winter,small,medium,9,12.6,45.273,0.758,10,5,56.091,3,4,1,0,0
49,summer,medium,high,7.57,5.3,10.556,3.726,103.333,49,58.374,NA,11.2,1,0,0
50,autumn,small,medium,7.9,11.21,17.75,1.588,122.85,22.444,11.8,12.1,7.4,0,15.8,5.8
51,winter,small,medium,9.1,6.2,53.102,2.978,192.5,10.583,27.5,7.9,0,0,0,1.4
52,spring,small,medium,8.66,6.5,30.125,4.908,33.636,45.9,361,4.5,8.7,2.2,17.1,1.4
53,winter,small,high,7.9,3.4,8.69,4.87,430,151.125,175.04601,3.8,0,0,0,7.1
54,summer,medium,high,7.3,9,6.167,0.91,49.5,19.111,11.818,27.5,0,0,2.6,0
55,summer,small,high,8.84,7.6,35.66,7.83,627.27301,109,10.111,0.8,1.5,0,0,0
56,autumn,large,medium,5.6,4.9,28.333,3.14,5,39,76.333,1.1,21.7,1.2,42.1,0
57,autumn,medium,medium,7.83,10.3,40.226,6.188,10,1,252.5,2.8,0,4.8,8.3,0
58,summer,medium,high,9.1,9,6.3,0.642,176.66701,7.3,177.625,54.367,1.7,2.6,0,0
59,spring,medium,high,6.6,6.5,1.549,1.873,345.45499,16,75.904,0.8,1.9,3.7,0,0
60,autumn,small,medium,8,10,42.636,2.231,NA,10.667,233.5,NA,0,0,0,0
61,spring,small,high,8.7,8,194.75,2.899,46.5,18.25,85,15.6,21.6,0,1.2,0
62,summer,medium,high,7.4,NA,47,0.886,18,10,10.75,NA,4.1,0,5.5,0
63,summer,small,medium,8.87,13.1,35.75,4.94,246.364,205.636,269.66699,11.7,9.1,1.2,7.1,0
64,winter,small,high,9.1,8.2,8,2.273,12.5,2,6.75,75,8.6,0,0,2.4
65,winter,medium,high,7.8,11.3,20.083,1.39,160,20.667,34,4,0,0,0,3.3
66,spring,medium,medium,7.44,11.5,3.136,0.63,15,22.2,6.667,1.7,0,0,13.2,1
67,summer,small,high,7.6,12.9,55.35,4.99,112.857,1.25,56.667,11.84,21.5,0,21.4,0
68,winter,small,low,6.4,12.1,32.056,0.923,101.25,175.66701,75.207,81.54,1,0,0,0
69,winter,large,high,8.2,8.9,4.083,0.735,NA,220.75,351.60001,2.3,0,7.6,11.1,12.5
70,winter,small,medium,7.5,6,9.055,1.32,155,23,388.16699,1,0,3,0,1.9
71,spring,small,high,8.7,6.1,130.67,2.805,215.556,7.75,143.75,3.2,2.1,1.2,0,2.9
72,winter,medium,medium,8.24,8.6,63.625,5.414,578,4,152.33299,4.5,0,0,10.6,1.7
73,autumn,medium,medium,8.1,10.2,54.19,1.448,15,75,232.89999,2,0,0,0,4.2
74,autumn,small,high,8.4,9.4,77.364,3.617,18.429,136.75,132.54601,20.87,28.2,2.2,17.7,0
75,winter,medium,high,8.5,10.4,129.375,2.818,10,100,52.875,3,5.2,0,17,1
76,autumn,large,high,8.55,9.4,9,5.164,13.5,59.429,39,13.2,0,1,7.5,9.7
77,summer,large,medium,9.06,4.4,12.182,0.996,124,72,215.5,9,16.4,0,0,1.4
78,winter,large,high,8.4,5.9,63.292,3.85,235,36,102.571,0.8,0,1.9,0,0
79,autumn,medium,low,9.1,11.4,21.95,0.658,32.5,137.60001,279.06601,3.5,4.3,0,0,0
80,summer,large,high,8.3,10.8,5.273,0.461,101.667,9,304,1,1.9,3.4,16.6,0
81,autumn,medium,medium,7.8,8.8,NA,4.665,931.83301,31.333,213,5.544,2.1,2.4,5.9,1.4
82,spring,large,high,7.4,10.9,NA,0.536,92,84.3,586,2,0,0,0,1.2
83,winter,medium,high,8.43,9.8,37.6,1.921,89.6,7.667,111.375,0.5,5.5,1,0,10.2
84,summer,large,medium,8.7,10.7,391.5,1.051,10,27.5,102.333,18.3,4.7,0,10.3,0
85,summer,medium,medium,6.6,10.8,12.536,3.773,737.5,61.25,91.111,16,12.7,0,0,25.6
86,winter,large,medium,8,4.3,53,NA,1911,37.375,35.2,16,0,8.3,0,22.1
87,summer,small,medium,8,11.8,41.163,4.86,38.111,32,61.444,22.5,0,0,1.9,0
88,winter,medium,high,7.9,6,12,1.443,914,159.16701,142,3,2,0,0,0
89,winter,small,high,7.6,8.8,22.35,1.527,172.5,51.75,235.66701,8.1,0,0,1.4,0
90,spring,small,high,7.79,9.6,5.889,2.102,18.333,55,4,17.2,0,0,6.9,1.6
91,spring,large,low,8.5,12.1,19.22,3.318,215.714,267.75,391.75,19.4,21.5,0,12.4,2.2
92,summer,medium,high,7.72,11.3,39,5.099,2082.8501,39,200.231,72.478,3.9,0,15.8,0
93,winter,small,low,8,10.8,64.093,5.442,102.5,111.25,21.3,2,28,0,5.9,0
94,spring,medium,medium,7.09,4.9,1.45,1.474,21.571,24.667,75.333,30.4,3.1,0,77.6,1.9
95,spring,medium,low,6.5,10.8,11.088,0.663,205.66701,1,60,2.5,0,0,0,0
96,winter,small,high,7.6,6.8,57.848,1.572,208.33299,120.5,197.14301,28.4,1.4,5,0,1
97,winter,medium,medium,7.7,11.7,57.75,1.718,133.636,18.667,138.5,NA,7.5,2.2,0,0
98,summer,small,high,7.29,11.7,15,2.323,83.75,75.875,326.85699,13.1,16.2,3.4,0,0
99,winter,medium,high,7.91,7.3,11.818,3.833,20,246,624.73297,4.3,2.1,0,8.5,0
100,autumn,small,high,8.1,5.5,23.825,3.978,22.5,20,211.66701,3.7,7.6,2.6,0,1
101,autumn,small,low,7.7,12,82.111,3.235,60,23,101.455,21,53.6,0,17.2,0
102,autumn,large,high,7.8,6.2,NA,2.603,225,2,15,5.233,20.1,4.6,0,4.3
103,summer,medium,medium,7.5,8.7,65.333,2.64,371.11099,261.60001,111.75,0.8,2.7,4.3,0,0
104,spring,large,low,7.8,5.7,34.5,1.208,130,16,170,98.817,15.2,1.2,0,0
105,winter,small,high,8.2,9.7,NA,5.456,227.60001,104.222,246.66701,2.7,13.7,6.2,2.4,3.2
106,summer,small,medium,8.7,10.77,48.429,0.699,429.20001,144.66701,201.778,26.8,3.4,4,5.4,2.2
107,autumn,small,low,7.8,11.7,73.25,1.42,103.333,38.625,275.14301,65.7,0,0,8.7,0
108,autumn,small,medium,8,11.1,41.5,1.726,1168,14.667,313.60001,50.225,0,3.5,6.4,0
109,summer,small,medium,7.4,10.8,23.25,3.14,178.57001,60.833,154.125,0.3,1,12.7,0,0
110,spring,medium,high,8.16,13.4,20.625,8.984,3515,102.364,123.333,17.491,4.9,4.1,0,30.1
111,spring,medium,high,7.45,7.1,50,1.534,505,16,194.10001,1,72.6,0,0,0
112,spring,medium,high,8.1,7.9,9,4.555,1386.25,NA,87.125,2.8,0,1,0,6
113,autumn,small,high,8.43,NA,27.233,NA,28.333,24,16.662,21.22,5.8,0,9.9,1.6
114,summer,medium,high,8.05,8.1,2.933,1.875,81,37.857,47,1.4,1,6.8,5.1,0
115,winter,large,high,8.22,1.5,11.867,3.976,217.75,60,125.8,4.3,0,0,4.5,1.6
116,winter,small,high,7.7,10.7,0.222,3.07,486.5,53.625,6,2.1,0,0,6.8,1.1
117,spring,medium,medium,8.6,11.62,50,0.05,105.556,44,232.83299,24.556,19.6,1.6,64.6,2
118,autumn,medium,medium,8.3,6.3,74.667,4.03,233.7,3.545,13.2,34.75,0,0,0,0
119,spring,medium,low,8.3,11.3,57.75,2.55,10,10.8,6,1.3,31.9,4.6,0,0
120,autumn,small,medium,8.2,6.6,9,6.225,153,159.5,320.39999,41,4.3,0,10.1,0
121,winter,medium,high,9.5,7.4,38.125,7.16,123.333,28.625,771.59998,6.9,18.4,11.3,17.8,0
122,spring,small,low,8.1,10.5,82.857,5.13,1990.16003,6.5,167.89999,31,3.4,0,1.5,5.2
123,spring,medium,medium,7.8,9.2,NA,6.64,53.846,428.75,81.558,6.429,0,0,1,7
124,spring,medium,high,7.4,11.7,7.838,2.163,5.8,125.667,18.293,3,0,2,4.7,0
125,spring,large,low,8.3,11.7,85.982,3.02,84.667,70,11,5.2,0,0,0,0
126,winter,small,high,8.1,4.8,29.775,0.406,20,71,46.6,3.2,0,1.9,33.2,0
127,winter,medium,medium,7.61,10.6,31.091,5.099,758.75,87.333,69.93,5.5,36.6,0,0,6.1
128,summer,small,high,8.6,6.9,11,4.535,10,27.667,6.5,0.3,0,2.5,13.1,6.6
129,summer,small,high,8.3,11.4,47.229,1.732,12.5,NA,121,13.1,1.9,0,5.1,2.4
130,winter,medium,low,7.4,11.8,32.3,1.223,25.833,34.636,13.6,11.1,12,7.8,12.7,1.7
131,winter,medium,high,7.5,7.7,26,0.267,101,45,23.485,40,8,3.9,16.7,0
132,summer,medium,medium,NA,9,3,0.23,110,7.4,66.75,3.3,5.6,0,0,2.2
133,autumn,medium,high,7.5,6,43,0.308,14.75,51.111,221.278,15.3,7.3,0,0,2.4
134,spring,large,high,8.15,9.8,95.367,6.096,34,12,317,9.384,0,0,7,0
135,winter,small,high,8.7,11,16,0.81,196,1.8,276,2.5,20.6,0,0,0
136,summer,small,medium,7.83,9.2,4.326,3.73,62.5,3,58.623,23.8,26.5,1,0,1.4
137,winter,large,high,5.7,8.5,NA,1.655,8777.59961,197.83299,49.333,4.3,8.9,0,0,2.7
138,autumn,medium,low,8.5,8.1,11,0.826,96.667,50.889,115,NA,0,1.3,0,5.5
139,summer,large,medium,8.1,11.1,7,3.678,6400,234.5,11.5,2,3.9,0,2.7,18.6
140,winter,medium,high,8.5,4.5,5.326,1.212,1081.66003,51.111,77.434,11.6,1.5,1.4,15.7,0
141,spring,small,medium,8.5,6.2,26,1.288,175,16.8,7,92.667,19.6,0,4.7,1.4
142,spring,medium,medium,7.6,3.2,13,8.688,54.75,1,NA,5.111,9.6,0,0,2.7
143,autumn,medium,medium,7.2,10.5,10.207,0.23,224.286,12.889,14,6.8,16,4.3,32.1,0
144,summer,medium,medium,7.9,9.6,79.077,1.587,52.2,12,61.5,8.957,16,0,1.8,1
145,summer,small,medium,8.6,6.3,70,1.415,196.66701,62.625,205.875,21.9,4.6,0,0,31.6
146,summer,medium,low,8,11.1,48.667,7.74,161.81799,102.333,84,0.3,4.1,5.7,18.2,0
147,winter,medium,high,7.9,10.2,38.902,2.31,4073.33008,46.667,88.5,7.3,6.7,13.4,0,0
148,autumn,medium,medium,8.3,9.9,8.3,0.445,27.069,2,105.727,0.4,0,6.6,0,16.7
149,winter,medium,medium,7.7,10.5,151.83299,45.65,146.66701,48.625,2.5,0.8,5.6,2.2,1.5,0
150,spring,large,high,8.47,10.5,NA,9.248,91.833,1.333,188.66701,NA,0,0,9.9,1.9
151,summer,small,high,8.5,3.2,65.75,1.67,236,41.3,20.75,22.7,12.4,0,32.9,1
152,winter,medium,low,8.3,8.4,12.444,2.302,90,181,296,NA,0,0,0,0
153,winter,medium,low,8.7,7.1,5.83,8.759,51.111,20,344.60001,27.618,0,2.2,0,0
154,spring,large,high,7.9,10.8,125.6,2.22,10,4.25,6.2,0.6,0,0,0,2.4
155,summer,large,high,8.2,10.53,100.83,1.651,34.333,151.33299,284,20.578,3.8,1.4,49.4,0
156,spring,large,medium,8.3,10.7,94,0.673,1131.66003,36.3,1,0.8,0,0,0,0
157,summer,medium,medium,8.53,11.8,34.037,3.685,96.667,102,19,1.1,4.1,0,3.6,0
158,spring,medium,low,8.5,10.5,13.5,0.941,92.375,54.1,11,1.5,0,0,0,15.1
159,autumn,small,medium,8,12.5,40.167,3.444,96.833,104.5,14.354,24.917,12.7,0,0,2.1
160,spring,small,low,8.3,10.7,10.975,1.87,20,47.5,244,3,0,1,0,0
161,autumn,medium,low,8.6,10.29,12.146,3.351,43.75,25.167,186,9.882,0,2.7,1.4,0
162,spring,medium,medium,8.9,9.7,7.333,4.508,643,27,50.455,4.667,14.6,11.5,0,0
163,winter,small,low,7.75,8.8,NA,1.72,40,180.66701,239,5.555,0,5.3,0,1.7
164,spring,medium,medium,8.1,3.3,8,0.33,421.66699,30.75,249.25,6.5,22,3.2,5.5,1.5
165,winter,medium,high,7.3,9.5,56.717,1.328,120,4,127,0.9,1.7,0,0,6.8
166,spring,medium,high,7.5,9,NA,4.82,380,191.75,17,30,13.2,2.1,0,2.2
167,summer,small,high,9.7,7.9,58.331,1.47,137.27299,4,72.696,3.6,0,0,0,0
168,spring,medium,low,7.9,10.1,27.4,3.414,25,51.125,3,88.255,1.7,0,0,3.2
169,winter,small,low,8.2,8.3,82.852,9.773,56.364,221.89999,40,8.155,0,2.4,0,1.9
170,spring,small,high,8.06,10.3,22.286,3.734,8,78.333,98.143,0.6,0,44.6,0,0
171,winter,small,high,7.62,10.9,44,3.561,1495,26,122,50,13.2,2,1.2,0
172,spring,large,low,8.15,9.8,44.205,0.701,54.778,16.833,23,2,7,1.8,0,0
173,autumn,small,medium,7.77,9.6,104.818,4.053,124.364,82.222,173.75,28.567,0,4.4,42.4,6.1
174,autumn,large,high,8.1,8.9,71.444,1.172,66.667,48,255.28,0.8,0,0,0,1.4
175,spring,large,medium,7.6,10.6,49.9,5.41,239,55,141.83299,68.05,1.2,0,0,2.1
176,spring,medium,high,8.4,6.35,39,4.93,271.25,19.727,19,20.8,21.1,1.7,0,2.5
177,winter,large,low,7.6,9.8,41.25,1.519,197.909,16,7.2,6.209,0,0,0,6
178,autumn,large,medium,8.1,9.9,26.76,2.512,10,3,40.667,22.9,9.7,3.5,0,14.4
179,winter,large,low,8.5,9.8,3.86,7.195,82.1,6,228.364,5.083,8,0,2.6,1.9
180,summer,medium,high,9,11.1,31,3.923,16.2,85.5,130.75,2.86,0,0,0,0
181,summer,medium,low,7.8,9.8,7.613,2.942,137,3.8,140.517,2,0,0,0,0
182,winter,large,medium,8,3.6,173.75,0.921,60.11,77.333,6,1.2,5,0,0,0
183,spring,small,high,8.3,10.5,7,2.67,37.778,8.6,22.9,5.609,2.9,0,0,0
184,winter,large,medium,8,10.6,39.109,0.825,40,48.667,56.667,0.5,0,6.9,0,0
185,summer,medium,high,8,9.8,2.2,1.003,308.75,264.89999,187.05701,0.3,12.5,0,0,0
186,summer,medium,low,7.6,11.8,2.111,5.694,370,53,89.625,46.075,6,0,0,4.1
187,winter,medium,low,8.35,9.9,10.078,3.765,118.571,21.083,54.916,4.9,10.5,0,1.2,0
188,winter,medium,high,8.4,9.5,30.523,0.866,37.5,412.33301,82.444,1.1,0,2.2,0,10.8
189,spring,small,high,8.27,10.4,136,0.846,72.6,19.111,17.333,NA,0,0,0,0
190,autumn,medium,medium,8.7,11.7,12.778,1.51,51.429,2.5,45,20.829,0,0,2.2,0
191,summer,medium,medium,8.5,11.6,15.541,4.071,920,36.909,61.6,5.45,0,11,4.1,5.9
192,spring,medium,high,8.3,5.8,60.8,0.86,125.333,209.85699,7.654,14.7,32.8,4.6,52.5,3.3
193,spring,large,high,8.56,11.3,69,6.54,153.75,13,120.889,3.2,5.4,0,1.6,0
194,summer,small,high,8.4,11.1,94.405,0.73,244.60001,236.39999,214,3.6,38.5,0,0,2.9
195,summer,medium,medium,8.8,3.6,10.4,2.586,132.25,54,127.222,18.33,1.4,3.7,0,0
196,autumn,large,medium,8.4,11.1,17.375,4.408,131.66701,27,79.75,2.338,12,3.7,0,7.2
197,summer,large,medium,7.7,10.6,14.32,5.97,109,44.667,265.25,2.9,7,0,0,0
198,summer,large,medium,7.8,7.1,10.936,2.68,647.57001,58.875,303.33301,NA,10.4,0,8.2,0
199,winter,medium,medium,8,1.8,2.75,4.188,32.727,143.71001,NA,3.1,5,0,0,4.9
200,autumn,medium,medium,8.3,11.8,61.05,1.374,255,64,138.7,NA,0,2.4,2,0
3)
spring     large     medium     8.25000     6.70000     59.06700     6.23800     2167.37012     105.00000     272.22198     1.30000     0.00000     14.50000     3.30000     0.00000     0.00000     8.30000     0.00000
spring     medium     medium     8.10000     8.10000     29.20000     4.69800     65.55600     33.80000     558.75000     6.16700     15.10000     15.70000     4.10000     0.00000     0.00000     0.00000     0.00000
autumn     large     medium     8.10000     10.00000     40.02000     5.33000     346.66699     1.62500     46.43800     XXXXXXX     1.90000     41.00000     0.00000     2.10000     0.00000     0.00000     0.00000
autumn     medium     high     8.06000     11.60000     43.97000     3.33000     98.18200     61.18200     236.00000     25.00000     0.00000     21.70000     1.70000     0.00000     0.00000     0.00000     2.90000
autumn     medium     medium     8.10000     7.80000     131.39999     0.77000     120.00000     58.22200     219.90900     10.50000     14.60000     2.90000     0.00000     0.00000     5.00000     6.70000     1.00000
winter     medium     medium     7.19000     9.80000     47.77800     3.77800     58.50000     3.22200     140.22000     0.50000     2.80000     11.30000     0.00000     4.60000     0.00000     17.00000     1.90000
spring     small     medium     8.07000     7.70000     101.87500     5.13200     31.33300     166.72701     18.00000     0.50000     29.50000     1.00000     1.40000     0.00000     5.80000     42.70000     0.00000
summer     small     medium     8.20000     9.50000     4.54500     1.53500     32.50000     38.75000     607.16699     XXXXXXX     10.30000     1.60000     10.20000     0.00000     1.00000     0.00000     7.80000
winter     medium     medium     8.40000     11.20000     54.14300     1.32000     65.45500     67.50000     104.00000     10.00000     50.60000     4.60000     0.00000     1.70000     0.00000     9.60000     1.40000
I love this class
spring     small     high     7.30000     10.20000     53.33300     1.28700     88.18200     32.50000     287.00000     5.80000     14.70000     12.00000     14.60000     0.00000     0.00000     0.00000     1.20000
spring     small     low     8.00000     10.80000     16.00000     3.78000     170.90900     8.69200     277.33301     1.00000     0.00000     0.00000     4.70000     0.00000     1.90000     1.50000     1.20000
winter     medium     high     7.74000     4.50000     64.00000     1.33500     10.50000     12.75000     71.00000     15.00000     4.10000     0.00000     10.80000     1.90000     1.20000     0.00000     0.00000
winter     small     medium     8.50000     10.70000     22.32000     3.31000     35.00000     282.16699     171.27200     53.10000     0.00000     6.40000     0.00000     0.00000     2.50000     22.90000     3.20000
summer     small     medium     7.00000     5.40000     51.11300     9.08000     46.20000     13.00000     222.28600     2.00000     86.60000     0.00000     1.00000     0.00000     0.00000     0.00000     1.90000
spring     medium     high     8.10000     9.70000     4.70000     5.07800     17.77800     97.33300     183.66701     1.10000     24.30000     0.00000     0.00000     0.00000     28.80000     1.60000     0.00000
winter     medium     medium     7.78000     11.00000     7.00000     3.20000     39.00000     276.85001     50.00000     1.30000     46.20000     28.00000     0.00000     5.00000     0.00000     6.80000     1.20000
winter     small     high     8.21000     6.00000     32.54000     3.90000     134.00000     35.33300     254.60001     0.50000     1.70000     2.10000     3.10000     1.90000     7.70000     29.50000     2.70000
autumn     large     low     7.35000     7.10000     81.33300     3.82900     32.00000     37.00000     6.00000     14.77500     81.90000     3.10000     24.80000     0.00000     1.20000     20.40000     0.00000
spring     small     medium     7.92500     10.70000     5.00000     2.82200     245.00000     564.59998     292.62500     6.80000     0.00000     0.00000     0.00000     0.00000     0.00000     6.20000     2.30000
autumn     medium     high     7.90000     11.17000     3.50000     4.82500     102.75000     467.50000     97.58000     12.32000     0.00000     0.00000     0.00000     6.80000     1.70000     11.50000     1.40000
spring     small     medium     7.30000     11.90000     53.42500     0.73500     24064.00000     15.60000     285.71399     0.50000     3.10000     11.60000     0.00000     2.30000     1.00000     0.00000     2.40000
autumn     small     medium     7.80000     9.30000     XXXXXXX     3.24500     27.28600     173.00000     186.50000     7.60000     23.20000     25.40000     2.50000     3.50000     27.60000     0.00000     0.00000
winter     small     low     7.20000     5.30000     7.25000     1.71500     10.00000     12.75000     44.13600     18.37000     18.20000     0.00000     1.00000     1.70000     0.00000     0.00000     3.90000
spring     small     medium     7.84000     10.70000     63.51000     4.17000     11.11100     41.50000     262.72699     1.40000     39.10000     4.60000     1.20000     0.00000     0.00000     0.00000     3.40000
spring     medium     high     8.40000     9.90000     127.83300     0.90000     165.00000     26.60000     84.46000     3.00000     4.10000     0.00000     0.00000     0.00000     0.00000     0.00000     1.50000
winter     large     high     8.00000     8.40000     187.18300     2.30400     28.00000     61.55600     169.00101     2.00000     69.90000     1.70000     0.00000     4.90000     4.10000     0.00000     0.00000
spring     medium     high     7.80000     10.20000     77.00000     0.67200     206.53799     9.00000     20.81200     13.00000     17.30000     0.00000     0.00000     0.00000     2.70000     0.00000     0.00000
winter     large     medium     8.00000     11.00000     208.36400     3.90800     98.33300     66.40000     147.83299     0.60000     31.10000     0.00000     19.60000     0.00000     19.00000     0.00000     0.00000
autumn     medium     high     7.55000     10.10000     32.92000     8.54300     49.00000     1.00000     85.40000     5.20000     23.70000     0.00000     0.00000     0.00000     34.20000     3.90000     3.60000
autumn     small     medium     7.80000     10.68000     53.00000     2.31600     27.50000     9.66700     218.00000     5.62000     3.40000     0.00000     1.40000     0.00000     9.20000     0.00000     0.00000
autumn     small     medium     8.20000     10.30000     0.80000     4.45900     60.00000     132.50000     108.00000     93.68300     1.60000     17.10000     1.90000     1.20000     4.00000     0.00000     0.00000
summer     small     high     7.40000     8.20000     32.40000     3.02000     124.16700     3.33300     16.00000     4.50000     7.80000     15.90000     1.90000     0.00000     8.70000     1.40000     1.20000
spring     small     high     7.14000     9.40000     3.27500     2.80000     461.87500     144.00000     253.25000     31.73800     13.60000     38.80000     0.00000     4.00000     11.50000     4.60000     0.00000
winter     large     medium     8.80000     11.50000     88.00000     3.31600     12.72700     34.50000     72.90000     110.45600     4.00000     40.70000     3.30000     1.40000     0.00000     3.30000     0.00000
summer     large     medium     6.60000     8.40000     139.98900     1.01300     122.50000     187.00000     26.00000     3.00000     19.00000     0.00000     0.00000     1.70000     0.00000     0.00000     1.00000
winter     large     high     6.60000     9.40000     1.17000     0.38100     142.00000     26.62500     146.45200     0.20000     0.00000     0.00000     0.00000     0.00000     5.60000     0.00000     2.10000
winter     large     medium     8.70000     8.20000     49.62500     10.41600     43.75000     2.50000     3.00000     20.60000     12.60000     5.90000     1.00000     1.10000     0.00000     3.10000     0.00000
autumn     small     high     8.30000     10.00000     87.00000     0.13000     5738.33008     196.62000     116.20000     32.00000     2.00000     0.00000     0.00000     5.00000     5.30000     31.80000     2.70000
autumn     medium     medium     8.40000     7.60000     36.24800     6.20000     228.75000     182.42000     98.25000     17.20000     15.10000     1.20000     7.50000     0.00000     7.30000     0.00000     0.00000
winter     large     low     7.40000     9.20000     46.16700     6.04500     3466.65991     346.16699     14.00000     2.10000     43.50000     40.90000     35.10000     0.00000     12.40000     0.00000     0.00000
spring     medium     medium     7.90000     10.10000     43.09000     9.71500     76.66700     12.75000     432.90900     6.40000     64.90000     14.70000     0.00000     28.80000     1.40000     0.00000     31.20000
winter     small     medium     8.58000     8.30000     22.45500     2.95400     76.00000     64.38900     124.20000     22.50000     24.80000     0.00000     7.50000     0.00000     0.00000     0.00000     0.00000
summer     small     high     6.80000     10.50000     29.50000     0.10200     1729.00000     27.25000     116.20000     2.15000     0.00000     5.40000     10.60000     1.20000     0.00000     7.90000     0.00000
winter     large     low     8.60000     8.50000     69.75000     6.51300     42.00000     238.20000     57.83300     3.90000     0.00000     0.00000     1.20000     0.00000     3.10000     0.00000     0.00000
winter     small     medium     8.30000     12.50000     10.50000     1.20300     128.57100     57.60000     43.50000     3.30000     1.40000     2.60000     0.00000     0.00000     0.00000     22.30000     3.90000
winter     large     medium     7.90000     7.00000     66.30000     0.37600     103.00000     1.00000     86.99700     0.80000     1.50000     12.70000     1.20000     7.70000     4.80000     12.60000     1.70000
winter     small     medium     9.00000     12.60000     45.27300     0.75800     10.00000     5.00000     56.09100     3.00000     7.00000     4.00000     3.90000     1.00000     1.40000     0.00000     0.00000
summer     medium     high     7.57000     5.30000     10.55600     3.72600     103.33300     49.00000     58.37400     XXXXXXX     9.20000     11.20000     0.00000     1.00000     0.00000     0.00000     0.00000
autumn     small     medium     7.90000     11.21000     17.75000     1.58800     122.85000     22.44400     11.80000     12.10000     2.90000     7.40000     4.20000     0.00000     0.00000     15.80000     5.80000
winter     small     medium     9.10000     6.20000     53.10200     2.97800     192.50000     10.58300     27.50000     7.90000     0.00000     0.00000     13.50000     0.00000     1.20000     0.00000     1.40000
spring     small     medium     8.66000     6.50000     30.12500     4.90800     33.63600     45.90000     361.00000     4.50000     29.70000     8.70000     10.30000     2.20000     13.30000     17.10000     1.40000
winter     small     high     7.90000     3.40000     8.69000     4.87000     430.00000     151.12500     175.04601     3.80000     2.20000     0.00000     3.00000     0.00000     0.00000     0.00000     7.10000
summer     medium     high     7.30000     9.00000     6.16700     0.91000     49.50000     19.11100     11.81800     27.50000     51.80000     0.00000     0.00000     0.00000     2.70000     2.60000     0.00000
summer     small     high     8.84000     7.60000     35.66000     7.83000     627.27301     109.00000     10.11100     0.80000     0.00000     1.50000     1.70000     0.00000     0.00000     0.00000     0.00000
autumn     large     medium     5.60000     4.90000     28.33300     3.14000     5.00000     39.00000     76.33300     1.10000     7.60000     21.70000     5.00000     1.20000     3.10000     42.10000     0.00000
autumn     medium     medium     7.83000     10.30000     40.22600     6.18800     10.00000     1.00000     252.50000     2.80000     42.50000     0.00000     2.00000     4.80000     0.00000     8.30000     0.00000
summer     medium     high     9.10000     9.00000     6.30000     0.64200     176.66701     7.30000     177.62500     54.36700     1.20000     1.70000     0.00000     2.60000     11.70000     0.00000     0.00000
spring     medium     high     6.60000     6.50000     1.54900     1.87300     345.45499     16.00000     75.90400     0.80000     1.60000     1.90000     0.00000     3.70000     2.90000     0.00000     0.00000
autumn     small     medium     8.00000     10.00000     42.63600     2.23100     XXXXXXX     10.66700     233.50000     XXXXXXX     47.10000     0.00000     5.60000     0.00000     0.00000     0.00000     0.00000
spring     small     high     8.70000     8.00000     194.75000     2.89900     46.50000     18.25000     85.00000     15.60000     19.40000     21.60000     0.00000     0.00000     0.00000     1.20000     0.00000
summer     medium     high     7.40000     XXXXXXX     47.00000     0.88600     18.00000     10.00000     10.75000     XXXXXXX     12.50000     4.10000     2.90000     0.00000     0.00000     5.50000     0.00000
summer     small     medium     8.87000     13.10000     35.75000     4.94000     246.36400     205.63600     269.66699     11.70000     8.80000     9.10000     0.00000     1.20000     15.00000     7.10000     0.00000
winter     small     high     9.10000     8.20000     8.00000     2.27300     12.50000     2.00000     6.75000     75.00000     0.00000     8.60000     0.00000     0.00000     0.00000     0.00000     2.40000
winter     medium     high     7.80000     11.30000     20.08300     1.39000     160.00000     20.66700     34.00000     4.00000     2.20000     0.00000     7.80000     0.00000     6.10000     0.00000     3.30000
spring     medium     medium     7.44000     11.50000     3.13600     0.63000     15.00000     22.20000     6.66700     1.70000     2.40000     0.00000     1.70000     0.00000     0.00000     13.20000     1.00000
summer     small     high     7.60000     12.90000     55.35000     4.99000     112.85700     1.25000     56.66700     11.84000     1.70000     21.50000     4.90000     0.00000     22.50000     21.40000     0.00000
winter     small     low     6.40000     12.10000     32.05600     0.92300     101.25000     175.66701     75.20700     81.54000     64.20000     1.00000     3.00000     0.00000     0.00000     0.00000     0.00000
winter     large     high     8.20000     8.90000     4.08300     0.73500     XXXXXXX     220.75000     351.60001     2.30000     0.00000     0.00000     1.50000     7.60000     0.00000     11.10000     12.50000
winter     small     medium     7.50000     6.00000     9.05500     1.32000     155.00000     23.00000     388.16699     1.00000     28.10000     0.00000     3.30000     3.00000     0.00000     0.00000     1.90000
spring     small     high     8.70000     6.10000     130.67000     2.80500     215.55600     7.75000     143.75000     3.20000     17.00000     2.10000     2.00000     1.20000     9.00000     0.00000     2.90000
winter     medium     medium     8.24000     8.60000     63.62500     5.41400     578.00000     4.00000     152.33299     4.50000     13.00000     0.00000     0.00000     0.00000     5.40000     10.60000     1.70000
autumn     medium     medium     8.10000     10.20000     54.19000     1.44800     15.00000     75.00000     232.89999     2.00000     5.70000     0.00000     1.00000     0.00000     0.00000     0.00000     4.20000
autumn     small     high     8.40000     9.40000     77.36400     3.61700     18.42900     136.75000     132.54601     20.87000     0.00000     28.20000     21.70000     2.20000     0.00000     17.70000     0.00000
winter     medium     high     8.50000     10.40000     129.37500     2.81800     10.00000     100.00000     52.87500     3.00000     12.30000     5.20000     0.00000     0.00000     0.00000     17.00000     1.00000
autumn     large     high     8.55000     9.40000     9.00000     5.16400     13.50000     59.42900     39.00000     13.20000     32.80000     0.00000     6.60000     1.00000     0.00000     7.50000     9.70000
summer     large     medium     9.06000     4.40000     12.18200     0.99600     124.00000     72.00000     215.50000     9.00000     3.80000     16.40000     9.90000     0.00000     7.50000     0.00000     1.40000
winter     large     high     8.40000     5.90000     63.29200     3.85000     235.00000     36.00000     102.57100     0.80000     46.80000     0.00000     0.00000     1.90000     8.60000     0.00000     0.00000
autumn     medium     low     9.10000     11.40000     21.95000     0.65800     32.50000     137.60001     279.06601     3.50000     3.30000     4.30000     11.80000     0.00000     0.00000     0.00000     0.00000
summer     large     high     8.30000     10.80000     5.27300     0.46100     101.66700     9.00000     304.00000     1.00000     75.80000     1.90000     2.20000     3.40000     4.90000     16.60000     0.00000
autumn     medium     medium     7.80000     8.80000     XXXXXXX     4.66500     931.83301     31.33300     213.00000     5.54400     0.00000     2.10000     2.50000     2.40000     0.00000     5.90000     1.40000
spring     large     high     7.40000     10.90000     XXXXXXX     0.53600     92.00000     84.30000     586.00000     2.00000     1.10000     0.00000     1.00000     0.00000     10.60000     0.00000     1.20000
winter     medium     high     8.43000     9.80000     37.60000     1.92100     89.60000     7.66700     111.37500     0.50000     0.00000     5.50000     7.00000     1.00000     0.00000     0.00000     10.20000
summer     large     medium     8.70000     10.70000     391.50000     1.05100     10.00000     27.50000     102.33300     18.30000     16.60000     4.70000     0.00000     0.00000     20.80000     10.30000     0.00000
summer     medium     medium     6.60000     10.80000     12.53600     3.77300     737.50000     61.25000     91.11100     16.00000     46.90000     12.70000     19.70000     0.00000     1.90000     0.00000     25.60000
winter     large     medium     8.00000     4.30000     53.00000     XXXXXXX     1911.00000     37.37500     35.20000     16.00000     0.00000     0.00000     18.90000     8.30000     16.20000     0.00000     22.10000
summer     small     medium     8.00000     11.80000     41.16300     4.86000     38.11100     32.00000     61.44400     22.50000     1.20000     0.00000     0.00000     0.00000     1.40000     1.90000     0.00000
winter     medium     high     7.90000     6.00000     12.00000     1.44300     914.00000     159.16701     142.00000     3.00000     14.40000     2.00000     0.00000     0.00000     3.60000     0.00000     0.00000
winter     small     high     7.60000     8.80000     22.35000     1.52700     172.50000     51.75000     235.66701     8.10000     0.00000     0.00000     8.80000     0.00000     5.20000     1.40000     0.00000
spring     small     high     7.79000     9.60000     5.88900     2.10200     18.33300     55.00000     4.00000     17.20000     15.50000     0.00000     2.10000     0.00000     8.60000     6.90000     1.60000
spring     large     low     8.50000     12.10000     19.22000     3.31800     215.71400     267.75000     391.75000     19.40000     14.40000     21.50000     14.00000     0.00000     9.50000     12.40000     2.20000
summer     medium     high     7.72000     11.30000     39.00000     5.09900     2082.85010     39.00000     200.23100     72.47800     0.00000     3.90000     0.00000     0.00000     2.40000     15.80000     0.00000
winter     small     low     8.00000     10.80000     64.09300     5.44200     102.50000     111.25000     21.30000     2.00000     2.20000     28.00000     1.70000     0.00000     11.20000     5.90000     0.00000
spring     medium     medium     7.09000     4.90000     1.45000     1.47400     21.57100     24.66700     75.33300     30.40000     0.00000     3.10000     1.60000     0.00000     8.20000     77.60000     1.90000
spring     medium     low     6.50000     10.80000     11.08800     0.66300     205.66701     1.00000     60.00000     2.50000     0.00000     0.00000     5.50000     0.00000     5.50000     0.00000     0.00000
winter     small     high     7.60000     6.80000     57.84800     1.57200     208.33299     120.50000     197.14301     28.40000     5.90000     1.40000     0.00000     5.00000     1.90000     0.00000     1.00000
winter     medium     medium     7.70000     11.70000     57.75000     1.71800     133.63600     18.66700     138.50000     XXXXXXX     1.90000     7.50000     0.00000     2.20000     7.70000     0.00000     0.00000
summer     small     high     7.29000     11.70000     15.00000     2.32300     83.75000     75.87500     326.85699     13.10000     10.80000     16.20000     0.00000     3.40000     20.80000     0.00000     0.00000
winter     medium     high     7.91000     7.30000     11.81800     3.83300     20.00000     246.00000     624.73297     4.30000     46.60000     2.10000     7.80000     0.00000     1.00000     8.50000     0.00000
autumn     small     high     8.10000     5.50000     23.82500     3.97800     22.50000     20.00000     211.66701     3.70000     1.70000     7.60000     9.00000     2.60000     44.40000     0.00000     1.00000
autumn     small     low     7.70000     12.00000     82.11100     3.23500     60.00000     23.00000     101.45500     21.00000     18.30000     53.60000     17.60000     0.00000     17.80000     17.20000     0.00000
autumn     large     high     7.80000     6.20000     XXXXXXX     2.60300     225.00000     2.00000     15.00000     5.23300     0.00000     20.10000     3.50000     4.60000     2.70000     0.00000     4.30000
summer     medium     medium     7.50000     8.70000     65.33300     2.64000     371.11099     261.60001     111.75000     0.80000     39.70000     2.70000     11.50000     4.30000     6.50000     0.00000     0.00000
spring     large     low     7.80000     5.70000     34.50000     1.20800     130.00000     16.00000     170.00000     98.81700     3.30000     15.20000     0.00000     1.20000     10.20000     0.00000     0.00000
winter     small     high     8.20000     9.70000     XXXXXXX     5.45600     227.60001     104.22200     246.66701     2.70000     4.10000     13.70000     9.40000     6.20000     1.20000     2.40000     3.20000
summer     small     medium     8.70000     10.77000     48.42900     0.69900     429.20001     144.66701     201.77800     26.80000     3.30000     3.40000     0.00000     4.00000     3.20000     5.40000     2.20000
autumn     small     low     7.80000     11.70000     73.25000     1.42000     103.33300     38.62500     275.14301     65.70000     3.40000     0.00000     0.00000     0.00000     0.00000     8.70000     0.00000
autumn     small     medium     8.00000     11.10000     41.50000     1.72600     1168.00000     14.66700     313.60001     50.22500     25.50000     0.00000     3.20000     3.50000     0.00000     6.40000     0.00000
summer     small     medium     7.40000     10.80000     23.25000     3.14000     178.57001     60.83300     154.12500     0.30000     18.10000     1.00000     0.00000     12.70000     1.20000     0.00000     0.00000
spring     medium     high     8.16000     13.40000     20.62500     8.98400     3515.00000     102.36400     123.33300     17.49100     3.60000     4.90000     3.90000     4.10000     0.00000     0.00000     30.10000
spring     medium     high     7.45000     7.10000     50.00000     1.53400     505.00000     16.00000     194.10001     1.00000     64.30000     72.60000     0.00000     0.00000     0.00000     0.00000     0.00000
spring     medium     high     8.10000     7.90000     9.00000     4.55500     1386.25000     XXXXXXX     87.12500     2.80000     25.40000     0.00000     1.20000     1.00000     6.10000     0.00000     6.00000
autumn     small     high     8.43000     XXXXXXX     27.23300     XXXXXXX     28.33300     24.00000     16.66200     21.22000     30.30000     5.80000     4.10000     0.00000     0.00000     9.90000     1.60000
summer     medium     high     8.05000     8.10000     2.93300     1.87500     81.00000     37.85700     47.00000     1.40000     66.90000     1.00000     22.00000     6.80000     5.70000     5.10000     0.00000
winter     large     high     8.22000     1.50000     11.86700     3.97600     217.75000     60.00000     125.80000     4.30000     6.50000     0.00000     0.00000     0.00000     11.50000     4.50000     1.60000
winter     small     high     7.70000     10.70000     0.22200     3.07000     486.50000     53.62500     6.00000     2.10000     2.50000     0.00000     0.00000     0.00000     1.20000     6.80000     1.10000
spring     medium     medium     8.60000     11.62000     50.00000     0.05000     105.55600     44.00000     232.83299     24.55600     43.70000     19.60000     0.00000     1.60000     0.00000     64.60000     2.00000
autumn     medium     medium     8.30000     6.30000     74.66700     4.03000     233.70000     3.54500     13.20000     34.75000     0.00000     0.00000     6.80000     0.00000     8.10000     0.00000     0.00000
spring     medium     low     8.30000     11.30000     57.75000     2.55000     10.00000     10.80000     6.00000     1.30000     11.30000     31.90000     0.00000     4.60000     0.00000     0.00000     0.00000
autumn     small     medium     8.20000     6.60000     9.00000     6.22500     153.00000     159.50000     320.39999     41.00000     6.70000     4.30000     1.00000     0.00000     1.20000     10.10000     0.00000
winter     medium     high     9.50000     7.40000     38.12500     7.16000     123.33300     28.62500     771.59998     6.90000     1.40000     18.40000     0.00000     11.30000     8.90000     17.80000     0.00000
spring     small     low     8.10000     10.50000     82.85700     5.13000     1990.16003     6.50000     167.89999     31.00000     0.00000     3.40000     0.00000     0.00000     7.50000     1.50000     5.20000
spring     medium     medium     7.80000     9.20000     XXXXXXX     6.64000     53.84600     428.75000     81.55800     6.42900     55.50000     0.00000     21.90000     0.00000     0.00000     1.00000     7.00000
spring     medium     high     7.40000     11.70000     7.83800     2.16300     5.80000     125.66700     18.29300     3.00000     9.20000     0.00000     1.90000     2.00000     8.00000     4.70000     0.00000
spring     large     low     8.30000     11.70000     85.98200     3.02000     84.66700     70.00000     11.00000     5.20000     31.80000     0.00000     1.20000     0.00000     0.00000     0.00000     0.00000
winter     small     high     8.10000     4.80000     29.77500     0.40600     20.00000     71.00000     46.60000     3.20000     24.80000     0.00000     0.00000     1.90000     0.00000     33.20000     0.00000
winter     medium     medium     7.61000     10.60000     31.09100     5.09900     758.75000     87.33300     69.93000     5.50000     0.00000     36.60000     0.00000     0.00000     1.20000     0.00000     6.10000
summer     small     high     8.60000     6.90000     11.00000     4.53500     10.00000     27.66700     6.50000     0.30000     17.10000     0.00000     2.10000     2.50000     5.50000     13.10000     6.60000
summer     small     high     8.30000     11.40000     47.22900     1.73200     12.50000     XXXXXXX     121.00000     13.10000     41.00000     1.90000     8.00000     0.00000     14.90000     5.10000     2.40000
winter     medium     low     7.40000     11.80000     32.30000     1.22300     25.83300     34.63600     13.60000     11.10000     4.20000     12.00000     3.70000     7.80000     1.20000     12.70000     1.70000
winter     medium     high     7.50000     7.70000     26.00000     0.26700     101.00000     45.00000     23.48500     40.00000     0.00000     8.00000     1.60000     3.90000     3.90000     16.70000     0.00000
summer     medium     medium     XXXXXXX     9.00000     3.00000     0.23000     110.00000     7.40000     66.75000     3.30000     24.00000     5.60000     25.90000     0.00000     5.90000     0.00000     2.20000
autumn     medium     high     7.50000     6.00000     43.00000     0.30800     14.75000     51.11100     221.27800     15.30000     0.00000     7.30000     5.00000     0.00000     0.00000     0.00000     2.40000
spring     large     high     8.15000     9.80000     95.36700     6.09600     34.00000     12.00000     317.00000     9.38400     0.00000     0.00000     0.00000     0.00000     0.00000     7.00000     0.00000
winter     small     high     8.70000     11.00000     16.00000     0.81000     196.00000     1.80000     276.00000     2.50000     0.00000     20.60000     2.10000     0.00000     0.00000     0.00000     0.00000
summer     small     medium     7.83000     9.20000     4.32600     3.73000     62.50000     3.00000     58.62300     23.80000     3.30000     26.50000     2.00000     1.00000     3.40000     0.00000     1.40000
winter     large     high     5.70000     8.50000     XXXXXXX     1.65500     8777.59961     197.83299     49.33300     4.30000     1.50000     8.90000     0.00000     0.00000     0.00000     0.00000     2.70000
autumn     medium     low     8.50000     8.10000     11.00000     0.82600     96.66700     50.88900     115.00000     XXXXXXX     52.20000     0.00000     0.00000     1.30000     0.00000     0.00000     5.50000
summer     large     medium     8.10000     11.10000     7.00000     3.67800     6400.00000     234.50000     11.50000     2.00000     16.50000     3.90000     13.60000     0.00000     1.70000     2.70000     18.60000
winter     medium     high     8.50000     4.50000     5.32600     1.21200     1081.66003     51.11100     77.43400     11.60000     50.40000     1.50000     5.40000     1.40000     0.00000     15.70000     0.00000
spring     small     medium     8.50000     6.20000     26.00000     1.28800     175.00000     16.80000     7.00000     92.66700     15.80000     19.60000     1.40000     0.00000     3.50000     4.70000     1.40000
spring     medium     medium     7.60000     3.20000     13.00000     8.68800     54.75000     1.00000     XXXXXXX     5.11100     4.40000     9.60000     8.80000     0.00000     1.10000     0.00000     2.70000
autumn     medium     medium     7.20000     10.50000     10.20700     0.23000     224.28600     12.88900     14.00000     6.80000     32.10000     16.00000     4.80000     4.30000     0.00000     32.10000     0.00000
summer     medium     medium     7.90000     9.60000     79.07700     1.58700     52.20000     12.00000     61.50000     8.95700     7.20000     16.00000     1.20000     0.00000     0.00000     1.80000     1.00000
summer     small     medium     8.60000     6.30000     70.00000     1.41500     196.66701     62.62500     205.87500     21.90000     4.40000     4.60000     25.30000     0.00000     0.00000     0.00000     31.60000
summer     medium     low     8.00000     11.10000     48.66700     7.74000     161.81799     102.33300     84.00000     0.30000     2.40000     4.10000     0.00000     5.70000     9.90000     18.20000     0.00000
winter     medium     high     7.90000     10.20000     38.90200     2.31000     4073.33008     46.66700     88.50000     7.30000     18.00000     6.70000     0.00000     13.40000     9.40000     0.00000     0.00000
autumn     medium     medium     8.30000     9.90000     8.30000     0.44500     27.06900     2.00000     105.72700     0.40000     82.70000     0.00000     6.10000     6.60000     2.60000     0.00000     16.70000
winter     medium     medium     7.70000     10.50000     151.83299     45.65000     146.66701     48.62500     2.50000     0.80000     12.20000     5.60000     1.00000     2.20000     7.40000     1.50000     0.00000
spring     large     high     8.47000     10.50000     XXXXXXX     9.24800     91.83300     1.33300     188.66701     XXXXXXX     12.30000     0.00000     0.00000     0.00000     0.00000     9.90000     1.90000
summer     small     high     8.50000     3.20000     65.75000     1.67000     236.00000     41.30000     20.75000     22.70000     3.60000     12.40000     0.00000     0.00000     8.00000     32.90000     1.00000
winter     medium     low     8.30000     8.40000     12.44400     2.30200     90.00000     181.00000     296.00000     XXXXXXX     18.10000     0.00000     0.00000     0.00000     15.30000     0.00000     0.00000
winter     medium     low     8.70000     7.10000     5.83000     8.75900     51.11100     20.00000     344.60001     27.61800     56.80000     0.00000     4.00000     2.20000     2.90000     0.00000     0.00000
spring     large     high     7.90000     10.80000     125.60000     2.22000     10.00000     4.25000     6.20000     0.60000     8.70000     0.00000     1.40000     0.00000     3.90000     0.00000     2.40000
summer     large     high     8.20000     10.53000     100.83000     1.65100     34.33300     151.33299     284.00000     20.57800     5.30000     3.80000     0.00000     1.40000     0.00000     49.40000     0.00000
spring     large     medium     8.30000     10.70000     94.00000     0.67300     1131.66003     36.30000     1.00000     0.80000     12.70000     0.00000     1.40000     0.00000     0.00000     0.00000     0.00000
summer     medium     medium     8.53000     11.80000     34.03700     3.68500     96.66700     102.00000     19.00000     1.10000     2.50000     4.10000     0.00000     0.00000     0.00000     3.60000     0.00000
spring     medium     low     8.50000     10.50000     13.50000     0.94100     92.37500     54.10000     11.00000     1.50000     2.80000     0.00000     0.00000     0.00000     0.00000     0.00000     15.10000
autumn     small     medium     8.00000     12.50000     40.16700     3.44400     96.83300     104.50000     14.35400     24.91700     1.20000     12.70000     0.00000     0.00000     2.50000     0.00000     2.10000
spring     small     low     8.30000     10.70000     10.97500     1.87000     20.00000     47.50000     244.00000     3.00000     1.40000     0.00000     0.00000     1.00000     4.10000     0.00000     0.00000
autumn     medium     low     8.60000     10.29000     12.14600     3.35100     43.75000     25.16700     186.00000     9.88200     1.70000     0.00000     0.00000     2.70000     6.70000     1.40000     0.00000
spring     medium     medium     8.90000     9.70000     7.33300     4.50800     643.00000     27.00000     50.45500     4.66700     2.40000     14.60000     1.50000     11.50000     6.40000     0.00000     0.00000
winter     small     low     7.75000     8.80000     XXXXXXX     1.72000     40.00000     180.66701     239.00000     5.55500     66.00000     0.00000     0.00000     5.30000     0.00000     0.00000     1.70000
spring     medium     medium     8.10000     3.30000     8.00000     0.33000     421.66699     30.75000     249.25000     6.50000     1.90000     22.00000     2.30000     3.20000     34.30000     5.50000     1.50000
winter     medium     high     7.30000     9.50000     56.71700     1.32800     120.00000     4.00000     127.00000     0.90000     0.00000     1.70000     2.60000     0.00000     17.90000     0.00000     6.80000
spring     medium     high     7.50000     9.00000     XXXXXXX     4.82000     380.00000     191.75000     17.00000     30.00000     1.10000     13.20000     10.10000     2.10000     6.60000     0.00000     2.20000
summer     small     high     9.70000     7.90000     58.33100     1.47000     137.27299     4.00000     72.69600     3.60000     89.80000     0.00000     0.00000     0.00000     9.00000     0.00000     0.00000
spring     medium     low     7.90000     10.10000     27.40000     3.41400     25.00000     51.12500     3.00000     88.25500     35.50000     1.70000     2.50000     0.00000     0.00000     0.00000     3.20000
winter     small     low     8.20000     8.30000     82.85200     9.77300     56.36400     221.89999     40.00000     8.15500     33.90000     0.00000     2.60000     2.40000     2.20000     0.00000     1.90000
spring     small     high     8.06000     10.30000     22.28600     3.73400     8.00000     78.33300     98.14300     0.60000     0.00000     0.00000     0.00000     44.60000     18.70000     0.00000     0.00000
winter     small     high     7.62000     10.90000     44.00000     3.56100     1495.00000     26.00000     122.00000     50.00000     58.70000     13.20000     0.00000     2.00000     0.00000     1.20000     0.00000
spring     large     low     8.15000     9.80000     44.20500     0.70100     54.77800     16.83300     23.00000     2.00000     16.80000     7.00000     2.00000     1.80000     4.00000     0.00000     0.00000
autumn     small     medium     7.77000     9.60000     104.81800     4.05300     124.36400     82.22200     173.75000     28.56700     1.40000     0.00000     0.00000     4.40000     5.50000     42.40000     6.10000
autumn     large     high     8.10000     8.90000     71.44400     1.17200     66.66700     48.00000     255.28000     0.80000     39.70000     0.00000     0.00000     0.00000     35.60000     0.00000     1.40000
spring     large     medium     7.60000     10.60000     49.90000     5.41000     239.00000     55.00000     141.83299     68.05000     17.00000     1.20000     1.10000     0.00000     0.00000     0.00000     2.10000
spring     medium     high     8.40000     6.35000     39.00000     4.93000     271.25000     19.72700     19.00000     20.80000     32.50000     21.10000     42.80000     1.70000     0.00000     0.00000     2.50000
winter     large     low     7.60000     9.80000     41.25000     1.51900     197.90900     16.00000     7.20000     6.20900     0.00000     0.00000     12.90000     0.00000     11.30000     0.00000     6.00000
autumn     large     medium     8.10000     9.90000     26.76000     2.51200     10.00000     3.00000     40.66700     22.90000     3.70000     9.70000     0.00000     3.50000     15.90000     0.00000     14.40000
winter     large     low     8.50000     9.80000     3.86000     7.19500     82.10000     6.00000     228.36400     5.08300     52.40000     8.00000     1.80000     0.00000     1.40000     2.60000     1.90000
summer     medium     high     9.00000     11.10000     31.00000     3.92300     16.20000     85.50000     130.75000     2.86000     48.30000     0.00000     0.00000     0.00000     0.00000     0.00000     0.00000
summer     medium     low     7.80000     9.80000     7.61300     2.94200     137.00000     3.80000     140.51700     2.00000     2.10000     0.00000     1.70000     0.00000     2.10000     0.00000     0.00000
winter     large     medium     8.00000     3.60000     173.75000     0.92100     60.11000     77.33300     6.00000     1.20000     1.40000     5.00000     1.20000     0.00000     0.00000     0.00000     0.00000
spring     small     high     8.30000     10.50000     7.00000     2.67000     37.77800     8.60000     22.90000     5.60900     10.30000     2.90000     3.70000     0.00000     20.00000     0.00000     0.00000
winter     large     medium     8.00000     10.60000     39.10900     0.82500     40.00000     48.66700     56.66700     0.50000     54.40000     0.00000     23.20000     6.90000     19.70000     0.00000     0.00000
summer     medium     high     8.00000     9.80000     2.20000     1.00300     308.75000     264.89999     187.05701     0.30000     0.00000     12.50000     3.40000     0.00000     0.00000     0.00000     0.00000
summer     medium     low     7.60000     11.80000     2.11100     5.69400     370.00000     53.00000     89.62500     46.07500     54.00000     6.00000     6.30000     0.00000     0.00000     0.00000     4.10000
winter     medium     low     8.35000     9.90000     10.07800     3.76500     118.57100     21.08300     54.91600     4.90000     0.00000     10.50000     16.00000     0.00000     2.40000     1.20000     0.00000
winter     medium     high     8.40000     9.50000     30.52300     0.86600     37.50000     412.33301     82.44400     1.10000     1.20000     0.00000     0.00000     2.20000     0.00000     0.00000     10.80000
spring     small     high     8.27000     10.40000     136.00000     0.84600     72.60000     19.11100     17.33300     XXXXXXX     20.30000     0.00000     2.40000     0.00000     4.80000     0.00000     0.00000
autumn     medium     medium     8.70000     11.70000     12.77800     1.51000     51.42900     2.50000     45.00000     20.82900     3.40000     0.00000     0.00000     0.00000     11.30000     2.20000     0.00000
summer     medium     medium     8.50000     11.60000     15.54100     4.07100     920.00000     36.90900     61.60000     5.45000     1.20000     0.00000     7.30000     11.00000     0.00000     4.10000     5.90000
spring     medium     high     8.30000     5.80000     60.80000     0.86000     125.33300     209.85699     7.65400     14.70000     0.00000     32.80000     22.90000     4.60000     6.60000     52.50000     3.30000
spring     large     high     8.56000     11.30000     69.00000     6.54000     153.75000     13.00000     120.88900     3.20000     2.20000     5.40000     1.00000     0.00000     0.00000     1.60000     0.00000
summer     small     high     8.40000     11.10000     94.40500     0.73000     244.60001     236.39999     214.00000     3.60000     6.90000     38.50000     2.90000     0.00000     8.60000     0.00000     2.90000
summer     medium     medium     8.80000     3.60000     10.40000     2.58600     132.25000     54.00000     127.22200     18.33000     18.90000     1.40000     19.50000     3.70000     0.00000     0.00000     0.00000
autumn     large     medium     8.40000     11.10000     17.37500     4.40800     131.66701     27.00000     79.75000     2.33800     16.80000     12.00000     1.00000     3.70000     9.20000     0.00000     7.20000
summer     large     medium     7.70000     10.60000     14.32000     5.97000     109.00000     44.66700     265.25000     2.90000     0.00000     7.00000     2.40000     0.00000     0.00000     0.00000     0.00000
summer     large     medium     7.80000     7.10000     10.93600     2.68000     647.57001     58.87500     303.33301     XXXXXXX     74.20000     10.40000     20.20000     0.00000     22.10000     8.20000     0.00000
winter     medium     medium     8.00000     1.80000     2.75000     4.18800     32.72700     143.71001     XXXXXXX     3.10000     37.30000     5.00000     2.70000     0.00000     0.00000     0.00000     4.90000
autumn     medium     medium     8.30000     11.80000     61.05000     1.37400     255.00000     64.00000     138.70000     XXXXXXX     1.90000     0.00000     1.20000     2.40000     0.00000     2.00000     0.00000

