1)
  season   size  speed mxPH mnO2   Cl   NO3   NH4 oPO4   PO4 Chla   a1   a2  a3  a4   a5   a6   a7
1 winter medium medium 8.00  3.2 41.2 3.678 578.0 62.6 122.0 20.9 32.1  3.4 1.4 0.0  6.5  8.3  1.4
2 autumn medium medium 7.80  9.9 29.2 4.930 153.0 77.3  45.0  1.0  0.0  1.2 4.1 0.0  0.0  0.0  0.0
3 autumn medium medium 7.60  8.2 40.0 3.734 103.3 19.7 388.2   NA  0.0  0.0 1.7 4.1 20.0  0.0 14.4
4 summer  small medium 8.30  7.8 30.5 0.381  98.2 61.2 138.7  3.2  2.4  0.0 1.9 0.0  0.0  0.0  3.9
5 winter  small   high 8.00  9.0   NA 1.420 124.0  1.0  22.9  0.3  0.0  6.7 1.5 0.0  0.0  0.0  0.0
6 summer medium medium 7.19  6.3 94.0 4.030  58.5 13.0  75.2  0.5 52.2 72.6 0.0 4.0  1.7 12.6  0.0
2)
,season,size,speed,mxPH,mnO2,Cl,NO3,NH4,oPO4,PO4,Chla,a2,a4,a6,a7
1,winter,medium,medium,8,3.2,41.163,3.678,578,62.625,122,20.87,3.4,0,8.3,1.4
2,autumn,medium,medium,7.8,9.9,29.2,4.93,153,77.333,45,1,1.2,0,0,0
3,autumn,medium,medium,7.6,8.2,40.02,3.734,103.333,19.727,388.16699,NA,0,4.1,0,14.4
4,summer,small,medium,8.3,7.8,30.523,0.381,98.182,61.182,138.7,3.2,0,0,0,3.9
5,winter,small,high,8,9,NA,1.42,124,1,22.9,0.3,6.7,0,0,0
6,summer,medium,medium,7.19,6.3,94,4.03,58.5,13,75.207,0.5,72.6,4,12.6,0
7,summer,small,medium,9.1,10.3,66.3,0.308,235,111.25,249.25,22.5,0,3.9,0,0
8,summer,small,medium,8.2,10.6,43.97,4.99,8,1.25,82.444,6.9,7.6,2.2,0,0
9,spring,small,medium,8.3,10.7,NA,1.32,122.85,26,97.58,10,11.2,2.2,0,2.1
10,winter,small,medium,7.93,9.9,4.575,0.81,178.57001,31.333,16,16,0,3,9.9,3.9
11,autumn,large,medium,8.4,9.8,39,1.287,308.75,12.75,40.667,0.8,0,1.7,0,0
12,winter,medium,medium,7.7,10.5,12.536,1.003,758.75,NA,197.14301,22.9,7.5,2.4,1.5,0
13,winter,small,low,7.74,6,56.717,3.31,10,27,71,17.2,0,7.8,0,6
14,summer,medium,high,7.72,11.9,77.364,8.759,505,57.6,17,50.225,0,1,6.2,1.2
15,summer,medium,high,7.9,9.6,65.333,3.773,217.75,13,57.833,2,4.1,2.1,16.6,1.9
16,autumn,small,high,7.7,13.1,65.75,3.07,1386.25,97.333,98.25,30.4,4.6,5,0,0
17,spring,medium,medium,7.3,6.3,7,6.225,236,18.667,50,3,0,0,6.8,0
18,winter,medium,high,8.5,10.4,32.54,45.65,120,18.25,76.333,0.8,0,1.9,29.5,0
19,summer,medium,high,6.8,6.8,60.8,3.778,60.11,19.111,14,15.3,0,4.3,0,1
20,spring,small,high,8.4,10.7,5,0.73,245,3.8,194.10001,18.37,6.4,0,0,1.4
21,autumn,medium,medium,8,11.7,13,6.045,3466.65991,28.625,213,3.3,1.7,1.1,0,3.2
22,autumn,medium,high,7.3,7.9,22.455,4.94,120,15.6,391.75,0.5,19.6,2.3,0,0
23,winter,small,high,8.7,7.1,29.5,3.245,225,125.667,361,NA,5.5,0,0,4.3
24,summer,small,high,7,9.4,50,1.715,92,53.625,87.125,1.7,0,3.7,0,0
25,winter,small,medium,7.29,10.2,22.35,5.13,11.111,41.5,15,1.4,0,0,0,0
26,summer,medium,medium,8.21,10.3,87,2.323,165,26.625,84.46,3,0,2.2,10.1,3.4
27,winter,large,low,8.16,8.4,11.867,1.875,10,151.33299,127.222,17.491,2.1,2.9,0,0
28,summer,small,low,8,10.1,77,10.416,255,9,NA,75,0,0,1.2,0
29,spring,large,high,8.3,7.7,187.183,3.414,20,34.5,121,0.8,15.9,0,0,3.9
30,autumn,medium,medium,7.9,11.8,NA,8.543,35,12,279.06601,4.3,0,0,0,3.6
31,winter,medium,medium,8.4,9.3,4.545,2.163,60,19.111,50.455,5.62,0,0,5.5,7.8
32,winter,small,high,8,3.6,26,3.78,60,102.333,137.778,92.667,1.6,0,6.8,1.7
33,summer,small,high,9,9.5,17.75,3.02,124.167,51.75,102.571,21.22,1,0,0,2.7
34,winter,small,medium,7.8,9.9,53,2.22,92.375,37.375,253.25,3.6,9.1,6.8,0,0
35,winter,small,high,8,6.5,48.429,4.188,32.5,39,175.04601,5.45,13.2,0,31.8,1.7
36,autumn,small,low,8.7,11.8,54.19,2.316,27.5,14.667,44.136,13,0,0,0,0
37,autumn,large,high,7.9,8.7,1.17,6.096,244.60001,1.625,269.66699,11.84,0,0,6.7,0
38,summer,small,medium,8.05,4.3,49.625,7.16,137.27299,191.75,6.667,0.5,3.9,0,0,0
39,spring,small,medium,8.5,8.6,36.248,1.374,65.556,10.667,147.83299,6.209,0,0,0,0
40,winter,small,high,7.9,10.5,41.25,1.39,98.333,12.75,236,4.5,16.2,2.2,0,1.2
41,autumn,medium,high,8,11.2,42.636,6.188,102.75,16.833,69.93,5.2,1,0,0,0
42,spring,large,low,7.6,7.1,85.982,0.923,12.727,144.66701,111.375,2.1,21.7,0,0,1.2
43,summer,medium,high,8.3,8.3,50,1.534,76,44,124.2,1.4,40.9,0,32.9,0
44,spring,medium,high,8.66,8.8,391.5,7.83,110,4.25,326.85699,NA,3.1,0,8.7,0
45,spring,medium,high,7.3,6.5,NA,1.732,42,7.3,188.66701,8.155,28.2,0,17.1,4.1
46,spring,medium,high,7.7,12.5,17.375,0.536,54.75,20,187.05701,2,0,3.2,0,0
47,summer,small,medium,8,9.6,47.229,0.376,5,16,292.625,0.8,0,0,0,2.4
48,autumn,small,high,8.3,9.9,69.75,1.288,72.6,5,219.909,2,0,0,1.6,1.9
49,spring,small,high,7.6,6.7,15,4.555,206.53799,27,6,22.5,0,1.2,0,0
50,summer,medium,medium,8.2,11.21,10.975,0.886,224.286,22.444,558.75,12.1,12.7,11,15.8,0
51,spring,large,high,7.6,8.1,63.51,1.223,192.5,104.727,211.66701,18.3,1.5,6.6,1.2,0
52,summer,medium,high,7.9,7.9,3.86,1.873,3515,58.875,275.14301,3.7,12.7,2.2,0,0
53,winter,large,high,7.84,10.1,82.852,2.443,28.333,7.75,34,6.8,5,0,3.1,1.6
54,spring,small,medium,7.2,9.8,194.75,0.91,18.333,4,138.5,0.8,0,0,0,0
55,winter,large,high,8.84,9.2,11,2.302,131.66701,9,6.5,41,0,2.2,0,0
56,spring,small,medium,5.6,11.5,82.111,3.14,914,39,26,1.1,2.1,0,0,0
57,autumn,medium,low,8.4,10.1,NA,1.32,102.5,70,4,4.5,12.7,0,0,0
58,winter,small,high,7.5,1.5,57.848,4.86,5738.33008,104.5,6,9,5.4,1,0,0
59,spring,medium,high,9.7,8.5,7.838,3.908,62.5,2,102.333,2.8,1.9,0,0,0
60,summer,large,medium,8.27,5.7,NA,0.77,10,1,313.60001,12.32,12,0,7.9,0
61,spring,large,medium,8.3,10,9,5.97,46.5,264.89999,56.667,4.5,0,2.5,0,0
62,spring,small,medium,7.5,10.2,69,1.588,155,NA,72.696,NA,0,2.4,0,3.2
63,summer,small,medium,7.45,4.9,131.39999,0.23,34.333,26.6,61.444,0.5,1,1.4,0,0
64,winter,small,high,7.57,8.2,8,4.82,14.75,2,52.875,18.33,4.3,1,2.4,1.4
65,autumn,small,low,7.8,8.2,13.5,1.474,105.556,33.8,6,2.9,0,44.6,0,2.7
66,winter,small,low,7.44,10.8,3.136,0.866,271.25,34.636,152.33299,1,0,0,0,1.4
67,spring,medium,low,7.4,8.1,3.275,1.443,112.857,44.667,3,6.429,41,4.6,0,0
68,spring,small,high,8.7,8.3,32.056,0.921,10,75.875,173.75,5.233,16.4,0,0,0
69,spring,medium,high,8.2,3.2,125.6,2.942,486.5,54.1,304,NA,0,7.6,8.5,1.9
70,winter,medium,high,9.1,10.7,39.109,3.685,18,412.33301,46.438,81.54,0,1.2,0,1.9
71,spring,medium,low,9.5,10.7,11.088,0.642,33.636,221.89999,77.434,34.75,2.1,0,7,3.3
72,spring,medium,low,7.62,10.5,12.778,0.663,176.66701,7.4,142,6.4,10.4,0,10.6,1.4
73,summer,large,medium,NA,12.9,8.3,2.603,6400,55,127,5.111,0,0,21.4,4.2
74,autumn,large,medium,7.55,8.5,10.078,3.617,137,136.75,20.812,21,0,0,5.1,2.9
75,winter,medium,medium,7.77,10.4,129.375,0.86,17.778,50.889,235.66701,3,53.6,0,0,0
76,summer,medium,high,8.15,9.8,173.75,5.164,124.364,24.667,39,4,0,1,17,1.4
77,autumn,medium,medium,9.06,12,6.167,5.099,370,10.583,58.374,54.367,3.8,1.8,33.2,1
78,winter,large,low,8.5,5.9,10.936,0.735,83.75,36,7.2,2,13.7,0,2.7,6.6
79,winter,small,medium,8.07,11.7,21.95,3.14,32.5,51.111,11.8,3,5.8,11.3,0,0
80,autumn,medium,high,7.83,8.9,19.22,0.461,161.81799,3.333,23.485,2.8,21.6,0,0,0
81,autumn,large,medium,7.8,13.4,5.273,3.444,1168,180.66701,284,5.544,0,4.6,77.6,0
82,spring,medium,high,7.7,5.4,28.333,0.825,10.5,53,56.091,4.3,8,4.9,8.2,0
83,winter,large,medium,8.22,10.8,5.326,5.414,25.833,181,85,53.1,31.9,4.4,0,0
84,winter,small,low,7.4,11.17,40.167,1.051,10,27.5,205.875,7.9,4.1,0,0,31.2
85,summer,large,high,6.6,9.4,16,4.408,737.5,173,140.517,20.578,28,1.2,22.9,25.6
86,winter,small,medium,7.6,4.9,31.091,3.316,81,137.60001,35.2,0.8,13.2,0,0,22.1
87,summer,medium,high,7.4,7.3,64.093,1.172,46.2,67.5,169.00101,16,0,0,0,16.7
88,winter,large,medium,7.8,9,48.667,6.2,16.2,45.9,19,3.3,0,0,0,18.6
89,winter,medium,medium,8.4,9.7,61.05,2.67,20,48,296,NA,0,0,4.5,0
90,winter,medium,low,7.79,9.8,79.077,2.102,49.5,71,60,3,1.7,7.7,1.4,0
91,spring,small,medium,8.4,12.1,35.75,1.335,101.25,75,317,31.738,25.4,0,0,1.2
92,winter,medium,high,8.8,4.5,23.825,5.099,1495,59.429,86.997,2,14.6,0,42.1,0
93,spring,large,high,8,10.77,15.541,0.672,51.111,60.833,351.60001,72.478,5.6,0,5.9,0
94,autumn,large,medium,8.1,11.1,12,1.51,2082.8501,61.25,75.333,NA,3.1,1.6,17,0
95,winter,large,medium,7.6,11.8,3,0.735,931.83301,21.083,21.3,0.6,0,0,0,1.9
96,winter,medium,medium,8.1,6,5.889,2.31,43.75,23,141.83299,20.829,32.8,0,1.4,4.9
97,winter,small,high,8,11.7,57.75,6.238,1131.66003,78.333,186.5,1,6,2,12.4,0
98,winter,medium,medium,8.9,9.7,2.2,3.976,133.636,87.333,262.72699,8.1,0,3.4,12.7,1
99,winter,medium,high,6.6,4.8,100.83,1.448,37.778,22.2,27.5,2,0,1.7,0,0
100,spring,small,low,8.3,5.5,44,4.459,52.2,38.75,3,0.4,3.4,0,0,1
101,spring,medium,high,7.61,10.5,63.625,1.535,228.75,23,239,98.817,21.1,3.5,5.9,2.2
102,spring,large,medium,7.8,7.4,1.549,9.08,345.45499,102.364,154.125,1.1,38.5,0,0,1.4
103,spring,medium,medium,8.7,10.6,51.113,1.718,371.11099,84.3,146.452,0.8,0,3.7,4.5,0
104,spring,large,medium,9.1,6,34.5,1.67,1911,2.5,276,23.8,15.2,2.6,22.3,1
105,winter,small,high,7.7,10.7,35.66,3.33,227.60001,32.5,246.66701,2.7,0,0,3.6,2.5
106,summer,small,medium,8.7,11.7,7,9.773,82.1,12.75,56.667,15.6,16,0,0,3.3
107,autumn,small,high,8.1,11.1,73.25,1.47,34,16,143.75,65.7,0,0,0,0
108,autumn,medium,medium,8.3,11.6,22.32,1.726,205.66701,85.5,233.5,3,0,0,2.6,0
109,winter,small,high,7.4,11.7,23.25,NA,723.66699,182.42,11.5,5.5,1,12.7,20.4,0
110,winter,small,high,7.4,10.5,2.111,2.55,56.364,58.222,88.5,24.556,5.2,0,0,0
111,spring,medium,medium,8.1,11.4,45.273,4.053,37.5,105,17.333,3.2,1.5,4,0,1
112,spring,large,high,7.9,10,44.205,4.908,66.667,10,303.33301,7.3,0,1,17.8,1.6
113,summer,medium,high,8.87,10.3,20.625,NA,380,51.125,16.662,26.8,0,28.8,4.6,7.1
114,summer,medium,medium,8.5,9,4.326,3.2,90,37.857,285.71399,93.683,19.6,6.9,17.7,0
115,spring,medium,medium,6.5,4.4,6.3,3.9,38.111,234.5,11,3,14.5,0,0,1.5
116,autumn,large,high,7.925,9.4,47,0.406,27.069,1,167.89999,50,12.4,6.2,0,0
117,summer,medium,medium,8.6,11.62,12.146,2.818,196,49,232.83299,4.9,7,0,7.1,2
118,spring,medium,low,8.06,7.7,74.667,3.923,8777.59961,3.545,6.75,3.2,21.5,0,0,1.4
119,autumn,medium,medium,8.3,6.2,NA,5.694,96.667,16.8,11.818,2.1,4,0,13.2,2.7
120,winter,medium,low,8,6.6,11.818,4.698,208.33299,2.5,607.16699,68.05,9.7,0,0,2.4
121,winter,medium,low,7.5,6,NA,1.572,215.556,1,200.231,11.6,18.4,0,0,2.3
122,spring,medium,low,8.1,10.7,46.167,5.078,123.333,166.72701,177.625,31,20.1,0,0,5.2
123,spring,small,medium,6.6,12.1,9,6.64,233.7,1,222.286,NA,0,1.9,1.4,0
124,winter,small,low,5.7,NA,29.775,3.765,65.455,246,85.4,10.5,0,0,0,0
125,winter,medium,high,8.3,6.9,49.9,0.941,84.667,132.5,111.75,5.2,0,5.3,16.7,2.2
126,winter,small,medium,8.4,9.2,0.8,4.17,39,151.125,10.75,13.2,9.6,0,0,0
127,winter,medium,medium,7.35,11.7,43.09,0.996,172.5,175.66701,46.6,28.567,1.9,0,5.5,6.1
128,winter,small,high,8.6,10.6,20.083,5.33,10,32,6,14.7,4.6,3.5,13.1,0
129,spring,medium,high,8.15,7.6,71.444,0.33,96.667,41.3,104,13.1,1.9,0,5.1,0
130,winter,medium,high,7.5,11.6,2.75,1.587,89.6,1.333,75.904,1.3,16,8.3,0,1.9
131,summer,medium,medium,7.6,8.1,26,0.267,28,4,130.75,88.255,0,0,9.9,0
132,autumn,medium,high,9,1.8,70,0.23,101.667,6,183.66701,2.5,0,0,5.4,2.2
133,winter,small,medium,7.8,11.3,1.45,2.273,25,54,221.278,2.338,0,0,9.6,0
134,autumn,large,medium,7.9,9.5,26.76,4.825,128.571,82.222,47,0.3,0,0,0,2.4
135,winter,small,high,7.8,9.8,7,3.73,160,1.8,170,2.5,20.6,0,0,0
136,spring,medium,medium,8.1,9.2,27.233,4.535,101,3,58.623,7.3,0,0,18.2,1.2
137,winter,large,high,8.7,11,12.182,0.658,24064,197.83299,49.333,21.9,0,3.7,0,1.4
138,summer,medium,low,8.6,10.8,5.83,0.826,153.75,159.5,115,110.456,0,0,0,5.5
139,summer,small,low,8.2,9.6,31,0.673,40,6.5,98.143,2,4.9,0,0,0
140,autumn,medium,high,7.91,11.8,10.556,0.9,2167.37012,37,18,5.8,5.9,1.3,0,0
141,winter,small,medium,8,6.2,10.4,2.822,54.778,261.60001,14.354,11.1,17.1,0,0,1
142,spring,large,medium,7.4,10.7,43,6.513,215.714,3,123.333,1,1.2,0,4.7,1.5
143,winter,large,low,8.58,8.9,32.3,2.64,643,12.889,14,0.3,1.4,0,1,0
144,spring,small,high,8.43,10.9,0.222,1.519,22.5,346.16699,201.778,0.6,1.4,11.5,1.8,1.1
145,spring,medium,low,8.47,10,55.35,3.02,196.66701,3.222,116.2,11.7,0,13.4,0,31.6
146,winter,large,low,8.4,11.4,3.5,6.54,430,2,84,2,0,5.7,0,0
147,winter,small,low,8.3,10.2,38.902,0.05,4073.33008,46.667,NA,6.8,21.7,0,0,6.1
148,spring,medium,high,8.1,6.2,40.226,3.829,10,16,105.727,1.3,0,0,64.6,0
149,summer,medium,high,8.5,9,NA,2.231,346.66699,48.625,252.5,20.8,28,4.8,7.5,0
150,autumn,medium,high,9.1,11.1,32.92,0.445,91.833,27.667,61.6,6.167,5.6,0,0,0
151,summer,small,medium,7.4,11,38.125,0.13,NA,9.667,18.293,22.7,8.7,0,2,12.5
152,winter,small,high,7.8,11.3,7.613,0.63,429.20001,102,116.2,46.075,0,1.2,32.1,2.2
153,winter,small,medium,8.4,7.1,95.367,3.726,175,20,13.6,27.618,2.7,0,1.5,1.7
154,spring,medium,high,7.14,3.3,127.833,1.527,1990.16003,24,228.364,1.2,0,0,0,0
155,autumn,small,medium,8,10.53,53.333,5.442,1081.66003,12,255.28,0.2,36.6,0,1.9,2.1
156,spring,large,medium,8.6,8.8,88,3.235,246.364,66.4,1,30,0,1.7,0,0
157,summer,large,high,8.3,11.8,34.037,1.921,NA,8.692,66.75,2.15,21.5,5,0,0
158,spring,small,high,8.5,5.3,12.444,0.102,51.429,205.636,277.33301,1.5,38.8,2.6,0,15.1
159,winter,small,low,7.3,12.5,11,1.655,197.909,20.667,40,17.2,3.9,0,0,0
160,spring,medium,low,7.2,3.6,82.857,1.87,27.286,47.5,244,6.5,26.5,4.6,0,2.4
161,autumn,small,medium,8.6,10.29,63.292,2.954,10,236.39999,186,20.6,4.6,0,0,0
162,autumn,large,high,8.7,10.2,130.67,8.984,32.727,30.75,214,1.1,2.9,1,0,10.2
163,summer,small,low,8.8,3.4,4.083,1.72,103.333,144,108,5.555,0,0,0,30.1
164,spring,small,medium,7.9,6.1,53,3.318,421.66699,8.6,132.54601,32,5.4,0,0,0
165,summer,small,high,7.75,9.4,10.5,1.203,461.875,187,13.2,0.9,1.7,1.4,0,6
166,summer,medium,high,8.1,NA,10.207,1.328,88.182,196.62,43.5,3.8,11.3,0,42.7,0
167,autumn,medium,low,8.3,10.8,53.102,2.805,1729,428.75,232.89999,3.6,8.9,6.8,0,0
168,spring,small,medium,6.4,10.5,27.4,4.665,134,467.5,254.60001,4.3,0,0,4.1,0
169,autumn,large,low,8.2,8,151.83299,7.195,130,282.16699,72.9,3.9,0,3.4,4.7,0
170,summer,medium,high,8.06,7,22.286,1.415,627.27301,10.8,19,9.384,8.6,0,52.5,0
171,winter,large,medium,8.24,10.68,64,3.561,20,120.5,272.22198,NA,15.7,0,17.2,0
172,autumn,medium,high,8.7,8.8,9,0.701,32,7.667,23,9.882,12,2.7,6.9,0
173,summer,medium,medium,8.2,11.3,104.818,0.758,13.5,109,10.111,NA,11.6,1.7,42.4,1.6
174,summer,large,high,8,10.8,101.875,3.978,31.333,64.389,101.455,25,8,1.2,2.2,1.7
175,summer,medium,low,7.8,10.9,208.364,5.41,96.833,55,7,14.775,7.4,0,49.4,0
176,winter,medium,high,8.5,6.35,16,2.899,15,159.16701,2.5,1.3,4.7,1.2,8.3,0
177,autumn,medium,medium,8.35,10.8,59.067,5.132,146.66701,35.333,171.272,0.8,22,0,0,0
178,spring,medium,high,8.1,11,2.933,1.013,12.5,25.167,344.60001,1.1,4.3,2.4,0,2.9
179,spring,large,high,6.6,9.8,58.331,8.688,43.75,38.625,20.75,5.083,1.7,2,15.7,0
180,autumn,large,high,8.1,11.3,47.778,2.304,920,36.909,287,27.5,10.5,4.3,1.2,2.4
181,spring,small,medium,8.5,9.8,37.6,4.87,15,564.59998,6.2,15,3.8,0,0,6.8
182,autumn,large,medium,7.9,8.4,7.25,9.715,76.667,100,7.654,40,5,0,0,2.7
183,autumn,medium,high,8.53,5.3,39,5.456,5.8,143.71001,432.909,2.86,0,1.4,3.3,0
184,autumn,small,medium,8.25,11.5,53.425,0.846,132.25,45,125.8,0.5,2.9,0,0,0
185,summer,small,low,8.1,9.5,57.75,0.699,142,267.75,586,7.6,0,0,1.6,3.2
186,winter,small,high,8.3,12.6,81.333,9.248,647.57001,16,89.625,0.3,0,5,6.4,9.7
187,winter,small,medium,8.5,9.9,4.7,2.978,12.5,220.75,218,24.917,0,3.5,1.5,1.9
188,summer,medium,high,8.43,7.1,32.4,4.508,125.333,51.111,61.5,8.957,7.3,0,3.9,10.8
189,spring,large,high,8.55,9.8,136,3.351,118.571,104.222,265.25,0.6,4.1,0,15.8,0
190,spring,medium,medium,7.9,7.6,NA,1.212,18.429,36.3,11,13.1,0,0,0,0
191,winter,medium,high,8.5,10.8,8,4.071,103,27.25,81.558,NA,0,0,11.5,5.9
192,spring,medium,high,8.1,5.8,30.125,7.74,53.846,209.85699,54.916,NA,40.7,0,2.6,2.1
193,summer,large,medium,8.56,4.5,7.333,3.85,122.5,72,120.889,3.5,2.1,4.6,0,7.2
194,autumn,medium,medium,8.2,9.7,94.405,2.512,239,61.556,91.111,28.4,2.6,0,0,7
195,winter,large,medium,8.1,11.1,9.055,2.586,40,60,215.5,3.1,2,0,0,0
196,summer,small,high,7.5,11.1,41.5,1.208,21.571,276.85001,79.75,19.4,12,1.9,0,2.9
197,summer,large,medium,7.8,10.6,14.32,3.833,170.909,48.667,320.39999,4.667,7,1.9,10.3,1
198,summer,large,medium,7.09,8.4,139.989,2.68,109,4,140.22,2.3,0,2.1,0,0
199,autumn,large,medium,7.83,10.5,8.69,1.651,49,238.2,771.59998,5.609,12.5,1,0,0
200,autumn,large,high,7.78,11.1,54.143,2.8,10,64,624.73297,0.5,14.7,0,11.1,5.8
3)
winter     medium     medium     8.00000     3.20000     41.16300     3.67800     578.00000     62.62500     122.00000     20.87000     32.10000     3.40000     1.40000     0.00000     6.50000     8.30000     1.40000
autumn     medium     medium     7.80000     9.90000     29.20000     4.93000     153.00000     77.33300     45.00000     1.00000     0.00000     1.20000     4.10000     0.00000     0.00000     0.00000     0.00000
autumn     medium     medium     7.60000     8.20000     40.02000     3.73400     103.33300     19.72700     388.16699     XXXXXXX     0.00000     0.00000     1.70000     4.10000     20.00000     0.00000     14.40000
summer     small     medium     8.30000     7.80000     30.52300     0.38100     98.18200     61.18200     138.70000     3.20000     2.40000     0.00000     1.90000     0.00000     0.00000     0.00000     3.90000
winter     small     high     8.00000     9.00000     XXXXXXX     1.42000     124.00000     1.00000     22.90000     0.30000     0.00000     6.70000     1.50000     0.00000     0.00000     0.00000     0.00000
summer     medium     medium     7.19000     6.30000     94.00000     4.03000     58.50000     13.00000     75.20700     0.50000     52.20000     72.60000     0.00000     4.00000     1.70000     12.60000     0.00000
summer     small     medium     9.10000     10.30000     66.30000     0.30800     235.00000     111.25000     249.25000     22.50000     12.60000     0.00000     11.80000     3.90000     5.80000     0.00000     0.00000
summer     small     medium     8.20000     10.60000     43.97000     4.99000     8.00000     1.25000     82.44400     6.90000     7.20000     7.60000     3.90000     2.20000     15.30000     0.00000     0.00000
spring     small     medium     8.30000     10.70000     XXXXXXX     1.32000     122.85000     26.00000     97.58000     10.00000     50.60000     11.20000     10.20000     2.20000     5.50000     0.00000     2.10000
I love this class
autumn     large     medium     8.40000     9.80000     39.00000     1.28700     308.75000     12.75000     40.66700     0.80000     14.70000     0.00000     0.00000     1.70000     2.90000     0.00000     0.00000
winter     medium     medium     7.70000     10.50000     12.53600     1.00300     758.75000     XXXXXXX     197.14301     22.90000     17.10000     7.50000     1.70000     2.40000     22.50000     1.50000     0.00000
winter     small     low     7.74000     6.00000     56.71700     3.31000     10.00000     27.00000     71.00000     17.20000     1.40000     0.00000     10.80000     7.80000     34.30000     0.00000     6.00000
summer     medium     high     7.72000     11.90000     77.36400     8.75900     505.00000     57.60000     17.00000     50.22500     13.00000     0.00000     19.60000     1.00000     0.00000     6.20000     1.20000
summer     medium     high     7.90000     9.60000     65.33300     3.77300     217.75000     13.00000     57.83300     2.00000     14.40000     4.10000     5.40000     2.10000     3.60000     16.60000     1.90000
autumn     small     high     7.70000     13.10000     65.75000     3.07000     1386.25000     97.33300     98.25000     30.40000     24.30000     4.60000     1.20000     5.00000     2.50000     0.00000     0.00000
spring     medium     medium     7.30000     6.30000     7.00000     6.22500     236.00000     18.66700     50.00000     3.00000     0.00000     0.00000     0.00000     0.00000     9.90000     6.80000     0.00000
winter     medium     high     8.50000     10.40000     32.54000     45.65000     120.00000     18.25000     76.33300     0.80000     46.20000     0.00000     3.10000     1.90000     7.70000     29.50000     0.00000
summer     medium     high     6.80000     6.80000     60.80000     3.77800     60.11000     19.11100     14.00000     15.30000     2.40000     0.00000     25.90000     4.30000     1.20000     0.00000     1.00000
spring     small     high     8.40000     10.70000     5.00000     0.73000     245.00000     3.80000     194.10001     18.37000     2.20000     6.40000     22.90000     0.00000     20.80000     0.00000     1.40000
autumn     medium     medium     8.00000     11.70000     13.00000     6.04500     3466.65991     28.62500     213.00000     3.30000     0.00000     1.70000     2.00000     1.10000     10.60000     0.00000     3.20000
autumn     medium     high     7.30000     7.90000     22.45500     4.94000     120.00000     15.60000     391.75000     0.50000     3.10000     19.60000     0.00000     2.30000     4.00000     0.00000     0.00000
winter     small     high     8.70000     7.10000     29.50000     3.24500     225.00000     125.66700     361.00000     XXXXXXX     23.20000     5.50000     18.90000     0.00000     9.20000     0.00000     4.30000
summer     small     high     7.00000     9.40000     50.00000     1.71500     92.00000     53.62500     87.12500     1.70000     0.00000     0.00000     1.00000     3.70000     15.90000     0.00000     0.00000
winter     small     medium     7.29000     10.20000     22.35000     5.13000     11.11100     41.50000     15.00000     1.40000     39.70000     0.00000     1.40000     0.00000     1.20000     0.00000     0.00000
summer     medium     medium     8.21000     10.30000     87.00000     2.32300     165.00000     26.62500     84.46000     3.00000     4.10000     0.00000     13.50000     2.20000     5.90000     10.10000     3.40000
winter     large     low     8.16000     8.40000     11.86700     1.87500     10.00000     151.33299     127.22200     17.49100     32.50000     2.10000     1.40000     2.90000     19.00000     0.00000     0.00000
summer     small     low     8.00000     10.10000     77.00000     10.41600     255.00000     9.00000     XXXXXXX     75.00000     30.30000     0.00000     1.00000     0.00000     2.70000     1.20000     0.00000
spring     large     high     8.30000     7.70000     187.18300     3.41400     20.00000     34.50000     121.00000     0.80000     1.40000     15.90000     0.00000     0.00000     0.00000     0.00000     3.90000
autumn     medium     medium     7.90000     11.80000     XXXXXXX     8.54300     35.00000     12.00000     279.06601     4.30000     0.00000     0.00000     3.30000     0.00000     0.00000     0.00000     3.60000
winter     medium     medium     8.40000     9.30000     4.54500     2.16300     60.00000     19.11100     50.45500     5.62000     0.00000     0.00000     0.00000     0.00000     7.50000     5.50000     7.80000
winter     small     high     8.00000     3.60000     26.00000     3.78000     60.00000     102.33300     137.77800     92.66700     18.90000     1.60000     1.90000     0.00000     0.00000     6.80000     1.70000
summer     small     high     9.00000     9.50000     17.75000     3.02000     124.16700     51.75000     102.57100     21.22000     7.00000     1.00000     1.90000     0.00000     0.00000     0.00000     2.70000
winter     small     medium     7.80000     9.90000     53.00000     2.22000     92.37500     37.37500     253.25000     3.60000     15.50000     9.10000     0.00000     6.80000     6.60000     0.00000     0.00000
winter     small     high     8.00000     6.50000     48.42900     4.18800     32.50000     39.00000     175.04601     5.45000     5.30000     13.20000     5.50000     0.00000     0.00000     31.80000     1.70000
autumn     small     low     8.70000     11.80000     54.19000     2.31600     27.50000     14.66700     44.13600     13.00000     18.30000     0.00000     0.00000     0.00000     11.30000     0.00000     0.00000
autumn     large     high     7.90000     8.70000     1.17000     6.09600     244.60001     1.62500     269.66699     11.84000     0.00000     0.00000     5.60000     0.00000     17.80000     6.70000     0.00000
summer     small     medium     8.05000     4.30000     49.62500     7.16000     137.27299     191.75000     6.66700     0.50000     6.50000     3.90000     0.00000     0.00000     0.00000     0.00000     0.00000
spring     small     medium     8.50000     8.60000     36.24800     1.37400     65.55600     10.66700     147.83299     6.20900     0.00000     0.00000     0.00000     0.00000     0.00000     0.00000     0.00000
winter     small     high     7.90000     10.50000     41.25000     1.39000     98.33300     12.75000     236.00000     4.50000     7.80000     16.20000     0.00000     2.20000     44.40000     0.00000     1.20000
autumn     medium     high     8.00000     11.20000     42.63600     6.18800     102.75000     16.83300     69.93000     5.20000     0.00000     1.00000     5.00000     0.00000     0.00000     0.00000     0.00000
spring     large     low     7.60000     7.10000     85.98200     0.92300     12.72700     144.66701     111.37500     2.10000     0.00000     21.70000     3.30000     0.00000     10.20000     0.00000     1.20000
summer     medium     high     8.30000     8.30000     50.00000     1.53400     76.00000     44.00000     124.20000     1.40000     12.70000     40.90000     10.60000     0.00000     12.40000     32.90000     0.00000
spring     medium     high     8.66000     8.80000     391.50000     7.83000     110.00000     4.25000     326.85699     XXXXXXX     1.20000     3.10000     1.00000     0.00000     0.00000     8.70000     0.00000
spring     medium     high     7.30000     6.50000     XXXXXXX     1.73200     42.00000     7.30000     188.66701     8.15500     0.00000     28.20000     0.00000     0.00000     4.80000     17.10000     4.10000
spring     medium     high     7.70000     12.50000     17.37500     0.53600     54.75000     20.00000     187.05701     2.00000     29.50000     0.00000     0.00000     3.20000     0.00000     0.00000     0.00000
summer     small     medium     8.00000     9.60000     47.22900     0.37600     5.00000     16.00000     292.62500     0.80000     3.30000     0.00000     1.20000     0.00000     11.70000     0.00000     2.40000
autumn     small     high     8.30000     9.90000     69.75000     1.28800     72.60000     5.00000     219.90900     2.00000     51.80000     0.00000     0.00000     0.00000     0.00000     1.60000     1.90000
spring     small     high     7.60000     6.70000     15.00000     4.55500     206.53799     27.00000     6.00000     22.50000     9.20000     0.00000     6.60000     1.20000     0.00000     0.00000     0.00000
summer     medium     medium     8.20000     11.21000     10.97500     0.88600     224.28600     22.44400     558.75000     12.10000     3.40000     12.70000     0.00000     11.00000     1.20000     15.80000     0.00000
spring     large     high     7.60000     8.10000     63.51000     1.22300     192.50000     104.72700     211.66701     18.30000     4.40000     1.50000     0.00000     6.60000     1.40000     1.20000     0.00000
summer     medium     high     7.90000     7.90000     3.86000     1.87300     3515.00000     58.87500     275.14301     3.70000     24.00000     12.70000     1.70000     2.20000     0.00000     0.00000     0.00000
winter     large     high     7.84000     10.10000     82.85200     2.44300     28.33300     7.75000     34.00000     6.80000     52.40000     5.00000     9.90000     0.00000     15.00000     3.10000     1.60000
spring     small     medium     7.20000     9.80000     194.75000     0.91000     18.33300     4.00000     138.50000     0.80000     2.20000     0.00000     3.20000     0.00000     2.70000     0.00000     0.00000
winter     large     high     8.84000     9.20000     11.00000     2.30200     131.66701     9.00000     6.50000     41.00000     1.60000     0.00000     1.00000     2.20000     0.00000     0.00000     0.00000
spring     small     medium     5.60000     11.50000     82.11100     3.14000     914.00000     39.00000     26.00000     1.10000     50.40000     2.10000     6.80000     0.00000     0.00000     0.00000     0.00000
autumn     medium     low     8.40000     10.10000     XXXXXXX     1.32000     102.50000     70.00000     4.00000     4.50000     46.90000     12.70000     4.10000     0.00000     0.00000     0.00000     0.00000
winter     small     high     7.50000     1.50000     57.84800     4.86000     5738.33008     104.50000     6.00000     9.00000     0.00000     5.40000     0.00000     1.00000     7.30000     0.00000     0.00000
spring     medium     high     9.70000     8.50000     7.83800     3.90800     62.50000     2.00000     102.33300     2.80000     1.40000     1.90000     24.80000     0.00000     0.00000     0.00000     0.00000
summer     large     medium     8.27000     5.70000     XXXXXXX     0.77000     10.00000     1.00000     313.60001     12.32000     47.10000     12.00000     0.00000     0.00000     0.00000     7.90000     0.00000
spring     large     medium     8.30000     10.00000     9.00000     5.97000     46.50000     264.89999     56.66700     4.50000     0.00000     0.00000     0.00000     2.50000     4.00000     0.00000     0.00000
spring     small     medium     7.50000     10.20000     69.00000     1.58800     155.00000     XXXXXXX     72.69600     XXXXXXX     55.50000     0.00000     4.90000     2.40000     0.00000     0.00000     3.20000
summer     small     medium     7.45000     4.90000     131.39999     0.23000     34.33300     26.60000     61.44400     0.50000     10.30000     1.00000     2.40000     1.40000     0.00000     0.00000     0.00000
winter     small     high     7.57000     8.20000     8.00000     4.82000     14.75000     2.00000     52.87500     18.33000     20.30000     4.30000     0.00000     1.00000     18.70000     2.40000     1.40000
autumn     small     low     7.80000     8.20000     13.50000     1.47400     105.55600     33.80000     6.00000     2.90000     15.80000     0.00000     4.20000     44.60000     6.10000     0.00000     2.70000
winter     small     low     7.44000     10.80000     3.13600     0.86600     271.25000     34.63600     152.33299     1.00000     35.50000     0.00000     1.70000     0.00000     34.20000     0.00000     1.40000
spring     medium     low     7.40000     8.10000     3.27500     1.44300     112.85700     44.66700     3.00000     6.42900     2.40000     41.00000     42.80000     4.60000     0.00000     0.00000     0.00000
spring     small     high     8.70000     8.30000     32.05600     0.92100     10.00000     75.87500     173.75000     5.23300     1.90000     16.40000     3.00000     0.00000     7.50000     0.00000     0.00000
spring     medium     high     8.20000     3.20000     125.60000     2.94200     486.50000     54.10000     304.00000     XXXXXXX     2.50000     0.00000     0.00000     7.60000     0.00000     8.50000     1.90000
winter     medium     high     9.10000     10.70000     39.10900     3.68500     18.00000     412.33301     46.43800     81.54000     1.70000     0.00000     0.00000     1.20000     0.00000     0.00000     1.90000
spring     medium     low     9.50000     10.70000     11.08800     0.64200     33.63600     221.89999     77.43400     34.75000     0.00000     2.10000     1.00000     0.00000     9.00000     7.00000     3.30000
spring     medium     low     7.62000     10.50000     12.77800     0.66300     176.66701     7.40000     142.00000     6.40000     3.60000     10.40000     0.00000     0.00000     13.30000     10.60000     1.40000
summer     large     medium     XXXXXXX     12.90000     8.30000     2.60300     6400.00000     55.00000     127.00000     5.11100     5.90000     0.00000     0.00000     0.00000     1.00000     21.40000     4.20000
autumn     large     medium     7.55000     8.50000     10.07800     3.61700     137.00000     136.75000     20.81200     21.00000     75.80000     0.00000     0.00000     0.00000     11.50000     5.10000     2.90000
winter     medium     medium     7.77000     10.40000     129.37500     0.86000     17.77800     50.88900     235.66701     3.00000     12.30000     53.60000     3.70000     0.00000     8.60000     0.00000     0.00000
summer     medium     high     8.15000     9.80000     173.75000     5.16400     124.36400     24.66700     39.00000     4.00000     2.20000     0.00000     0.00000     1.00000     4.10000     17.00000     1.40000
autumn     medium     medium     9.06000     12.00000     6.16700     5.09900     370.00000     10.58300     58.37400     54.36700     58.70000     3.80000     0.00000     1.80000     6.40000     33.20000     1.00000
winter     large     low     8.50000     5.90000     10.93600     0.73500     83.75000     36.00000     7.20000     2.00000     0.00000     13.70000     0.00000     0.00000     0.00000     2.70000     6.60000
winter     small     medium     8.07000     11.70000     21.95000     3.14000     32.50000     51.11100     11.80000     3.00000     18.00000     5.80000     14.60000     11.30000     0.00000     0.00000     0.00000
autumn     medium     high     7.83000     8.90000     19.22000     0.46100     161.81799     3.33300     23.48500     2.80000     19.00000     21.60000     9.00000     0.00000     9.20000     0.00000     0.00000
autumn     large     medium     7.80000     13.40000     5.27300     3.44400     1168.00000     180.66701     284.00000     5.54400     12.20000     0.00000     2.50000     4.60000     3.40000     77.60000     0.00000
spring     medium     high     7.70000     5.40000     28.33300     0.82500     10.50000     53.00000     56.09100     4.30000     4.10000     8.00000     2.70000     4.90000     3.10000     8.20000     0.00000
winter     large     medium     8.22000     10.80000     5.32600     5.41400     25.83300     181.00000     85.00000     53.10000     56.80000     31.90000     21.90000     4.40000     1.70000     0.00000     0.00000
winter     small     low     7.40000     11.17000     40.16700     1.05100     10.00000     27.50000     205.87500     7.90000     16.60000     4.10000     0.00000     0.00000     0.00000     0.00000     31.20000
summer     large     high     6.60000     9.40000     16.00000     4.40800     737.50000     173.00000     140.51700     20.57800     48.30000     28.00000     1.50000     1.20000     1.90000     22.90000     25.60000
winter     small     medium     7.60000     4.90000     31.09100     3.31600     81.00000     137.60001     35.20000     0.80000     23.70000     13.20000     0.00000     0.00000     16.20000     0.00000     22.10000
summer     medium     high     7.40000     7.30000     64.09300     1.17200     46.20000     67.50000     169.00101     16.00000     2.80000     0.00000     0.00000     0.00000     0.00000     0.00000     16.70000
winter     large     medium     7.80000     9.00000     48.66700     6.20000     16.20000     45.90000     19.00000     3.30000     4.00000     0.00000     4.00000     0.00000     1.90000     0.00000     18.60000
winter     medium     medium     8.40000     9.70000     61.05000     2.67000     20.00000     48.00000     296.00000     XXXXXXX     64.30000     0.00000     0.00000     0.00000     2.20000     4.50000     0.00000
winter     medium     low     7.79000     9.80000     79.07700     2.10200     49.50000     71.00000     60.00000     3.00000     86.60000     1.70000     2.10000     7.70000     8.60000     1.40000     0.00000
spring     small     medium     8.40000     12.10000     35.75000     1.33500     101.25000     75.00000     317.00000     31.73800     14.40000     25.40000     0.00000     0.00000     0.00000     0.00000     1.20000
winter     medium     high     8.80000     4.50000     23.82500     5.09900     1495.00000     59.42900     86.99700     2.00000     33.90000     14.60000     1.60000     0.00000     0.00000     42.10000     0.00000
spring     large     high     8.00000     10.77000     15.54100     0.67200     51.11100     60.83300     351.60001     72.47800     15.10000     5.60000     0.00000     0.00000     8.20000     5.90000     0.00000
autumn     large     medium     8.10000     11.10000     12.00000     1.51000     2082.85010     61.25000     75.33300     XXXXXXX     1.20000     3.10000     0.00000     1.60000     0.00000     17.00000     0.00000
winter     large     medium     7.60000     11.80000     3.00000     0.73500     931.83301     21.08300     21.30000     0.60000     0.00000     0.00000     0.00000     0.00000     3.10000     0.00000     1.90000
winter     medium     medium     8.10000     6.00000     5.88900     2.31000     43.75000     23.00000     141.83299     20.82900     18.10000     32.80000     0.00000     0.00000     0.00000     1.40000     4.90000
winter     small     high     8.00000     11.70000     57.75000     6.23800     1131.66003     78.33300     186.50000     1.00000     64.20000     6.00000     0.00000     2.00000     22.10000     12.40000     0.00000
winter     medium     medium     8.90000     9.70000     2.20000     3.97600     133.63600     87.33300     262.72699     8.10000     0.00000     0.00000     0.00000     3.40000     20.80000     12.70000     1.00000
winter     medium     high     6.60000     4.80000     100.83000     1.44800     37.77800     22.20000     27.50000     2.00000     82.70000     0.00000     2.90000     1.70000     1.00000     0.00000     0.00000
spring     small     low     8.30000     5.50000     44.00000     4.45900     52.20000     38.75000     3.00000     0.40000     4.40000     3.40000     0.00000     0.00000     0.00000     0.00000     1.00000
spring     medium     high     7.61000     10.50000     63.62500     1.53500     228.75000     23.00000     239.00000     98.81700     3.30000     21.10000     0.00000     3.50000     0.00000     5.90000     2.20000
spring     large     medium     7.80000     7.40000     1.54900     9.08000     345.45499     102.36400     154.12500     1.10000     2.80000     38.50000     0.00000     0.00000     0.00000     0.00000     1.40000
spring     medium     medium     8.70000     10.60000     51.11300     1.71800     371.11099     84.30000     146.45200     0.80000     0.00000     0.00000     7.50000     3.70000     0.00000     4.50000     0.00000
spring     large     medium     9.10000     6.00000     34.50000     1.67000     1911.00000     2.50000     276.00000     23.80000     3.80000     15.20000     0.00000     2.60000     3.20000     22.30000     1.00000
winter     small     high     7.70000     10.70000     35.66000     3.33000     227.60001     32.50000     246.66701     2.70000     1.90000     0.00000     1.20000     0.00000     11.50000     3.60000     2.50000
summer     small     medium     8.70000     11.70000     7.00000     9.77300     82.10000     12.75000     56.66700     15.60000     0.00000     16.00000     2.20000     0.00000     0.00000     0.00000     3.30000
autumn     small     high     8.10000     11.10000     73.25000     1.47000     34.00000     16.00000     143.75000     65.70000     0.00000     0.00000     0.00000     0.00000     1.00000     0.00000     0.00000
autumn     medium     medium     8.30000     11.60000     22.32000     1.72600     205.66701     85.50000     233.50000     3.00000     0.00000     0.00000     17.60000     0.00000     6.40000     2.60000     0.00000
winter     small     high     7.40000     11.70000     23.25000     XXXXXXX     723.66699     182.42000     11.50000     5.50000     3.40000     1.00000     2.00000     12.70000     1.20000     20.40000     0.00000
winter     small     high     7.40000     10.50000     2.11100     2.55000     56.36400     58.22200     88.50000     24.55600     3.60000     5.20000     0.00000     0.00000     9.50000     0.00000     0.00000
spring     medium     medium     8.10000     11.40000     45.27300     4.05300     37.50000     105.00000     17.33300     3.20000     12.50000     1.50000     8.00000     4.00000     5.50000     0.00000     1.00000
spring     large     high     7.90000     10.00000     44.20500     4.90800     66.66700     10.00000     303.33301     7.30000     4.10000     0.00000     0.00000     1.00000     0.00000     17.80000     1.60000
summer     medium     high     8.87000     10.30000     20.62500     XXXXXXX     380.00000     51.12500     16.66200     26.80000     2.00000     0.00000     4.70000     28.80000     0.00000     4.60000     7.10000
summer     medium     medium     8.50000     9.00000     4.32600     3.20000     90.00000     37.85700     285.71399     93.68300     4.20000     19.60000     2.90000     6.90000     0.00000     17.70000     0.00000
spring     medium     medium     6.50000     4.40000     6.30000     3.90000     38.11100     234.50000     11.00000     3.00000     89.80000     14.50000     0.00000     0.00000     1.20000     0.00000     1.50000
autumn     large     high     7.92500     9.40000     47.00000     0.40600     27.06900     1.00000     167.89999     50.00000     31.10000     12.40000     0.00000     6.20000     0.00000     0.00000     0.00000
summer     medium     medium     8.60000     11.62000     12.14600     2.81800     196.00000     49.00000     232.83299     4.90000     28.10000     7.00000     1.20000     0.00000     5.70000     7.10000     2.00000
spring     medium     low     8.06000     7.70000     74.66700     3.92300     8777.59961     3.54500     6.75000     3.20000     0.00000     21.50000     0.00000     0.00000     1.20000     0.00000     1.40000
autumn     medium     medium     8.30000     6.20000     XXXXXXX     5.69400     96.66700     16.80000     11.81800     2.10000     11.30000     4.00000     3.50000     0.00000     5.40000     13.20000     2.70000
winter     medium     low     8.00000     6.60000     11.81800     4.69800     208.33299     2.50000     607.16699     68.05000     0.00000     9.70000     0.00000     0.00000     0.00000     0.00000     2.40000
winter     medium     low     7.50000     6.00000     XXXXXXX     1.57200     215.55600     1.00000     200.23100     11.60000     1.40000     18.40000     0.00000     0.00000     0.00000     0.00000     2.30000
spring     medium     low     8.10000     10.70000     46.16700     5.07800     123.33300     166.72701     177.62500     31.00000     1.20000     20.10000     6.30000     0.00000     7.70000     0.00000     5.20000
spring     small     medium     6.60000     12.10000     9.00000     6.64000     233.70000     1.00000     222.28600     XXXXXXX     1.90000     0.00000     7.00000     1.90000     0.00000     1.40000     0.00000
winter     small     low     5.70000     XXXXXXX     29.77500     3.76500     65.45500     246.00000     85.40000     10.50000     1.20000     0.00000     8.80000     0.00000     0.00000     0.00000     0.00000
winter     medium     high     8.30000     6.90000     49.90000     0.94100     84.66700     132.50000     111.75000     5.20000     31.80000     0.00000     1.20000     5.30000     8.90000     16.70000     2.20000
winter     small     medium     8.40000     9.20000     0.80000     4.17000     39.00000     151.12500     10.75000     13.20000     24.80000     9.60000     0.00000     0.00000     11.30000     0.00000     0.00000
winter     medium     medium     7.35000     11.70000     43.09000     0.99600     172.50000     175.66701     46.60000     28.56700     81.90000     1.90000     0.00000     0.00000     1.20000     5.50000     6.10000
winter     small     high     8.60000     10.60000     20.08300     5.33000     10.00000     32.00000     6.00000     14.70000     15.10000     4.60000     1.00000     3.50000     0.00000     13.10000     0.00000
spring     medium     high     8.15000     7.60000     71.44400     0.33000     96.66700     41.30000     104.00000     13.10000     46.60000     1.90000     1.70000     0.00000     0.00000     5.10000     0.00000
winter     medium     high     7.50000     11.60000     2.75000     1.58700     89.60000     1.33300     75.90400     1.30000     46.80000     16.00000     8.80000     8.30000     1.20000     0.00000     1.90000
summer     medium     medium     7.60000     8.10000     26.00000     0.26700     28.00000     4.00000     130.75000     88.25500     16.50000     0.00000     0.00000     0.00000     3.90000     9.90000     0.00000
autumn     medium     high     9.00000     1.80000     70.00000     0.23000     101.66700     6.00000     183.66701     2.50000     29.70000     0.00000     1.60000     0.00000     2.70000     5.40000     2.20000
winter     small     medium     7.80000     11.30000     1.45000     2.27300     25.00000     54.00000     221.27800     2.33800     0.00000     0.00000     7.30000     0.00000     0.00000     9.60000     0.00000
autumn     large     medium     7.90000     9.50000     26.76000     4.82500     128.57100     82.22200     47.00000     0.30000     0.00000     0.00000     0.00000     0.00000     3.90000     0.00000     2.40000
winter     small     high     7.80000     9.80000     7.00000     3.73000     160.00000     1.80000     170.00000     2.50000     54.00000     20.60000     2.10000     0.00000     2.60000     0.00000     0.00000
spring     medium     medium     8.10000     9.20000     27.23300     4.53500     101.00000     3.00000     58.62300     7.30000     54.40000     0.00000     2.00000     0.00000     0.00000     18.20000     1.20000
winter     large     high     8.70000     11.00000     12.18200     0.65800     24064.00000     197.83299     49.33300     21.90000     1.40000     0.00000     1.20000     3.70000     5.60000     0.00000     1.40000
summer     medium     low     8.60000     10.80000     5.83000     0.82600     153.75000     159.50000     115.00000     110.45600     14.60000     0.00000     0.00000     0.00000     17.90000     0.00000     5.50000
summer     small     low     8.20000     9.60000     31.00000     0.67300     40.00000     6.50000     98.14300     2.00000     2.90000     4.90000     4.80000     0.00000     0.00000     0.00000     0.00000
autumn     medium     high     7.91000     11.80000     10.55600     0.90000     2167.37012     37.00000     18.00000     5.80000     1.70000     5.90000     0.00000     1.30000     0.00000     0.00000     0.00000
winter     small     medium     8.00000     6.20000     10.40000     2.82200     54.77800     261.60001     14.35400     11.10000     6.70000     17.10000     1.40000     0.00000     3.50000     0.00000     1.00000
spring     large     medium     7.40000     10.70000     43.00000     6.51300     215.71400     3.00000     123.33300     1.00000     16.80000     1.20000     3.30000     0.00000     1.10000     4.70000     1.50000
winter     large     low     8.58000     8.90000     32.30000     2.64000     643.00000     12.88900     14.00000     0.30000     42.50000     1.40000     10.10000     0.00000     8.10000     1.00000     0.00000
spring     small     high     8.43000     10.90000     0.22200     1.51900     22.50000     346.16699     201.77800     0.60000     18.10000     1.40000     0.00000     11.50000     9.00000     1.80000     1.10000
spring     medium     low     8.47000     10.00000     55.35000     3.02000     196.66701     3.22200     116.20000     11.70000     0.00000     0.00000     1.00000     13.40000     35.60000     0.00000     31.60000
winter     large     low     8.40000     11.40000     3.50000     6.54000     430.00000     2.00000     84.00000     2.00000     10.80000     0.00000     0.00000     5.70000     0.00000     0.00000     0.00000
winter     small     low     8.30000     10.20000     38.90200     0.05000     4073.33008     46.66700     XXXXXXX     6.80000     10.30000     21.70000     3.00000     0.00000     0.00000     0.00000     6.10000
spring     medium     high     8.10000     6.20000     40.22600     3.82900     10.00000     16.00000     105.72700     1.30000     32.80000     0.00000     7.80000     0.00000     2.40000     64.60000     0.00000
summer     medium     high     8.50000     9.00000     XXXXXXX     2.23100     346.66699     48.62500     252.50000     20.80000     0.00000     28.00000     1.00000     4.80000     5.00000     7.50000     0.00000
autumn     medium     high     9.10000     11.10000     32.92000     0.44500     91.83300     27.66700     61.60000     6.16700     12.30000     5.60000     21.70000     0.00000     6.10000     0.00000     0.00000
summer     small     medium     7.40000     11.00000     38.12500     0.13000     XXXXXXX     9.66700     18.29300     22.70000     0.00000     8.70000     7.50000     0.00000     8.00000     2.00000     12.50000
winter     small     high     7.80000     11.30000     7.61300     0.63000     429.20001     102.00000     116.20000     46.07500     2.50000     0.00000     0.00000     1.20000     0.00000     32.10000     2.20000
winter     small     medium     8.40000     7.10000     95.36700     3.72600     175.00000     20.00000     13.60000     27.61800     0.00000     2.70000     0.00000     0.00000     0.00000     1.50000     1.70000
spring     medium     high     7.14000     3.30000     127.83300     1.52700     1990.16003     24.00000     228.36400     1.20000     5.70000     0.00000     3.70000     0.00000     4.90000     0.00000     0.00000
autumn     small     medium     8.00000     10.53000     53.33300     5.44200     1081.66003     12.00000     255.28000     0.20000     7.60000     36.60000     2.50000     0.00000     8.70000     1.90000     2.10000
spring     large     medium     8.60000     8.80000     88.00000     3.23500     246.36400     66.40000     1.00000     30.00000     24.80000     0.00000     0.00000     1.70000     0.00000     0.00000     0.00000
summer     large     high     8.30000     11.80000     34.03700     1.92100     XXXXXXX     8.69200     66.75000     2.15000     9.20000     21.50000     16.00000     5.00000     0.00000     0.00000     0.00000
spring     small     high     8.50000     5.30000     12.44400     0.10200     51.42900     205.63600     277.33301     1.50000     8.70000     38.80000     2.60000     2.60000     9.40000     0.00000     15.10000
winter     small     low     7.30000     12.50000     11.00000     1.65500     197.90900     20.66700     40.00000     17.20000     0.00000     3.90000     0.00000     0.00000     2.50000     0.00000     0.00000
spring     medium     low     7.20000     3.60000     82.85700     1.87000     27.28600     47.50000     244.00000     6.50000     1.50000     26.50000     23.20000     4.60000     0.00000     0.00000     2.40000
autumn     small     medium     8.60000     10.29000     63.29200     2.95400     10.00000     236.39999     186.00000     20.60000     2.10000     4.60000     0.00000     0.00000     6.70000     0.00000     0.00000
autumn     large     high     8.70000     10.20000     130.67000     8.98400     32.72700     30.75000     214.00000     1.10000     1.60000     2.90000     2.00000     1.00000     0.00000     0.00000     10.20000
summer     small     low     8.80000     3.40000     4.08300     1.72000     103.33300     144.00000     108.00000     5.55500     6.90000     0.00000     13.60000     0.00000     0.00000     0.00000     30.10000
spring     small     medium     7.90000     6.10000     53.00000     3.31800     421.66699     8.60000     132.54601     32.00000     1.20000     5.40000     2.30000     0.00000     0.00000     0.00000     0.00000
summer     small     high     7.75000     9.40000     10.50000     1.20300     461.87500     187.00000     13.20000     0.90000     8.80000     1.70000     10.30000     1.40000     0.00000     0.00000     6.00000
summer     medium     high     8.10000     XXXXXXX     10.20700     1.32800     88.18200     196.62000     43.50000     3.80000     1.10000     11.30000     20.20000     0.00000     14.90000     42.70000     0.00000
autumn     medium     low     8.30000     10.80000     53.10200     2.80500     1729.00000     428.75000     232.89999     3.60000     17.00000     8.90000     5.00000     6.80000     0.00000     0.00000     0.00000
spring     small     medium     6.40000     10.50000     27.40000     4.66500     134.00000     467.50000     254.60001     4.30000     41.00000     0.00000     2.50000     0.00000     1.20000     4.10000     0.00000
autumn     large     low     8.20000     8.00000     151.83299     7.19500     130.00000     282.16699     72.90000     3.90000     1.50000     0.00000     1.80000     3.40000     4.10000     4.70000     0.00000
summer     medium     high     8.06000     7.00000     22.28600     1.41500     627.27301     10.80000     19.00000     9.38400     25.50000     8.60000     25.30000     0.00000     0.00000     52.50000     0.00000
winter     large     medium     8.24000     10.68000     64.00000     3.56100     20.00000     120.50000     272.22198     XXXXXXX     64.90000     15.70000     1.40000     0.00000     7.40000     17.20000     0.00000
autumn     medium     high     8.70000     8.80000     9.00000     0.70100     32.00000     7.66700     23.00000     9.88200     3.30000     12.00000     0.00000     2.70000     0.00000     6.90000     0.00000
summer     medium     medium     8.20000     11.30000     104.81800     0.75800     13.50000     109.00000     10.11100     XXXXXXX     0.00000     11.60000     2.10000     1.70000     2.40000     42.40000     1.60000
summer     large     high     8.00000     10.80000     101.87500     3.97800     31.33300     64.38900     101.45500     25.00000     39.70000     8.00000     0.00000     1.20000     0.00000     2.20000     1.70000
summer     medium     low     7.80000     10.90000     208.36400     5.41000     96.83300     55.00000     7.00000     14.77500     16.80000     7.40000     1.10000     0.00000     0.00000     49.40000     0.00000
winter     medium     high     8.50000     6.35000     16.00000     2.89900     15.00000     159.16701     2.50000     1.30000     69.90000     4.70000     0.00000     1.20000     5.50000     8.30000     0.00000
autumn     medium     medium     8.35000     10.80000     59.06700     5.13200     146.66701     35.33300     171.27200     0.80000     19.40000     22.00000     12.90000     0.00000     0.00000     0.00000     0.00000
spring     medium     high     8.10000     11.00000     2.93300     1.01300     12.50000     25.16700     344.60001     1.10000     3.70000     4.30000     0.00000     2.40000     1.90000     0.00000     2.90000
spring     large     high     6.60000     9.80000     58.33100     8.68800     43.75000     38.62500     20.75000     5.08300     18.20000     1.70000     9.40000     2.00000     1.40000     15.70000     0.00000
autumn     large     high     8.10000     11.30000     47.77800     2.30400     920.00000     36.90900     287.00000     27.50000     43.70000     10.50000     1.20000     4.30000     1.40000     1.20000     2.40000
spring     small     medium     8.50000     9.80000     37.60000     4.87000     15.00000     564.59998     6.20000     15.00000     13.60000     3.80000     19.50000     0.00000     0.00000     0.00000     6.80000
autumn     large     medium     7.90000     8.40000     7.25000     9.71500     76.66700     100.00000     7.65400     40.00000     43.50000     5.00000     3.90000     0.00000     8.60000     0.00000     2.70000
autumn     medium     high     8.53000     5.30000     39.00000     5.45600     5.80000     143.71001     432.90900     2.86000     17.30000     0.00000     3.40000     1.40000     0.00000     3.30000     0.00000
autumn     small     medium     8.25000     11.50000     53.42500     0.84600     132.25000     45.00000     125.80000     0.50000     0.00000     2.90000     2.60000     0.00000     19.70000     0.00000     0.00000
summer     small     low     8.10000     9.50000     57.75000     0.69900     142.00000     267.75000     586.00000     7.60000     0.00000     0.00000     19.70000     0.00000     2.10000     1.60000     3.20000
winter     small     high     8.30000     12.60000     81.33300     9.24800     647.57001     16.00000     89.62500     0.30000     1.70000     0.00000     0.00000     5.00000     1.40000     6.40000     9.70000
winter     small     medium     8.50000     9.90000     4.70000     2.97800     12.50000     220.75000     218.00000     24.91700     17.00000     0.00000     7.80000     3.50000     0.00000     1.50000     1.90000
summer     medium     high     8.43000     7.10000     32.40000     4.50800     125.33300     51.11100     61.50000     8.95700     0.00000     7.30000     1.00000     0.00000     27.60000     3.90000     10.80000
spring     large     high     8.55000     9.80000     136.00000     3.35100     118.57100     104.22200     265.25000     0.60000     0.00000     4.10000     2.40000     0.00000     0.00000     15.80000     0.00000
spring     medium     medium     7.90000     7.60000     XXXXXXX     1.21200     18.42900     36.30000     11.00000     13.10000     25.40000     0.00000     0.00000     0.00000     0.00000     0.00000     0.00000
winter     medium     high     8.50000     10.80000     8.00000     4.07100     103.00000     27.25000     81.55800     XXXXXXX     1.10000     0.00000     1.20000     0.00000     0.00000     11.50000     5.90000
spring     medium     high     8.10000     5.80000     30.12500     7.74000     53.84600     209.85699     54.91600     XXXXXXX     37.30000     40.70000     0.00000     0.00000     6.60000     2.60000     2.10000
summer     large     medium     8.56000     4.50000     7.33300     3.85000     122.50000     72.00000     120.88900     3.50000     2.20000     2.10000     11.50000     4.60000     11.20000     0.00000     7.20000
autumn     medium     medium     8.20000     9.70000     94.40500     2.51200     239.00000     61.55600     91.11100     28.40000     66.90000     2.60000     22.00000     0.00000     4.80000     0.00000     7.00000
winter     large     medium     8.10000     11.10000     9.05500     2.58600     40.00000     60.00000     215.50000     3.10000     39.10000     2.00000     35.10000     0.00000     0.00000     0.00000     0.00000
summer     small     high     7.50000     11.10000     41.50000     1.20800     21.57100     276.85001     79.75000     19.40000     3.40000     12.00000     0.00000     1.90000     28.80000     0.00000     2.90000
summer     large     medium     7.80000     10.60000     14.32000     3.83300     170.90900     48.66700     320.39999     4.66700     3.30000     7.00000     0.00000     1.90000     5.30000     10.30000     1.00000
summer     large     medium     7.09000     8.40000     139.98900     2.68000     109.00000     4.00000     140.22000     2.30000     74.20000     0.00000     0.00000     2.10000     0.00000     0.00000     0.00000
autumn     large     medium     7.83000     10.50000     8.69000     1.65100     49.00000     238.20000     771.59998     5.60900     1.90000     12.50000     14.00000     1.00000     2.90000     0.00000     0.00000
autumn     large     high     7.78000     11.10000     54.14300     2.80000     10.00000     64.00000     624.73297     0.50000     1.70000     14.70000     6.10000     0.00000     8.00000     11.10000     5.80000

