1)
           IBM.Open IBM.High IBM.Low IBM.Close IBM.Volume IBM.Adjusted
2010-01-04      131      133     131       132    6155300          123
2010-01-05      132      132     130       131    6841400          122
2010-01-06      131      131     130       130    5605300          121
2010-01-07      130      130     129       130    5840600          121
2010-01-08      129      131     129       131    4197200          122
2010-01-11      131      131     129       129    5730400          121
2)
           Open High Low Close  Volume Adjusted
2010-01-04  131  133 131   132 6155300      123
2010-01-05  132  132 130   131 6841400      122
2010-01-06  131  131 130   130 5605300      121
2010-01-07  130  130 129   130 5840600      121
2010-01-08  129  131 129   131 4197200      122
2010-01-11  131  131 129   129 5730400      121
3)
[1] "myATR.IBM"      "mySMI.IBM"      "myADX.IBM"      "myVolat.IBM"    "myMACD.IBM"    
[6] "myMFI.IBM"      "mySAR.IBM"      "runMean.Cl.IBM"
