1)
  season   size  speed mxPH mnO2    Cl   NO3   NH4   oPO4   PO4 Chla   a1   a2  a3  a4  a5   a6  a7
1 winter medium   high  7.9  9.4 32.54  6.24 578.0 180.67   6.0  3.0  6.7  0.0 0.0 0.0 0.0  0.0 0.0
2 spring medium    low  8.7 12.0 29.20  1.29  38.1 102.00  20.8 15.0  5.7  2.1 3.0 6.6 0.0  0.0 0.0
3 autumn medium medium  7.9 11.2 49.62 45.65 205.7 246.00  61.5   NA 14.6  0.0 0.0 0.0 0.0 22.3 2.3
4 winter  small medium  7.7  4.8  1.55  4.55  98.2   1.25  49.3  0.3  2.4  1.2 1.4 2.2 1.7  0.0 0.0
5 autumn medium medium  9.0  9.0  5.27  1.42 178.6  58.22 116.2  2.0 13.0  0.0 0.0 1.7 1.2  4.1 0.0
6 spring  large medium  8.5 11.1 47.78  2.59 103.0   2.00  81.6  0.3  1.2 11.3 9.0 0.0 0.0 12.6 0.0
2)
,season,size,speed,mxPH,mnO2,Cl,NO3,NH4,oPO4,PO4,Chla,a2,a4,a6,a7
1,winter,medium,high,7.9,9.4,32.54,6.238,578,180.66701,6,3,0,0,0,0
2,spring,medium,low,8.7,12,29.2,1.288,38.111,102,20.75,15,2.1,6.6,0,0
3,autumn,medium,medium,7.9,11.21,49.625,45.65,205.66701,246,61.5,NA,0,0,22.3,2.3
4,winter,small,medium,7.7,4.8,1.549,4.555,98.182,1.25,49.333,0.3,1.2,2.2,0,0
5,autumn,medium,medium,9,9,5.273,1.42,178.57001,58.222,116.2,2,0,1.7,4.1,0
6,spring,large,medium,8.5,11.1,47.778,2.586,103,2,81.558,0.3,11.3,0,12.6,0
7,spring,medium,medium,8.1,10.3,NA,0.9,32.5,120.5,215.5,65.7,4.1,3.5,0,6.1
8,spring,small,low,8.6,10.5,48.429,2.273,8,44.667,60,0.6,1.6,3.7,12.7,30.1
9,spring,small,high,7.19,10.2,40.226,6.64,122.85,48.667,56.667,10,5.4,2.3,0,0
10,spring,medium,medium,8.8,9.4,4.575,1.39,101.667,51.75,262.72699,22.7,5.4,0,0,3.9
11,spring,small,high,8.4,10.2,34.5,0.73,380,12.75,40.667,22.9,19.6,1.7,0,0
12,spring,small,low,8.3,8.1,208.364,2.954,60,205.636,102.571,1.2,0,44.6,2.4,1.9
13,autumn,medium,low,8.05,9.7,64,1.223,10,22.2,213,7.9,0,2.4,0,0
14,winter,small,high,9.1,8.3,77.364,6.513,32.727,3.222,20.812,21,2.1,1,4.5,0
15,summer,medium,high,8.21,11.5,51.113,1.448,46.2,45.9,91.111,2,12.7,0,0,1.4
16,winter,large,low,7.55,11.3,94.405,3.07,14.75,97.333,98.25,1.1,0,5,1.6,1.4
17,spring,large,medium,7.2,6.2,27.4,0.758,51.111,18.667,205.875,NA,1.5,0,6.8,0
18,winter,small,high,8.4,13.4,3.136,1.443,15,82.222,52.875,0.5,26.5,1.9,0,0
19,autumn,small,low,7.35,8.1,29.775,0.445,12.5,55,27.5,34.75,0,0,0,0
20,autumn,medium,medium,8.27,10.7,43.09,2.822,627.27301,4,77.434,2.5,0,2.7,0,1.4
21,spring,medium,high,7.4,10.8,100.83,4.825,3466.65991,467.5,122,16,4,6.8,11.5,31.2
22,summer,small,high,6.8,9.2,23.25,0.735,109,19.111,285.71399,4.3,6,0,0,25.6
23,autumn,large,medium,6.6,8.9,15,3.245,12.5,45,18,5.609,2,2.5,5.9,0
24,spring,small,high,7.9,10.6,50,0.267,130,34.636,87.125,1.7,20.6,3.7,0,1.7
25,summer,small,medium,7.84,NA,63.51,0.699,137,41.5,101.455,3.5,8.6,0,0,0
26,autumn,medium,high,7.9,10.3,49.9,2.978,39,20.667,432.909,13.1,0,1.7,10.1,0
27,winter,medium,medium,8.22,10.8,11.088,1.013,196,9,197.14301,5.083,0,0,0,0
28,autumn,small,medium,7.4,10.1,NA,7.16,15,9,NA,15.3,4.7,0,0,0
29,winter,small,medium,8,8.5,8.69,2.603,643,27,121,0.8,3.1,0,0,0
30,winter,large,medium,6.6,11.1,47.229,8.543,120,26,6,110.456,2.1,0,0,9.7
31,winter,medium,high,7.8,10,41.25,3.33,34,55,44.136,0.8,16,0,0,7.8
32,winter,medium,low,8.9,12.1,10.4,4.99,60,39,3,2.86,17.1,0,11.1,2.2
33,summer,small,high,7.4,9.6,34.037,0.536,239,26.625,232.83299,NA,32.8,0,42.7,1.2
34,summer,large,medium,8.15,6.35,53,1.172,10,51.111,253.25,31.738,0,0,10.3,0
35,winter,medium,medium,8.1,6.7,53.102,3.316,235,34.5,127.222,4.5,0,1,3.3,0
36,winter,small,medium,8.7,8.4,44,0.381,160,144,142,13,0,0,5.5,1
37,winter,large,medium,8.5,10.9,1.17,1.921,60.11,1.625,146.452,30,0,0,6.7,2.1
38,winter,medium,high,8.4,8.2,40.02,2.55,43.75,7.3,292.625,6.209,21.1,0,0,0
39,spring,small,low,8.7,11.7,54.143,2.64,134,196.62,235.66701,2.1,36.6,3.4,8.3,0
40,winter,medium,high,8.4,8.7,39.109,1.718,228.75,182.42,183.66701,5.5,2.7,0,0,0
41,winter,large,low,8,10.6,NA,6.096,102.75,16.833,102.333,0.8,0,6.8,0,0
42,autumn,large,high,7.78,7.1,54.19,2.22,11.111,104.5,175.04601,3.3,13.2,7.6,16.6,0
43,winter,medium,high,8.3,10.8,13.5,3.734,142,100,170,22.5,40.9,2.4,0,2.9
44,winter,small,high,8.3,11.1,30.523,7.83,51.429,21.083,326.85699,11.84,15.9,0,7.9,1.6
45,winter,medium,low,8.3,9.7,37.6,0.91,40,6.5,88.5,2,0,0,5.5,0
46,winter,medium,medium,8.3,12.6,173.75,1.474,128.571,33.8,43.5,27.618,12.7,2.2,64.6,3.2
47,winter,medium,low,7.6,7.1,7.333,1.32,24064,143.71001,71,0.8,0,0,0,1.9
48,autumn,small,high,8,9.4,9,3.318,123.333,5,56.091,53.1,0,0,0,0
49,summer,small,high,7.6,9.9,29.5,3.833,40,8.6,276,2,0,7.8,17,1
50,summer,large,high,8.7,3.6,17.75,0.886,758.75,44,85.4,12.1,7.4,0,1.9,0
51,winter,medium,high,8,12.1,22.35,5.442,430,151.33299,75.207,92.667,21.7,0,0,1.4
52,summer,medium,medium,9.7,7.9,5.889,4.459,18.333,159.5,586,4.5,8.7,1.4,49.4,1.1
53,spring,small,high,7.7,7.4,50,2.818,22.5,7.75,201.778,0.2,0,0,0,1.6
54,spring,medium,medium,7.91,9,65.75,4.17,33.636,564.59998,11.818,NA,0,2.2,0,1
55,winter,medium,high,8.35,9.2,20.083,1.873,27.5,428.75,6.5,3,1,0,0,1
56,winter,small,medium,5.6,6,NA,0.81,18,12.75,72.9,1.1,0,0,0,1.9
57,autumn,medium,medium,7.83,7.7,7.25,4.508,10,1,56.667,5.62,0,7.7,0,15.1
58,spring,medium,medium,7.74,9,6.3,0.642,72.6,23,6,NA,5,0,0,2.2
59,winter,medium,high,7.9,6.5,10.936,2.68,10,8.692,34,7.3,1.9,0,0,0
60,winter,small,medium,8,10.53,130.67,1.534,10,54,105.727,1,12,0,8.7,5.5
61,autumn,medium,medium,6.4,10.5,12.536,5.97,215.714,NA,200.231,31,13.7,2.2,1.2,0
62,spring,small,medium,7.5,10.7,5.326,1.588,255,15.6,246.66701,NA,3.8,0,0,1.4
63,autumn,medium,high,8.6,11,12.182,3.773,NA,37.375,11,6.5,12,0,2.7,0
64,winter,small,medium,8,8.2,8,8.759,161.81799,2.5,72.696,2.9,1,0,20.4,0
65,autumn,large,high,7.9,9,4.326,5.456,10.5,3.8,104,24.556,0,4.6,17.1,1.2
66,winter,small,medium,7.44,NA,26,0.672,20,1.333,75.904,1.3,0,0,29.5,4.1
67,summer,medium,high,7.4,10.5,56.717,4.908,84.667,261.60001,14,4.5,2.1,0,17,5.8
68,autumn,medium,medium,7,8.5,32.056,0.921,34.333,175.66701,11.8,NA,1.4,0,0,0
69,summer,large,medium,8.15,6,82.852,3.85,370,12.75,351.60001,9,0,0,0,2.1
70,winter,large,low,7.5,9.8,21.95,6.188,155,412.33301,152.33299,1,9.1,3,9.6,0
71,spring,small,medium,8.3,9.5,7,2.67,215.556,151.125,35.2,11.6,6.7,3.4,16.7,0
72,spring,medium,high,7.62,10.5,82.111,0.701,2167.37012,4,19,5.2,3.4,2.4,10.6,1.4
73,spring,medium,low,8.43,9.5,57.75,7.195,170.909,20,167.89999,0.4,0,0,21.4,4.2
74,winter,small,high,8.53,4.3,11,1.208,1168,136.75,249.25,4,15.2,0,15.8,1.2
75,winter,large,high,8.5,10.4,101.875,0.866,1911,187,254.60001,11.1,0,0,0,0
76,winter,medium,high,8.7,12.5,35.75,3.561,13.5,NA,22.9,18.37,0,0,0,0
77,autumn,small,low,7.09,9.9,187.183,5.078,224.286,18.25,558.75,54.367,16,1.2,22.9,1
78,winter,small,high,8.4,3.2,63.292,2.443,133.636,13,221.278,5.45,3.4,1.2,2.2,0
79,spring,small,medium,7.93,10.2,8.3,0.658,32.5,3.333,18.293,3.6,4.6,11.3,0,0
80,winter,small,medium,8.6,3.3,46.167,1.875,89.6,26.6,40,2.8,12.4,0,0,0
81,spring,medium,medium,7.8,10.5,NA,0.825,52.2,31.333,284,5.544,21.7,4.6,1.5,0
82,winter,medium,high,7.3,12.5,28.333,2.805,96.667,12.889,138.7,5.111,25.4,0,8.2,0
83,winter,large,medium,7.83,10.8,69.75,0.33,175,7.667,111.375,30.4,21.5,1.9,0,10.2
84,summer,small,high,6.6,11.17,12.146,1.051,10,27.5,211.66701,9.882,1,0,0,2.4
85,winter,medium,high,6.6,1.8,55.35,1.287,245,4.25,7.654,27.5,1.7,0,3.6,0
86,winter,medium,high,NA,11.4,53,3.02,122.5,137.60001,169.00101,17.2,0,0,0,0
87,summer,medium,medium,8.3,3.2,57.848,NA,1495,67.5,771.59998,3.2,0,1.4,13.2,1.4
88,winter,medium,medium,7.8,4.9,20.625,1.519,137.27299,72,607.16699,4.3,12.7,0,0,12.5
89,spring,small,medium,7.6,11.7,5,1.527,96.667,102.364,46.438,8.1,4.6,1.4,0,0
90,autumn,large,medium,7.79,9.6,125.6,9.773,49.5,9.667,108,0.6,0,0,0,3.2
91,spring,small,high,7.8,5.9,136,1.374,5738.33008,38.625,391.75,1.1,5.5,2,0,3.3
92,summer,small,medium,8.1,11.8,15.541,4.82,2082.8501,59.429,7,19.4,13.2,1.2,0,0
93,spring,small,medium,8.3,9.9,8,3.351,345.45499,104.727,97.58,72.478,5.6,0,6.8,1
94,winter,large,high,9.1,11.2,95.367,0.735,28,24.667,75.333,23.8,0,1.6,0,0
95,spring,large,medium,7.2,11.8,4.7,4.071,53.846,166.72701,218,18.33,1,0,0,2.5
96,winter,medium,high,8.1,6,88,1.572,10,36.3,141.83299,11.7,16.4,4.4,0,6.8
97,winter,medium,low,7.4,6.3,69,0.308,233.7,66.4,186.5,1.3,1.7,0,0,0
98,winter,small,low,8.2,10.6,57.75,2.323,49,53.625,85,13.1,16.2,0,5.4,2.2
99,summer,small,medium,7.45,10.7,27.233,3.617,46.5,27.25,317,28.567,6.4,0,8.5,0
100,spring,medium,low,8.25,9.7,85.982,1.72,103.333,38.75,69.93,1.4,4.3,1.2,0,0
101,summer,small,high,8.06,12.9,127.833,5.164,43.75,58.875,132.54601,0.5,28,0,1.2,0
102,spring,small,medium,8.56,6.2,63.625,2.163,225,46.667,154.125,3,9.6,0,0,0
103,autumn,medium,medium,8.2,10.5,65.333,4.698,371.11099,109,269.66699,0.8,21.6,0,6.9,2.7
104,spring,large,low,9.06,8.8,79.077,0.13,1386.25,2,11,NA,0,2.6,7.1,1
105,winter,medium,medium,8.5,9.4,194.75,1.328,227.60001,39,7.2,2.7,0,0,6.2,0
106,spring,small,medium,8.3,8.1,4.545,0.996,429.20001,144.66701,313.60001,8.155,3.8,0,1.4,1.9
107,summer,large,high,6.5,11.7,73.25,1.203,25,19.111,6.667,0.5,19.6,11,0,2.7
108,autumn,medium,high,8.3,11.1,41.5,0.923,91.833,85.5,138.5,50.225,0,1.9,2.6,31.6
109,winter,small,medium,8.43,9.8,7.613,3.73,92.375,220.75,233.5,25,41,12.7,1.4,0
110,summer,small,high,8.16,11.62,0.8,10.416,3515,6,1,10.5,38.8,0,0,2.4
111,winter,medium,high,7.8,7,26,2.231,165,36,10.75,13.2,1.5,1.7,0,0
112,spring,medium,high,7.7,13.1,44.205,3.444,647.57001,10,26,2.8,0,4.9,0,0
113,winter,large,high,8.7,10.7,11.818,1.47,146.66701,1,16.662,1.1,20.1,1.8,4.6,7.1
114,spring,medium,medium,8.2,1.5,53.425,1.003,153,37.857,47,26.8,0,0,17.7,4.3
115,autumn,large,high,8,10.8,36.248,1.726,92,37,304,3.7,14.5,0,0,1.7
116,summer,small,medium,7.5,7.8,26.76,0.406,172.5,50.889,6.75,14.775,2.6,0,0,0
117,spring,small,medium,8.2,9.8,87,6.045,105.556,191.75,111.75,0.8,7,0,32.1,2
118,summer,small,high,7.5,11.6,74.667,4.94,12.727,32.5,13.2,3.2,0,3.5,0,0
119,autumn,large,medium,8.7,8.4,41.163,9.08,131.66701,77.333,123.333,5.8,4.6,0,0,0
120,spring,small,medium,8,6.6,32.3,6.225,28.333,1,320.39999,3,4.3,4.1,0,0
121,autumn,small,high,8.58,8.9,129.375,0.63,20,28.625,177.625,81.54,18.4,0,0,1.2
122,spring,medium,low,7.6,7.7,22.32,0.663,56.364,197.83299,14,15.6,0,4.8,1.6,5.2
123,spring,small,high,7.8,11.9,104.818,0.376,20,181,222.286,6.429,0,0,1,0
124,summer,small,high,8.4,10.7,7.838,3.31,5.8,346.16699,214,41,1.2,1.1,0,1.9
125,autumn,medium,high,8.3,10.1,40.167,5.694,112.857,1,76.333,5.2,28.2,0,17.2,14.4
126,summer,medium,high,8.2,10.7,81.333,NA,486.5,16.8,287,22.5,0,3.5,33.2,0
127,winter,medium,low,8.1,9.3,31.091,1.51,246.364,87.333,46.6,NA,8.9,0,6.4,0
128,autumn,large,high,7.5,6.9,NA,2.302,124,32,6,0.3,5.8,3.9,13.1,6.6
129,summer,large,medium,8.3,11.7,22.455,4.188,346.66699,41.3,2.5,50,1.9,2.1,4.7,2.4
130,summer,large,high,7.4,4.5,391.5,1.335,37.5,267.75,171.272,NA,4.9,1,0,1.7
131,summer,small,high,7.6,11.8,45.273,1.715,31.333,60,23.485,88.255,0,2.1,0,1.4
132,summer,large,medium,9,10.6,58.331,1.32,723.66699,48.625,265.25,1,4.1,0,0,22.1
133,winter,large,high,7.8,9.8,1.45,2.512,25.833,16,16,24.917,11.2,6.2,31.8,2.4
134,autumn,large,medium,7.9,7.3,NA,3.765,54.75,1,219.909,2.5,0,8.3,0,0
135,spring,small,medium,8.8,8.4,0.222,3.14,6400,1.8,58.623,28.4,0,0,0,0
136,winter,medium,low,8.1,9.2,12,4.86,120,23,296,7.3,0,0,0,0
137,winter,large,medium,8.5,8.8,35.66,1.212,110,49,279.06601,16,0,0,0,0
138,winter,small,low,7.925,11.7,11.867,4.535,98.333,3.545,115,0.5,0,5.3,0,0
139,summer,medium,low,8.84,8.3,48.667,0.77,308.75,2.5,98.143,20.87,3.9,4.6,1.4,0
140,summer,medium,low,8.7,11.6,10.556,5.33,1990.16003,30.75,143.75,98.817,0,4.3,0,0
141,summer,small,low,8.1,6.2,16,2.899,192.5,62.625,61.444,5.233,7.6,0,0,1.6
142,spring,large,medium,7.72,10.8,13,0.846,153.75,70,NA,6.9,0,1.9,0,2.7
143,summer,medium,high,7.9,7.1,10.207,0.23,217.75,61.182,228.364,3.2,38.5,4.3,4.7,0
144,spring,small,high,7.61,10.29,3.5,1.587,920,105,116.2,0.6,5.9,0,0,0
145,summer,medium,high,8.47,6.3,70,4.03,196.66701,125.667,147.83299,NA,0,0,0,0
146,autumn,small,medium,7.75,9.9,64.093,3.778,737.5,64.389,17,NA,14.6,5.7,18.2,1.9
147,winter,medium,low,7.77,8.8,9,8.688,5,51.111,84.46,68.05,0,13.4,42.4,2.9
148,winter,medium,high,8.4,6,60.8,3.829,206.53799,7.4,275.14301,32,0,0,0,0
149,winter,medium,high,7.7,11.3,151.83299,3.9,244.60001,48,252.5,46.075,28,2.2,1.2,0
150,autumn,medium,high,7.8,11.3,38.125,9.248,17.778,24,188.66701,6.167,53.6,0,9.9,6
151,spring,medium,high,8.5,11,16,8.984,236,2,277.33301,20.829,0,0,32.9,0
152,winter,small,medium,8.5,4.9,30.125,2.31,90,84.3,15,7.6,5.6,1.2,0,0
153,spring,large,medium,8.66,11.8,43,3.726,54.778,16,50,2,1.7,0,77.6,0
154,winter,small,medium,7.9,11.1,9.055,5.099,176.66701,10.667,236,0.8,0,0,0,1.5
155,spring,small,high,8,9.8,32.92,1.651,101,12,255.28,17.491,1.9,0,0,18.6
156,spring,small,high,7.8,10.3,94,3.235,271.25,104.222,19,3.3,12.5,0,2.6,3.3
157,summer,small,medium,7.57,11.8,17.375,3.685,461.875,234.5,239,2.15,0,0,0,0
158,spring,medium,medium,8.5,10.5,2.933,0.941,8777.59961,54.1,125.8,1.5,5.2,2.6,0,0
159,autumn,large,medium,8.5,10.8,19.22,5.099,96.833,102.333,54.916,1.3,4.1,0,9.9,3.2
160,summer,large,low,8.3,7.6,82.857,1.87,62.5,47.5,140.22,18.3,2.9,0,0,0
161,summer,medium,low,8.6,10.9,31,1.732,16.2,27,186,20.6,0,0,0,3.9
162,spring,medium,medium,7.14,5.7,39,0.102,1131.66003,111.25,624.73297,93.683,0,11.5,12.4,10.8
163,autumn,small,high,8.1,11,4.083,4.408,10,159.16701,11.5,5.555,0,0,5.1,3.6
164,autumn,large,high,7.9,7.1,32.4,6.2,81,35.333,17.333,21.9,2.9,1,0,2.7
165,summer,medium,medium,8,11.7,10.5,1.655,10,14.667,39,0.9,1.7,0,0,3.9
166,summer,small,medium,7.29,10.68,12.444,2.316,88.182,173,13.6,3.8,0,0,0,0
167,summer,medium,high,7.4,5.4,10.078,2.102,101.25,282.16699,232.89999,17.2,0,0,0,0
168,autumn,medium,high,9.1,11.1,7,0.05,914,71,45,9.384,0,0,0,6.1
169,autumn,medium,low,8,10.2,NA,3.978,208.33299,221.89999,127,6.8,14.7,2.2,1.8,0
170,autumn,small,low,8.24,3.4,22.286,0.826,NA,36.909,361,0.3,0,5,52.5,0
171,autumn,medium,low,8.06,6.1,39,1.535,76,27.667,272.22198,20.578,7.3,2,7,1.2
172,spring,large,medium,7.8,4.4,38.902,3.908,4073.33008,4,23,6.8,12,1.2,0,1.7
173,spring,medium,medium,7.3,10,53.333,4.053,124.364,57.6,10.111,21.22,11.6,0,0,0
174,summer,medium,high,8.1,7.9,71.444,1.67,103.333,60.833,137.778,3.6,10.5,4.6,0,1.9
175,summer,large,medium,5.7,5.3,10.975,5.41,197.909,264.89999,66.75,0.8,7.5,0,7.5,0
176,autumn,medium,medium,7.6,10.1,3.275,2.304,1081.66003,10.583,86.997,20.8,3.9,0,8.3,7.2
177,spring,medium,high,8.07,9.8,59.067,3.678,505,16,3,1,31.9,4,0,6
178,winter,small,high,8.1,9.6,77,5.132,18.429,13,173.75,3,9.7,0,42.1,0
179,autumn,medium,high,9.5,9.8,47,3.78,102.5,75.875,388.16699,2,8,4,4.5,0
180,autumn,small,high,8,5.5,43.97,3.2,35,10.8,194.10001,12.32,0,3.7,0,1
181,spring,medium,high,7.8,11.5,NA,2.942,66.667,22.444,6.2,2.1,0,0,0,0
182,summer,small,medium,8,3.6,NA,9.715,1729,61.556,84,75,5,0,0,0
183,summer,medium,medium,8.3,5.3,7,4.87,32,25.167,82.444,40,22,0,2,0
184,winter,large,medium,9.1,9.5,5.83,5.13,42,78.333,4,0.5,15.7,28.8,0,0
185,summer,medium,high,8.1,10.4,14.32,0.23,125.333,61.25,187.05701,3.1,0,0,0,2.4
186,summer,large,high,8.4,10,2.111,0.461,65.556,53,89.625,2.338,0,5,0,0
187,spring,small,low,7.6,9.9,3.86,3.976,27.286,276.85001,21.3,4.9,8,1.3,1.5,2.2
188,winter,large,medium,8.6,8.2,66.3,4.93,76.667,51.125,124.2,8.957,0,1,3.9,16.7
189,winter,large,medium,8.5,9.8,6.167,3.14,82.1,64,130.75,3,0,0,3.1,4.9
190,spring,large,high,7.7,7.6,12.778,4.665,931.83301,75,303.33301,6.4,0,0,17.8,1.4
191,spring,large,high,8.55,11.4,23.825,0.673,58.5,16,14.354,3.9,0,3.2,0,5.9
192,spring,medium,high,8.1,5.8,131.39999,0.86,21.571,19.727,50.455,14.7,1.4,0,0,2.1
193,autumn,small,medium,7.3,8,11,6.54,421.66699,209.85699,120.889,1.4,0,0,5.1,3.4
194,autumn,large,low,8.2,6.8,3,3.923,124.167,236.39999,61.6,3,40.7,2.9,0,7
195,spring,medium,medium,8.1,10.7,9,7.74,132.25,12,344.60001,2,72.6,0,5.9,0
196,summer,medium,medium,8.4,6.5,2.75,3.02,118.571,132.5,79.75,0.5,0,0,0,2.9
197,winter,large,high,8.87,11.3,2.2,5.414,65.455,20,58.374,4.667,7,6.9,15.7,0
198,summer,medium,medium,8.2,10.77,139.989,3.414,37.778,3,244,2.3,10.4,1,15.8,0
199,summer,small,high,8,8.6,42.636,1.415,83.75,238.2,57.833,4.3,3.1,1,0,1.5
200,autumn,small,high,7.3,4.5,61.05,2.8,27.069,3,140.517,2,21.5,0,1.5,0
3)
winter     medium     high     7.90000     9.40000     32.54000     6.23800     578.00000     180.66701     6.00000     3.00000     6.70000     0.00000     0.00000     0.00000     0.00000     0.00000     0.00000
spring     medium     low     8.70000     12.00000     29.20000     1.28800     38.11100     102.00000     20.75000     15.00000     5.70000     2.10000     3.00000     6.60000     0.00000     0.00000     0.00000
autumn     medium     medium     7.90000     11.21000     49.62500     45.65000     205.66701     246.00000     61.50000     XXXXXXX     14.60000     0.00000     0.00000     0.00000     0.00000     22.30000     2.30000
winter     small     medium     7.70000     4.80000     1.54900     4.55500     98.18200     1.25000     49.33300     0.30000     2.40000     1.20000     1.40000     2.20000     1.70000     0.00000     0.00000
autumn     medium     medium     9.00000     9.00000     5.27300     1.42000     178.57001     58.22200     116.20000     2.00000     13.00000     0.00000     0.00000     1.70000     1.20000     4.10000     0.00000
spring     large     medium     8.50000     11.10000     47.77800     2.58600     103.00000     2.00000     81.55800     0.30000     1.20000     11.30000     9.00000     0.00000     0.00000     12.60000     0.00000
spring     medium     medium     8.10000     10.30000     XXXXXXX     0.90000     32.50000     120.50000     215.50000     65.70000     10.30000     4.10000     13.50000     3.50000     5.80000     0.00000     6.10000
spring     small     low     8.60000     10.50000     48.42900     2.27300     8.00000     44.66700     60.00000     0.60000     4.20000     1.60000     3.90000     3.70000     0.00000     12.70000     30.10000
spring     small     high     7.19000     10.20000     40.22600     6.64000     122.85000     48.66700     56.66700     10.00000     50.60000     5.40000     1.70000     2.30000     0.00000     0.00000     0.00000
I love this class
spring     small     high     8.40000     10.20000     34.50000     0.73000     380.00000     12.75000     40.66700     22.90000     2.90000     19.60000     0.00000     1.70000     5.50000     0.00000     0.00000
spring     small     low     8.30000     8.10000     208.36400     2.95400     60.00000     205.63600     102.57100     1.20000     32.10000     0.00000     4.70000     44.60000     0.00000     2.40000     1.90000
autumn     medium     low     8.05000     9.70000     64.00000     1.22300     10.00000     22.20000     213.00000     7.90000     46.20000     0.00000     0.00000     2.40000     1.20000     0.00000     0.00000
winter     small     high     9.10000     8.30000     77.36400     6.51300     32.72700     3.22200     20.81200     21.00000     55.50000     2.10000     0.00000     1.00000     1.90000     4.50000     0.00000
summer     medium     high     8.21000     11.50000     51.11300     1.44800     46.20000     45.90000     91.11100     2.00000     39.10000     12.70000     19.70000     0.00000     0.00000     0.00000     1.40000
winter     large     low     7.55000     11.30000     94.40500     3.07000     14.75000     97.33300     98.25000     1.10000     24.30000     0.00000     0.00000     5.00000     7.30000     1.60000     1.40000
spring     large     medium     7.20000     6.20000     27.40000     0.75800     51.11100     18.66700     205.87500     XXXXXXX     19.00000     1.50000     0.00000     0.00000     19.70000     6.80000     0.00000
winter     small     high     8.40000     13.40000     3.13600     1.44300     15.00000     82.22200     52.87500     0.50000     1.70000     26.50000     0.00000     1.90000     7.70000     0.00000     0.00000
autumn     small     low     7.35000     8.10000     29.77500     0.44500     12.50000     55.00000     27.50000     34.75000     64.30000     0.00000     0.00000     0.00000     1.20000     0.00000     0.00000
autumn     medium     medium     8.27000     10.70000     43.09000     2.82200     627.27301     4.00000     77.43400     2.50000     35.50000     0.00000     2.00000     2.70000     1.20000     0.00000     1.40000
spring     medium     high     7.40000     10.80000     100.83000     4.82500     3466.65991     467.50000     122.00000     16.00000     0.00000     4.00000     1.90000     6.80000     4.00000     11.50000     31.20000
summer     small     high     6.80000     9.20000     23.25000     0.73500     109.00000     19.11100     285.71399     4.30000     3.10000     6.00000     6.60000     0.00000     0.00000     0.00000     25.60000
autumn     large     medium     6.60000     8.90000     15.00000     3.24500     12.50000     45.00000     18.00000     5.60900     23.20000     2.00000     0.00000     2.50000     2.50000     5.90000     0.00000
spring     small     high     7.90000     10.60000     50.00000     0.26700     130.00000     34.63600     87.12500     1.70000     0.00000     20.60000     25.30000     3.70000     0.00000     0.00000     1.70000
summer     small     medium     7.84000     XXXXXXX     63.51000     0.69900     137.00000     41.50000     101.45500     3.50000     46.80000     8.60000     1.20000     0.00000     0.00000     0.00000     0.00000
autumn     medium     high     7.90000     10.30000     49.90000     2.97800     39.00000     20.66700     432.90900     13.10000     0.00000     0.00000     18.90000     1.70000     5.50000     10.10000     0.00000
winter     medium     medium     8.22000     10.80000     11.08800     1.01300     196.00000     9.00000     197.14301     5.08300     69.90000     0.00000     1.20000     0.00000     4.10000     0.00000     0.00000
autumn     small     medium     7.40000     10.10000     XXXXXXX     7.16000     15.00000     9.00000     XXXXXXX     15.30000     30.30000     4.70000     3.10000     0.00000     0.00000     0.00000     0.00000
winter     small     medium     8.00000     8.50000     8.69000     2.60300     643.00000     27.00000     121.00000     0.80000     31.10000     3.10000     19.60000     0.00000     0.00000     0.00000     0.00000
winter     large     medium     6.60000     11.10000     47.22900     8.54300     120.00000     26.00000     6.00000     110.45600     33.90000     2.10000     14.60000     0.00000     0.00000     0.00000     9.70000
winter     medium     high     7.80000     10.00000     41.25000     3.33000     34.00000     55.00000     44.13600     0.80000     8.70000     16.00000     5.50000     0.00000     7.50000     0.00000     7.80000
winter     medium     low     8.90000     12.10000     10.40000     4.99000     60.00000     39.00000     3.00000     2.86000     7.00000     17.10000     2.00000     0.00000     4.00000     11.10000     2.20000
summer     small     high     7.40000     9.60000     34.03700     0.53600     239.00000     26.62500     232.83299     XXXXXXX     0.00000     32.80000     1.50000     0.00000     1.20000     42.70000     1.20000
summer     large     medium     8.15000     6.35000     53.00000     1.17200     10.00000     51.11100     253.25000     31.73800     13.60000     0.00000     3.30000     0.00000     0.00000     10.30000     0.00000
winter     medium     medium     8.10000     6.70000     53.10200     3.31600     235.00000     34.50000     127.22200     4.50000     5.30000     0.00000     1.40000     1.00000     3.40000     3.30000     0.00000
winter     small     medium     8.70000     8.40000     44.00000     0.38100     160.00000     144.00000     142.00000     13.00000     19.40000     0.00000     0.00000     0.00000     2.20000     5.50000     1.00000
winter     large     medium     8.50000     10.90000     1.17000     1.92100     60.11000     1.62500     146.45200     30.00000     1.20000     0.00000     21.90000     0.00000     0.00000     6.70000     2.10000
winter     medium     high     8.40000     8.20000     40.02000     2.55000     43.75000     7.30000     292.62500     6.20900     0.00000     21.10000     21.70000     0.00000     0.00000     0.00000     0.00000
spring     small     low     8.70000     11.70000     54.14300     2.64000     134.00000     196.62000     235.66701     2.10000     2.00000     36.60000     0.00000     3.40000     20.00000     8.30000     0.00000
winter     medium     high     8.40000     8.70000     39.10900     1.71800     228.75000     182.42000     183.66701     5.50000     2.20000     2.70000     2.40000     0.00000     0.00000     0.00000     0.00000
winter     large     low     8.00000     10.60000     XXXXXXX     6.09600     102.75000     16.83300     102.33300     0.80000     41.00000     0.00000     5.00000     6.80000     0.00000     0.00000     0.00000
autumn     large     high     7.78000     7.10000     54.19000     2.22000     11.11100     104.50000     175.04601     3.30000     7.60000     13.20000     2.50000     7.60000     6.60000     16.60000     0.00000
winter     medium     high     8.30000     10.80000     13.50000     3.73400     142.00000     100.00000     170.00000     22.50000     2.40000     40.90000     0.00000     2.40000     12.40000     0.00000     2.90000
winter     small     high     8.30000     11.10000     30.52300     7.83000     51.42900     21.08300     326.85699     11.84000     15.80000     15.90000     22.00000     0.00000     1.00000     7.90000     1.60000
winter     medium     low     8.30000     9.70000     37.60000     0.91000     40.00000     6.50000     88.50000     2.00000     66.00000     0.00000     1.40000     0.00000     10.60000     5.50000     0.00000
winter     medium     medium     8.30000     12.60000     173.75000     1.47400     128.57100     33.80000     43.50000     27.61800     29.50000     12.70000     7.80000     2.20000     2.90000     64.60000     3.20000
winter     medium     low     7.60000     7.10000     7.33300     1.32000     24064.00000     143.71001     71.00000     0.80000     14.40000     0.00000     1.20000     0.00000     4.90000     0.00000     1.90000
autumn     small     high     8.00000     9.40000     9.00000     3.31800     123.33300     5.00000     56.09100     53.10000     3.30000     0.00000     0.00000     0.00000     3.20000     0.00000     0.00000
summer     small     high     7.60000     9.90000     29.50000     3.83300     40.00000     8.60000     276.00000     2.00000     1.70000     0.00000     3.30000     7.80000     0.00000     17.00000     1.00000
summer     large     high     8.70000     3.60000     17.75000     0.88600     758.75000     44.00000     85.40000     12.10000     17.00000     7.40000     3.20000     0.00000     0.00000     1.90000     0.00000
winter     medium     high     8.00000     12.10000     22.35000     5.44200     430.00000     151.33299     75.20700     92.66700     24.00000     21.70000     7.30000     0.00000     9.00000     0.00000     1.40000
summer     medium     medium     9.70000     7.90000     5.88900     4.45900     18.33300     159.50000     586.00000     4.50000     82.70000     8.70000     10.30000     1.40000     1.20000     49.40000     1.10000
spring     small     high     7.70000     7.40000     50.00000     2.81800     22.50000     7.75000     201.77800     0.20000     1.70000     0.00000     0.00000     0.00000     0.00000     0.00000     1.60000
spring     medium     medium     7.91000     9.00000     65.75000     4.17000     33.63600     564.59998     11.81800     XXXXXXX     0.00000     0.00000     4.00000     2.20000     2.70000     0.00000     1.00000
winter     medium     high     8.35000     9.20000     20.08300     1.87300     27.50000     428.75000     6.50000     3.00000     1.20000     1.00000     7.50000     0.00000     9.40000     0.00000     1.00000
winter     small     medium     5.60000     6.00000     XXXXXXX     0.81000     18.00000     12.75000     72.90000     1.10000     4.00000     0.00000     1.00000     0.00000     0.00000     0.00000     1.90000
autumn     medium     medium     7.83000     7.70000     7.25000     4.50800     10.00000     1.00000     56.66700     5.62000     3.80000     0.00000     0.00000     7.70000     0.00000     0.00000     15.10000
spring     medium     medium     7.74000     9.00000     6.30000     0.64200     72.60000     23.00000     6.00000     XXXXXXX     54.40000     5.00000     1.00000     0.00000     28.80000     0.00000     2.20000
winter     medium     high     7.90000     6.50000     10.93600     2.68000     10.00000     8.69200     34.00000     7.30000     0.00000     1.90000     1.70000     0.00000     0.00000     0.00000     0.00000
winter     small     medium     8.00000     10.53000     130.67000     1.53400     10.00000     54.00000     105.72700     1.00000     1.40000     12.00000     0.00000     0.00000     0.00000     8.70000     5.50000
autumn     medium     medium     6.40000     10.50000     12.53600     5.97000     215.71400     XXXXXXX     200.23100     31.00000     0.00000     13.70000     0.00000     2.20000     8.20000     1.20000     0.00000
spring     small     medium     7.50000     10.70000     5.32600     1.58800     255.00000     15.60000     246.66701     XXXXXXX     43.70000     3.80000     4.90000     0.00000     0.00000     0.00000     1.40000
autumn     medium     high     8.60000     11.00000     12.18200     3.77300     XXXXXXX     37.37500     11.00000     6.50000     1.40000     12.00000     3.70000     0.00000     0.00000     2.70000     0.00000
winter     small     medium     8.00000     8.20000     8.00000     8.75900     161.81799     2.50000     72.69600     2.90000     12.60000     1.00000     0.00000     0.00000     2.10000     20.40000     0.00000
autumn     large     high     7.90000     9.00000     4.32600     5.45600     10.50000     3.80000     104.00000     24.55600     15.50000     0.00000     7.80000     4.60000     0.00000     17.10000     1.20000
winter     small     medium     7.44000     XXXXXXX     26.00000     0.67200     20.00000     1.33300     75.90400     1.30000     16.80000     0.00000     10.10000     0.00000     6.50000     29.50000     4.10000
summer     medium     high     7.40000     10.50000     56.71700     4.90800     84.66700     261.60001     14.00000     4.50000     4.10000     2.10000     0.00000     0.00000     22.50000     17.00000     5.80000
autumn     medium     medium     7.00000     8.50000     32.05600     0.92100     34.33300     175.66701     11.80000     XXXXXXX     18.20000     1.40000     1.90000     0.00000     0.00000     0.00000     0.00000
summer     large     medium     8.15000     6.00000     82.85200     3.85000     370.00000     12.75000     351.60001     9.00000     75.80000     0.00000     1.50000     0.00000     0.00000     0.00000     2.10000
winter     large     low     7.50000     9.80000     21.95000     6.18800     155.00000     412.33301     152.33299     1.00000     1.20000     9.10000     0.00000     3.00000     0.00000     9.60000     0.00000
spring     small     medium     8.30000     9.50000     7.00000     2.67000     215.55600     151.12500     35.20000     11.60000     18.90000     6.70000     8.80000     3.40000     8.00000     16.70000     0.00000
spring     medium     high     7.62000     10.50000     82.11100     0.70100     2167.37012     4.00000     19.00000     5.20000     46.90000     3.40000     0.00000     2.40000     9.50000     10.60000     1.40000
spring     medium     low     8.43000     9.50000     57.75000     7.19500     170.90900     20.00000     167.89999     0.40000     1.40000     0.00000     0.00000     0.00000     0.00000     21.40000     4.20000
winter     small     high     8.53000     4.30000     11.00000     1.20800     1168.00000     136.75000     249.25000     4.00000     52.20000     15.20000     17.60000     0.00000     35.60000     15.80000     1.20000
winter     large     high     8.50000     10.40000     101.87500     0.86600     1911.00000     187.00000     254.60001     11.10000     12.30000     0.00000     0.00000     0.00000     1.00000     0.00000     0.00000
winter     medium     high     8.70000     12.50000     35.75000     3.56100     13.50000     XXXXXXX     22.90000     18.37000     0.00000     0.00000     3.90000     0.00000     0.00000     0.00000     0.00000
autumn     small     low     7.09000     9.90000     187.18300     5.07800     224.28600     18.25000     558.75000     54.36700     28.10000     16.00000     0.00000     1.20000     1.90000     22.90000     1.00000
winter     small     high     8.40000     3.20000     63.29200     2.44300     133.63600     13.00000     221.27800     5.45000     17.10000     3.40000     23.20000     1.20000     7.70000     2.20000     0.00000
spring     small     medium     7.93000     10.20000     8.30000     0.65800     32.50000     3.33300     18.29300     3.60000     3.30000     4.60000     11.80000     11.30000     0.00000     0.00000     0.00000
winter     small     medium     8.60000     3.30000     46.16700     1.87500     89.60000     26.60000     40.00000     2.80000     0.00000     12.40000     0.00000     0.00000     0.00000     0.00000     0.00000
spring     medium     medium     7.80000     10.50000     XXXXXXX     0.82500     52.20000     31.33300     284.00000     5.54400     0.00000     21.70000     7.50000     4.60000     0.00000     1.50000     0.00000
winter     medium     high     7.30000     12.50000     28.33300     2.80500     96.66700     12.88900     138.70000     5.11100     0.00000     25.40000     0.00000     0.00000     0.00000     8.20000     0.00000
winter     large     medium     7.83000     10.80000     69.75000     0.33000     175.00000     7.66700     111.37500     30.40000     1.50000     21.50000     5.60000     1.90000     2.40000     0.00000     10.20000
summer     small     high     6.60000     11.17000     12.14600     1.05100     10.00000     27.50000     211.66701     9.88200     17.00000     1.00000     1.60000     0.00000     0.00000     0.00000     2.40000
winter     medium     high     6.60000     1.80000     55.35000     1.28700     245.00000     4.25000     7.65400     27.50000     6.90000     1.70000     3.00000     0.00000     1.90000     3.60000     0.00000
winter     medium     high     XXXXXXX     11.40000     53.00000     3.02000     122.50000     137.60001     169.00101     17.20000     64.20000     0.00000     6.80000     0.00000     6.60000     0.00000     0.00000
summer     medium     medium     8.30000     3.20000     57.84800     XXXXXXX     1495.00000     67.50000     771.59998     3.20000     2.80000     0.00000     0.00000     1.40000     0.00000     13.20000     1.40000
winter     medium     medium     7.80000     4.90000     20.62500     1.51900     137.27299     72.00000     607.16699     4.30000     14.40000     12.70000     1.00000     0.00000     1.20000     0.00000     12.50000
spring     small     medium     7.60000     11.70000     5.00000     1.52700     96.66700     102.36400     46.43800     8.10000     0.00000     4.60000     0.00000     1.40000     13.30000     0.00000     0.00000
autumn     large     medium     7.79000     9.60000     125.60000     9.77300     49.50000     9.66700     108.00000     0.60000     2.50000     0.00000     2.10000     0.00000     4.80000     0.00000     3.20000
spring     small     high     7.80000     5.90000     136.00000     1.37400     5738.33008     38.62500     391.75000     1.10000     20.30000     5.50000     6.30000     2.00000     17.80000     0.00000     3.30000
summer     small     medium     8.10000     11.80000     15.54100     4.82000     2082.85010     59.42900     7.00000     19.40000     0.00000     13.20000     1.60000     1.20000     20.80000     0.00000     0.00000
spring     small     medium     8.30000     9.90000     8.00000     3.35100     345.45499     104.72700     97.58000     72.47800     15.10000     5.60000     0.00000     0.00000     1.20000     6.80000     1.00000
winter     large     high     9.10000     11.20000     95.36700     0.73500     28.00000     24.66700     75.33300     23.80000     0.00000     0.00000     0.00000     1.60000     0.00000     0.00000     0.00000
spring     large     medium     7.20000     11.80000     4.70000     4.07100     53.84600     166.72701     218.00000     18.33000     0.00000     1.00000     1.20000     0.00000     0.00000     0.00000     2.50000
winter     medium     high     8.10000     6.00000     88.00000     1.57200     10.00000     36.30000     141.83299     11.70000     0.00000     16.40000     42.80000     4.40000     0.00000     0.00000     6.80000
winter     medium     low     7.40000     6.30000     69.00000     0.30800     233.70000     66.40000     186.50000     1.30000     1.90000     1.70000     0.00000     0.00000     5.20000     0.00000     0.00000
winter     small     low     8.20000     10.60000     57.75000     2.32300     49.00000     53.62500     85.00000     13.10000     0.00000     16.20000     0.00000     0.00000     20.80000     5.40000     2.20000
summer     small     medium     7.45000     10.70000     27.23300     3.61700     46.50000     27.25000     317.00000     28.56700     1.90000     6.40000     0.00000     0.00000     1.00000     8.50000     0.00000
spring     medium     low     8.25000     9.70000     85.98200     1.72000     103.33300     38.75000     69.93000     1.40000     4.40000     4.30000     1.00000     1.20000     15.90000     0.00000     0.00000
summer     small     high     8.06000     12.90000     127.83300     5.16400     43.75000     58.87500     132.54601     0.50000     64.90000     28.00000     25.90000     0.00000     0.00000     1.20000     0.00000
spring     small     medium     8.56000     6.20000     63.62500     2.16300     225.00000     46.66700     154.12500     3.00000     0.00000     9.60000     0.00000     0.00000     0.00000     0.00000     0.00000
autumn     medium     medium     8.20000     10.50000     65.33300     4.69800     371.11099     109.00000     269.66699     0.80000     39.70000     21.60000     22.90000     0.00000     0.00000     6.90000     2.70000
spring     large     low     9.06000     8.80000     79.07700     0.13000     1386.25000     2.00000     11.00000     XXXXXXX     3.30000     0.00000     0.00000     2.60000     10.20000     7.10000     1.00000
winter     medium     medium     8.50000     9.40000     194.75000     1.32800     227.60001     39.00000     7.20000     2.70000     10.30000     0.00000     2.60000     0.00000     3.10000     6.20000     0.00000
spring     small     medium     8.30000     8.10000     4.54500     0.99600     429.20001     144.66701     313.60001     8.15500     15.10000     3.80000     20.20000     0.00000     0.00000     1.40000     1.90000
summer     large     high     6.50000     11.70000     73.25000     1.20300     25.00000     19.11100     6.66700     0.50000     1.40000     19.60000     0.00000     11.00000     11.50000     0.00000     2.70000
autumn     medium     high     8.30000     11.10000     41.50000     0.92300     91.83300     85.50000     138.50000     50.22500     23.70000     0.00000     0.00000     1.90000     6.40000     2.60000     31.60000
winter     small     medium     8.43000     9.80000     7.61300     3.73000     92.37500     220.75000     233.50000     25.00000     3.40000     41.00000     1.70000     12.70000     0.00000     1.40000     0.00000
summer     small     high     8.16000     11.62000     0.80000     10.41600     3515.00000     6.00000     1.00000     10.50000     16.60000     38.80000     0.00000     0.00000     7.50000     0.00000     2.40000
winter     medium     high     7.80000     7.00000     26.00000     2.23100     165.00000     36.00000     10.75000     13.20000     81.90000     1.50000     8.00000     1.70000     6.10000     0.00000     0.00000
spring     medium     high     7.70000     13.10000     44.20500     3.44400     647.57001     10.00000     26.00000     2.80000     25.40000     0.00000     2.50000     4.90000     8.60000     0.00000     0.00000
winter     large     high     8.70000     10.70000     11.81800     1.47000     146.66701     1.00000     16.66200     1.10000     0.00000     20.10000     0.00000     1.80000     27.60000     4.60000     7.10000
spring     medium     medium     8.20000     1.50000     53.42500     1.00300     153.00000     37.85700     47.00000     26.80000     7.80000     0.00000     1.10000     0.00000     2.70000     17.70000     4.30000
autumn     large     high     8.00000     10.80000     36.24800     1.72600     92.00000     37.00000     304.00000     3.70000     1.90000     14.50000     7.00000     0.00000     11.30000     0.00000     1.70000
summer     small     medium     7.50000     7.80000     26.76000     0.40600     172.50000     50.88900     6.75000     14.77500     2.50000     2.60000     1.70000     0.00000     0.00000     0.00000     0.00000
spring     small     medium     8.20000     9.80000     87.00000     6.04500     105.55600     191.75000     111.75000     0.80000     3.60000     7.00000     6.10000     0.00000     11.70000     32.10000     2.00000
summer     small     high     7.50000     11.60000     74.66700     4.94000     12.72700     32.50000     13.20000     3.20000     86.60000     0.00000     0.00000     3.50000     0.00000     0.00000     0.00000
autumn     large     medium     8.70000     8.40000     41.16300     9.08000     131.66701     77.33300     123.33300     5.80000     2.20000     4.60000     1.70000     0.00000     5.50000     0.00000     0.00000
spring     small     medium     8.00000     6.60000     32.30000     6.22500     28.33300     1.00000     320.39999     3.00000     3.60000     4.30000     1.00000     4.10000     8.10000     0.00000     0.00000
autumn     small     high     8.58000     8.90000     129.37500     0.63000     20.00000     28.62500     177.62500     81.54000     1.40000     18.40000     19.50000     0.00000     1.40000     0.00000     1.20000
spring     medium     low     7.60000     7.70000     22.32000     0.66300     56.36400     197.83299     14.00000     15.60000     1.90000     0.00000     10.60000     4.80000     6.10000     1.60000     5.20000
spring     small     high     7.80000     11.90000     104.81800     0.37600     20.00000     181.00000     222.28600     6.42900     18.10000     0.00000     5.00000     0.00000     0.00000     1.00000     0.00000
summer     small     high     8.40000     10.70000     7.83800     3.31000     5.80000     346.16699     214.00000     41.00000     9.20000     1.20000     4.10000     1.10000     0.00000     0.00000     1.90000
autumn     medium     high     8.30000     10.10000     40.16700     5.69400     112.85700     1.00000     76.33300     5.20000     29.70000     28.20000     1.00000     0.00000     0.00000     17.20000     14.40000
summer     medium     high     8.20000     10.70000     81.33300     XXXXXXX     486.50000     16.80000     287.00000     22.50000     66.90000     0.00000     0.00000     3.50000     2.90000     33.20000     0.00000
winter     medium     low     8.10000     9.30000     31.09100     1.51000     246.36400     87.33300     46.60000     XXXXXXX     0.00000     8.90000     24.80000     0.00000     5.40000     6.40000     0.00000
autumn     large     high     7.50000     6.90000     XXXXXXX     2.30200     124.00000     32.00000     6.00000     0.30000     0.00000     5.80000     4.80000     3.90000     1.40000     13.10000     6.60000
summer     large     medium     8.30000     11.70000     22.45500     4.18800     346.66699     41.30000     2.50000     50.00000     0.00000     1.90000     0.00000     2.10000     8.90000     4.70000     2.40000
summer     large     high     7.40000     4.50000     391.50000     1.33500     37.50000     267.75000     171.27200     XXXXXXX     47.10000     4.90000     1.90000     1.00000     3.60000     0.00000     1.70000
summer     small     high     7.60000     11.80000     45.27300     1.71500     31.33300     60.00000     23.48500     88.25500     4.10000     0.00000     0.00000     2.10000     0.00000     0.00000     1.40000
summer     large     medium     9.00000     10.60000     58.33100     1.32000     723.66699     48.62500     265.25000     1.00000     2.20000     4.10000     2.60000     0.00000     2.70000     0.00000     22.10000
winter     large     high     7.80000     9.80000     1.45000     2.51200     25.83300     16.00000     16.00000     24.91700     0.00000     11.20000     0.00000     6.20000     9.00000     31.80000     2.40000
autumn     large     medium     7.90000     7.30000     XXXXXXX     3.76500     54.75000     1.00000     219.90900     2.50000     14.70000     0.00000     9.90000     8.30000     0.00000     0.00000     0.00000
spring     small     medium     8.80000     8.40000     0.22200     3.14000     6400.00000     1.80000     58.62300     28.40000     54.00000     0.00000     0.00000     0.00000     6.70000     0.00000     0.00000
winter     medium     low     8.10000     9.20000     12.00000     4.86000     120.00000     23.00000     296.00000     7.30000     0.00000     0.00000     8.80000     0.00000     0.00000     0.00000     0.00000
winter     large     medium     8.50000     8.80000     35.66000     1.21200     110.00000     49.00000     279.06601     16.00000     1.50000     0.00000     1.20000     0.00000     11.30000     0.00000     0.00000
winter     small     low     7.92500     11.70000     11.86700     4.53500     98.33300     3.54500     115.00000     0.50000     46.60000     0.00000     0.00000     5.30000     34.20000     0.00000     0.00000
summer     medium     low     8.84000     8.30000     48.66700     0.77000     308.75000     2.50000     98.14300     20.87000     16.50000     3.90000     10.20000     4.60000     0.00000     1.40000     0.00000
summer     medium     low     8.70000     11.60000     10.55600     5.33000     1990.16003     30.75000     143.75000     98.81700     2.10000     0.00000     0.00000     4.30000     8.00000     0.00000     0.00000
summer     small     low     8.10000     6.20000     16.00000     2.89900     192.50000     62.62500     61.44400     5.23300     12.30000     7.60000     4.10000     0.00000     3.50000     0.00000     1.60000
spring     large     medium     7.72000     10.80000     13.00000     0.84600     153.75000     70.00000     XXXXXXX     6.90000     43.50000     0.00000     2.00000     1.90000     0.00000     0.00000     2.70000
summer     medium     high     7.90000     7.10000     10.20700     0.23000     217.75000     61.18200     228.36400     3.20000     42.50000     38.50000     35.10000     4.30000     0.00000     4.70000     0.00000
spring     small     high     7.61000     10.29000     3.50000     1.58700     920.00000     105.00000     116.20000     0.60000     18.10000     5.90000     0.00000     0.00000     0.00000     0.00000     0.00000
summer     medium     high     8.47000     6.30000     70.00000     4.03000     196.66701     125.66700     147.83299     XXXXXXX     4.40000     0.00000     0.00000     0.00000     8.60000     0.00000     0.00000
autumn     small     medium     7.75000     9.90000     64.09300     3.77800     737.50000     64.38900     17.00000     XXXXXXX     10.80000     14.60000     1.40000     5.70000     0.00000     18.20000     1.90000
winter     medium     low     7.77000     8.80000     9.00000     8.68800     5.00000     51.11100     84.46000     68.05000     0.00000     0.00000     2.70000     13.40000     4.80000     42.40000     2.90000
winter     medium     high     8.40000     6.00000     60.80000     3.82900     206.53799     7.40000     275.14301     32.00000     32.80000     0.00000     0.00000     0.00000     1.40000     0.00000     0.00000
winter     medium     high     7.70000     11.30000     151.83299     3.90000     244.60001     48.00000     252.50000     46.07500     2.20000     28.00000     1.00000     2.20000     2.60000     1.20000     0.00000
autumn     medium     high     7.80000     11.30000     38.12500     9.24800     17.77800     24.00000     188.66701     6.16700     1.20000     53.60000     0.00000     0.00000     0.00000     9.90000     6.00000
spring     medium     high     8.50000     11.00000     16.00000     8.98400     236.00000     2.00000     277.33301     20.82900     0.00000     0.00000     1.40000     0.00000     5.00000     32.90000     0.00000
winter     small     medium     8.50000     4.90000     30.12500     2.31000     90.00000     84.30000     15.00000     7.60000     7.20000     5.60000     0.00000     1.20000     5.70000     0.00000     0.00000
spring     large     medium     8.66000     11.80000     43.00000     3.72600     54.77800     16.00000     50.00000     2.00000     11.30000     1.70000     0.00000     0.00000     1.70000     77.60000     0.00000
winter     small     medium     7.90000     11.10000     9.05500     5.09900     176.66701     10.66700     236.00000     0.80000     24.80000     0.00000     3.70000     0.00000     3.90000     0.00000     1.50000
spring     small     high     8.00000     9.80000     32.92000     1.65100     101.00000     12.00000     255.28000     17.49100     31.80000     1.90000     5.40000     0.00000     4.10000     0.00000     18.60000
spring     small     high     7.80000     10.30000     94.00000     3.23500     271.25000     104.22200     19.00000     3.30000     24.80000     12.50000     0.00000     0.00000     11.50000     2.60000     3.30000
summer     small     medium     7.57000     11.80000     17.37500     3.68500     461.87500     234.50000     239.00000     2.15000     51.80000     0.00000     16.00000     0.00000     8.70000     0.00000     0.00000
spring     medium     medium     8.50000     10.50000     2.93300     0.94100     8777.59961     54.10000     125.80000     1.50000     4.10000     5.20000     10.80000     2.60000     0.00000     0.00000     0.00000
autumn     large     medium     8.50000     10.80000     19.22000     5.09900     96.83300     102.33300     54.91600     1.30000     0.00000     4.10000     1.80000     0.00000     1.40000     9.90000     3.20000
summer     large     low     8.30000     7.60000     82.85700     1.87000     62.50000     47.50000     140.22000     18.30000     89.80000     2.90000     0.00000     0.00000     9.90000     0.00000     0.00000
summer     medium     low     8.60000     10.90000     31.00000     1.73200     16.20000     27.00000     186.00000     20.60000     3.40000     0.00000     1.00000     0.00000     0.00000     0.00000     3.90000
spring     medium     medium     7.14000     5.70000     39.00000     0.10200     1131.66003     111.25000     624.73297     93.68300     0.00000     0.00000     2.00000     11.50000     0.00000     12.40000     10.80000
autumn     small     high     8.10000     11.00000     4.08300     4.40800     10.00000     159.16701     11.50000     5.55500     8.80000     0.00000     2.10000     0.00000     0.00000     5.10000     3.60000
autumn     large     high     7.90000     7.10000     32.40000     6.20000     81.00000     35.33300     17.33300     21.90000     3.40000     2.90000     2.30000     1.00000     3.10000     0.00000     2.70000
summer     medium     medium     8.00000     11.70000     10.50000     1.65500     10.00000     14.66700     39.00000     0.90000     0.00000     1.70000     0.00000     0.00000     17.90000     0.00000     3.90000
summer     small     medium     7.29000     10.68000     12.44400     2.31600     88.18200     173.00000     13.60000     3.80000     50.40000     0.00000     2.20000     0.00000     16.20000     0.00000     0.00000
summer     medium     high     7.40000     5.40000     10.07800     2.10200     101.25000     282.16699     232.89999     17.20000     74.20000     0.00000     13.60000     0.00000     0.00000     0.00000     0.00000
autumn     medium     high     9.10000     11.10000     7.00000     0.05000     914.00000     71.00000     45.00000     9.38400     37.30000     0.00000     2.50000     0.00000     0.00000     0.00000     6.10000
autumn     medium     low     8.00000     10.20000     XXXXXXX     3.97800     208.33299     221.89999     127.00000     6.80000     9.20000     14.70000     0.00000     2.20000     0.00000     1.80000     0.00000
autumn     small     low     8.24000     3.40000     22.28600     0.82600     XXXXXXX     36.90900     361.00000     0.30000     25.50000     0.00000     0.00000     5.00000     18.70000     52.50000     0.00000
autumn     medium     low     8.06000     6.10000     39.00000     1.53500     76.00000     27.66700     272.22198     20.57800     58.70000     7.30000     0.00000     2.00000     15.00000     7.00000     1.20000
spring     large     medium     7.80000     4.40000     38.90200     3.90800     4073.33008     4.00000     23.00000     6.80000     16.80000     12.00000     0.00000     1.20000     0.00000     0.00000     1.70000
spring     medium     medium     7.30000     10.00000     53.33300     4.05300     124.36400     57.60000     10.11100     21.22000     0.00000     11.60000     2.10000     0.00000     34.30000     0.00000     0.00000
summer     medium     high     8.10000     7.90000     71.44400     1.67000     103.33300     60.83300     137.77800     3.60000     39.70000     10.50000     2.90000     4.60000     19.00000     0.00000     1.90000
summer     large     medium     5.70000     5.30000     10.97500     5.41000     197.90900     264.89999     66.75000     0.80000     2.80000     7.50000     9.40000     0.00000     15.30000     7.50000     0.00000
autumn     medium     medium     7.60000     10.10000     3.27500     2.30400     1081.66003     10.58300     86.99700     20.80000     32.50000     3.90000     0.00000     0.00000     0.00000     8.30000     7.20000
spring     medium     high     8.07000     9.80000     59.06700     3.67800     505.00000     16.00000     3.00000     1.00000     18.30000     31.90000     12.90000     4.00000     0.00000     0.00000     6.00000
winter     small     high     8.10000     9.60000     77.00000     5.13200     18.42900     13.00000     173.75000     3.00000     2.40000     9.70000     0.00000     0.00000     22.10000     42.10000     0.00000
autumn     medium     high     9.50000     9.80000     47.00000     3.78000     102.50000     75.87500     388.16699     2.00000     52.40000     8.00000     0.00000     4.00000     1.20000     4.50000     0.00000
autumn     small     high     8.00000     5.50000     43.97000     3.20000     35.00000     10.80000     194.10001     12.32000     48.30000     0.00000     0.00000     3.70000     7.40000     0.00000     1.00000
spring     medium     high     7.80000     11.50000     XXXXXXX     2.94200     66.66700     22.44400     6.20000     2.10000     1.10000     0.00000     0.00000     0.00000     2.40000     0.00000     0.00000
summer     small     medium     8.00000     3.60000     XXXXXXX     9.71500     1729.00000     61.55600     84.00000     75.00000     0.00000     5.00000     0.00000     0.00000     8.60000     0.00000     0.00000
summer     medium     medium     8.30000     5.30000     7.00000     4.87000     32.00000     25.16700     82.44400     40.00000     17.30000     22.00000     1.20000     0.00000     5.90000     2.00000     0.00000
winter     large     medium     9.10000     9.50000     5.83000     5.13000     42.00000     78.33300     4.00000     0.50000     5.90000     15.70000     1.20000     28.80000     0.00000     0.00000     0.00000
summer     medium     high     8.10000     10.40000     14.32000     0.23000     125.33300     61.25000     187.05701     3.10000     6.50000     0.00000     0.00000     0.00000     5.60000     0.00000     2.40000
summer     large     high     8.40000     10.00000     2.11100     0.46100     65.55600     53.00000     89.62500     2.33800     56.80000     0.00000     0.00000     5.00000     2.50000     0.00000     0.00000
spring     small     low     7.60000     9.90000     3.86000     3.97600     27.28600     276.85001     21.30000     4.90000     3.30000     8.00000     4.20000     1.30000     44.40000     1.50000     2.20000
winter     large     medium     8.60000     8.20000     66.30000     4.93000     76.66700     51.12500     124.20000     8.95700     0.00000     0.00000     0.00000     1.00000     9.20000     3.90000     16.70000
winter     large     medium     8.50000     9.80000     6.16700     3.14000     82.10000     64.00000     130.75000     3.00000     3.70000     0.00000     2.40000     0.00000     0.00000     3.10000     4.90000
spring     large     high     7.70000     7.60000     12.77800     4.66500     931.83301     75.00000     303.33301     6.40000     0.00000     0.00000     0.00000     0.00000     0.00000     17.80000     1.40000
spring     large     high     8.55000     11.40000     23.82500     0.67300     58.50000     16.00000     14.35400     3.90000     1.10000     0.00000     1.20000     3.20000     0.00000     0.00000     5.90000
spring     medium     high     8.10000     5.80000     131.39999     0.86000     21.57100     19.72700     50.45500     14.70000     0.00000     1.40000     1.00000     0.00000     9.20000     0.00000     2.10000
autumn     small     medium     7.30000     8.00000     11.00000     6.54000     421.66699     209.85699     120.88900     1.40000     0.00000     0.00000     11.50000     0.00000     1.10000     5.10000     3.40000
autumn     large     low     8.20000     6.80000     3.00000     3.92300     124.16700     236.39999     61.60000     3.00000     12.50000     40.70000     2.90000     2.90000     3.90000     0.00000     7.00000
spring     medium     medium     8.10000     10.70000     9.00000     7.74000     132.25000     12.00000     344.60001     2.00000     12.20000     72.60000     3.40000     0.00000     14.90000     5.90000     0.00000
summer     medium     medium     8.40000     6.50000     2.75000     3.02000     118.57100     132.50000     79.75000     0.50000     1.60000     0.00000     3.50000     0.00000     0.00000     0.00000     2.90000
winter     large     high     8.87000     11.30000     2.20000     5.41400     65.45500     20.00000     58.37400     4.66700     18.00000     7.00000     0.00000     6.90000     5.30000     15.70000     0.00000
summer     medium     medium     8.20000     10.77000     139.98900     3.41400     37.77800     3.00000     244.00000     2.30000     0.00000     10.40000     0.00000     1.00000     0.00000     15.80000     0.00000
summer     small     high     8.00000     8.60000     42.63600     1.41500     83.75000     238.20000     57.83300     4.30000     1.70000     3.10000     14.00000     1.00000     0.00000     0.00000     1.50000
autumn     small     high     7.30000     4.50000     61.05000     2.80000     27.06900     3.00000     140.51700     2.00000     1.60000     21.50000     3.30000     0.00000     11.20000     1.50000     0.00000

