1)
  season   size  speed mxPH mnO2     Cl   NO3    NH4  oPO4   PO4 Chla   a1   a2   a3  a4  a5  a6
1 winter medium medium 8.00  9.4  41.16 9.715   51.1 105.0 122.0 50.0  1.1  4.7  0.0 0.0 0.0 8.3
2 autumn  small    low 8.40  8.4  29.20 1.288  346.7  33.8  17.3 15.3 15.1  0.0  0.0 2.2 5.4 0.0
3 autumn  small medium 7.09 11.4  34.04 0.658 1495.0  75.0  46.4   NA 20.3 53.6  3.2 0.0 0.0 0.0
4 autumn medium   high 8.06 12.1  77.00 0.308   53.8  10.7 320.4  0.3  4.4  7.5 18.9 0.0 0.0 0.0
5 summer  small medium 6.50  7.8   5.27 6.640  233.7  48.6  91.1 10.5 12.3  0.0  4.0 0.0 0.0 0.0
6 spring  small medium 8.20  8.2 194.75 4.535   58.5 205.6 255.3 12.3  0.0 11.3  0.0 0.0 0.0 0.0
   a7
1 0.0
2 0.0
3 9.7
4 0.0
5 0.0
6 0.0
2)
,season,size,speed,mxPH,mnO2,Cl,NO3,NH4,oPO4,PO4,Chla,a2,a4,a6,a7
1,winter,medium,medium,8,9.4,41.163,9.715,51.111,105,122,50,4.7,0,8.3,0
2,autumn,small,low,8.4,8.4,29.2,1.288,346.66699,33.8,17.333,15.3,0,2.2,0,0
3,autumn,small,medium,7.09,11.4,34.037,0.658,1495,75,46.438,NA,53.6,0,0,9.7
4,autumn,medium,high,8.06,12.1,77,0.308,53.846,10.667,320.39999,0.3,7.5,0,0,0
5,summer,small,medium,6.5,7.8,5.273,6.64,233.7,48.625,91.111,10.5,0,0,0,0
6,spring,small,medium,8.2,8.2,194.75,4.535,58.5,205.636,255.28,12.32,11.3,0,0,0
7,summer,medium,low,8.15,10.3,1.549,0.376,235,78.333,17,3.2,0,0,1.4,2.4
8,spring,medium,high,8.7,10.6,64,4.071,1168,44.667,60,6.9,1.6,1.7,0,0
9,winter,large,medium,8.3,9.2,26,0.672,122.85,22.2,72.696,1.1,5.4,6.9,0,0
10,summer,small,medium,5.7,9.9,4.575,2.512,178.57001,8.692,262.72699,2.8,8.9,2.9,0,1.6
11,autumn,small,high,8.4,10.53,53.333,3.316,88.182,1,130.75,2.5,19.6,0,0,0
12,summer,small,low,7,11.21,29.5,1.47,1911,137.60001,52.875,1.3,0,11.5,1.5,5.5
13,spring,small,medium,9.1,10.7,6.3,0.23,10,24,14.354,1.3,2.9,4.6,0,0
14,summer,medium,high,6.6,6.5,21.95,3.923,10,57.6,84.46,1.5,6.4,1,10.1,2.7
15,winter,large,high,8.1,9.6,16,1.448,28.333,13,19,0.6,0,0,16.7,0
16,autumn,medium,low,7.55,11.5,4.7,1.587,18.429,44,79.75,2.3,0,0,1.6,0
17,summer,small,low,7.78,11.6,13,1.415,96.667,7.3,16.662,26.8,5.5,0,0,0
18,autumn,small,high,7.4,10,NA,1.443,124,1,235.66701,19.4,21.5,1.9,0,6.8
19,summer,medium,low,7.35,6.8,27.233,0.445,25,60,27.5,2,0,0,0,1
20,winter,medium,high,7.6,10.7,53,2.822,92,564.59998,140.22,98.817,5.6,0,0,1.5
21,autumn,large,medium,7.8,7.3,3.5,4.825,236,15.6,586,2,0,6.8,0,1.4
22,summer,medium,high,7.45,9.8,53.102,0.701,914,467.5,50.455,6.8,0,0,31.8,0
23,winter,medium,medium,7.75,6.3,51.113,2.302,27.286,125.667,361,2.86,25.4,1.1,0,0
24,autumn,small,low,7.8,5.3,139.989,1.051,133.636,53.625,244,1,1.4,3.7,17.1,0
25,autumn,small,high,7.84,3.3,43.09,2.323,11.111,3.545,50,3.6,3.1,0,0,3.4
26,spring,large,high,8.21,10.3,55.35,5.164,255,9,154.125,13.2,4,0,64.6,0
27,winter,small,high,7.3,12,11.867,6.2,37.5,61.556,169.00101,93.683,0,0,0,0
28,spring,medium,high,6.8,5.7,82.857,0.941,146.66701,9,214,110.456,0,0,0,0
29,autumn,small,medium,7.3,7.7,391.5,3.908,54.75,36.3,140.517,5.544,0,0,0,2.2
30,spring,medium,medium,7.4,11.1,9,6.54,72.6,3,279.06601,2.1,10.4,0,5.1,0
31,summer,small,medium,9,8.8,27.4,2.805,217.75,220.75,296,5.62,6.7,2.3,16.6,2.2
32,spring,medium,high,9.5,12.5,23.825,3.78,308.75,104.727,108,4.667,40.9,0,11.1,3.9
33,autumn,medium,medium,8.6,10.6,41.5,3.02,124.167,7.4,56.091,20.87,0,1.2,42.7,1.2
34,autumn,medium,high,8.4,10.2,71.444,1.172,461.875,144,607.16699,1.7,9.1,4.3,8.2,0
35,winter,large,high,8.27,5.3,1.17,2.899,32.5,82.222,7.654,3,16.2,0,3.3,1
36,summer,large,medium,8.3,1.8,50,0.886,161.81799,187,56.667,13,9.6,0,0,10.2
37,autumn,large,high,8.3,10.2,58.331,2.55,578,1.625,146.452,11.6,0,0,5.5,1.2
38,spring,medium,low,8.7,10,49.625,3.414,43.75,2.5,3,9.882,1.7,2.5,0,2
39,winter,small,high,8.1,3.6,20.625,2.64,25.833,10.8,116.2,6.209,7.3,11,12.6,2.9
40,winter,large,medium,6.6,9.9,4.545,1.208,228.75,182.42,249.25,NA,1.5,0,0,6.1
41,summer,small,low,8,11.2,19.22,1.32,120,16.833,252.5,3.3,0,3.5,0,0
42,autumn,small,medium,8.4,9.9,54.19,3.14,123.333,10.583,175.04601,72.478,0,2.4,0,0
43,winter,small,high,7.5,10.5,63.51,2.954,109,12,124.2,0.3,12.4,6.8,4.1,0
44,winter,large,low,7.19,8.8,173.75,7.83,244.60001,NA,326.85699,11.84,12.7,0,0,0
45,winter,small,high,8.4,8.5,60.8,0.735,39,3.333,57.833,3.9,28.2,0,0,0
46,winter,medium,low,8.3,12.5,2.2,8.543,10,58.222,194.10001,3.3,16,3.2,22.9,0
47,winter,small,high,8,7.1,8.3,1.223,96.667,221.89999,292.625,27.5,1,4.8,2,0
48,winter,small,low,7.7,13.1,95.367,1.374,42,25.167,102.571,24.917,0,0,0,0
49,winter,medium,low,7.6,10.8,22.286,2.942,40,27,58.374,1.4,0,1.4,0,1.9
50,summer,medium,medium,8,1.5,22.455,1.328,76,104.222,20.812,10,7.4,0,6.2,0
51,autumn,small,high,8.2,4.8,57.75,7.16,192.5,236.39999,116.2,7.9,22,0,0,0
52,winter,small,high,7.5,11.7,30.125,5.694,28,1,71,13.1,0,2.2,0,3.3
53,spring,small,high,7.9,11,10.207,2.818,46.2,7.75,34,0.5,0,0,0,0
54,summer,large,high,5.6,11.3,6.167,0.91,128.571,4,277.33301,50.225,0,0,0,2.4
55,spring,small,medium,8.84,9.2,2.75,0.05,10.5,4,6.5,3.8,5,0,42.1,1.2
56,winter,small,medium,7.2,11.3,NA,1.588,5,39,141.83299,18.3,0,0,3.9,10.8
57,autumn,medium,high,8.16,7.1,46.167,3.245,10,159.5,4,NA,4.6,0,0,1.9
58,summer,large,high,9.1,10.5,41.25,2.31,96.833,234.5,6,NA,5.4,1.6,0,3.2
59,summer,medium,high,7.72,10.7,43.97,3.726,345.45499,2,102.333,7.3,2.1,3.7,0,0
60,spring,large,high,8,9.8,NA,2.231,10,61.182,11.818,NA,12,4.4,8.7,1.6
61,summer,small,high,8,10.5,187.183,1.335,46.5,264.89999,215.5,15.6,0,1.2,2.2,0
62,spring,medium,medium,7.7,NA,8,3.14,22.5,NA,56.667,NA,0,3.4,0,0
63,winter,large,medium,8.6,12.6,43,5.414,NA,32.5,111.75,5.2,5,0,17.8,0
64,summer,medium,high,8.3,9.6,32.056,4.698,370,23,40.667,1,4.3,0,8.5,1.4
65,spring,large,medium,7.8,10.7,4.083,0.381,160,62.625,205.875,0.3,0,44.6,0,1.2
66,winter,medium,high,7.44,11.7,69,1.39,81,132.5,75.904,24.556,21.5,0,0,1.4
67,spring,medium,medium,8.22,9.2,3.275,0.642,196,1.25,6.75,4.5,12,5.3,0,0
68,summer,large,medium,7.8,11.8,8,0.921,34,175.66701,2.5,NA,0,0,5.5,0
69,spring,large,medium,8.3,6,12.182,1.655,27.5,143.71001,351.60001,1.4,0,0,0,2.3
70,winter,small,medium,8.66,10.1,39.109,NA,155,4,388.16699,1,4.9,3,1.4,30.1
71,winter,medium,low,8.7,8.5,130.67,3.02,215.556,151.125,77.434,34.75,2.1,0,29.5,3.3
72,spring,medium,medium,8.2,9,82.111,0.663,32.5,412.33301,246.66701,2.1,0,1.2,0,1.4
73,winter,medium,medium,8.43,10.2,39,6.045,5.8,16,104,11.7,12.7,4.9,0,2.2
74,winter,medium,high,8.07,6.2,208.364,4.508,15,4.25,269.66699,20.578,5.8,2.2,6.9,1
75,autumn,medium,medium,8.5,10.4,31,4.87,NA,66.4,177.625,3.6,0,0,0,1
76,winter,medium,high,8.7,9,7.838,3.976,13.5,39,303.33301,18.37,0,0,17,0
77,autumn,medium,medium,8,4.4,12.778,0.996,103.333,18.25,143.75,16,8,3.5,0,1
78,winter,small,medium,8.6,11.5,63.292,8.688,102.75,64,11,0.8,1.4,3.5,0,2.5
79,spring,medium,medium,8.6,8.1,29.775,0.826,60,87.333,253.25,2.5,0,0,17.7,4.1
80,summer,small,medium,7.5,9.8,11,2.22,208.33299,27,NA,2.8,21.6,2.1,49.4,0
81,autumn,medium,low,7.8,10.5,NA,5.099,91.833,120.5,14,5.083,0,4.6,1.5,1.4
82,winter,large,high,7.6,5.4,69.75,4.93,245,191.75,137.778,4.3,21.7,0,11.5,2.1
83,winter,small,medium,7.4,10.8,100.83,1.519,89.6,3.222,111.375,21,3.1,1,6.4,0
84,winter,large,high,7.93,11.17,12.146,9.08,10,27.5,58.623,12.1,21.1,0,0,31.2
85,summer,medium,high,8,10.8,12.536,4.408,737.5,1.8,186,14.7,0,0,12.7,0
86,summer,medium,medium,9.7,4.9,79.077,0.846,60,276.85001,76.333,7.3,0,0,0,22.1
87,winter,small,medium,8.1,11.7,12,4.86,38.111,67.5,87.125,4.3,0,0,1.6,16.7
88,winter,medium,medium,7.5,10.6,48.667,2.304,110,5,11.8,3,2,0,0,1.9
89,spring,medium,medium,8.4,9.7,17.75,1.527,172.5,6,20.75,8.1,0,1.2,0,0
90,winter,small,medium,8.1,9.9,39,2.102,3515,282.16699,284,NA,2.1,0,1.8,0
91,spring,medium,medium,8.2,7.1,88,3.318,8777.59961,346.16699,391.75,2,8.6,0,12.4,1.4
92,summer,large,high,8.5,4.5,37.6,3.734,2082.8501,59.429,265.25,0.5,0,1.7,15.8,0
93,winter,small,high,8,9.4,47,3.765,102.5,51.111,61.5,54.367,0,1.7,0,4.2
94,spring,small,high,8.1,9.5,87,2.68,21.571,64.389,75.333,5.5,3.9,1.9,4.7,1.9
95,spring,small,low,7.9,6.35,3,4.94,32.727,35.333,218,6.4,15.7,0,20.4,0
96,winter,large,high,8.1,9.8,3.136,1.572,132.25,104.5,219.909,20.829,13.7,0,0,0
97,autumn,small,high,9.1,10.7,127.833,2.316,98.333,20,186.5,81.54,0,0,0,0
98,winter,small,low,8.9,10.6,57.75,5.13,83.75,75.875,183.66701,53.1,0,3.4,0,0
99,spring,medium,medium,7.9,6.2,5.83,4.188,723.66699,51.75,49.333,2,38.5,0,2.4,1.4
100,summer,small,low,8.1,6.2,85.982,6.096,52.2,16.8,211.66701,2,3.4,6.6,0,1
101,autumn,small,high,7.7,9.6,63.625,1.535,176.66701,41.5,285.71399,0.4,0,0,1.2,0
102,spring,small,medium,7.8,8,38.125,5.97,24064,102,138.5,8.957,4.1,4.6,0,4.3
103,autumn,medium,medium,7.8,10.5,65.333,0.923,137.27299,84.3,200.231,0.8,0,0,9.9,0
104,spring,medium,high,7.4,8.8,7.25,0.13,10,1.333,46.6,NA,28,2.6,0,0
105,spring,small,high,7.62,10.1,47.778,2.978,227.60001,2,152.33299,2.7,1.2,0,13.2,3.2
106,spring,medium,low,8.7,8.9,NA,9.773,20,20.667,201.778,3,16,4.1,5.4,0
107,winter,small,low,8.1,11.1,73.25,1.003,225,209.85699,275.14301,0.8,5.6,0,0,2.7
108,winter,small,high,8.35,10.8,54.143,1.726,66.667,3,344.60001,2.338,4.6,0,15.8,0
109,winter,small,high,7.3,3.4,NA,0.73,37.778,60.833,132.54601,25,15.2,0,6.8,0
110,summer,small,high,7.83,9.5,0.8,1.921,1729,16,287,5.111,0,1,0,2.4
111,autumn,small,low,8,7.7,45.273,1.534,371.11099,100,558.75,31.738,14.5,4,0,3.6
112,spring,medium,high,7.9,9.4,44.205,3.444,505,10,26,0.8,72.6,1,0,0
113,winter,medium,medium,8.87,5.9,11.818,0.536,49.5,246,23,5.8,36.6,0,0,0
114,summer,medium,low,7.83,8.1,53.425,4.17,118.571,37.857,84,2,12.7,4.3,2.6,25.6
115,winter,medium,medium,7.9,8.2,22.32,4.99,98.182,37,86.997,4.5,1.5,1,4.5,1.5
116,spring,medium,high,7.3,11.1,32.54,0.406,8,12.75,167.89999,14.775,15.9,0,10.6,0
117,winter,small,medium,7.8,11.62,40.167,1.718,14.75,19.111,21.3,4.9,7,0,22.3,0
118,autumn,large,high,7.79,3.2,74.667,8.759,12.727,41.3,15,46.075,18.4,0,0,0
119,autumn,small,low,7.5,4.3,151.83299,3.829,131.66701,102.333,10.111,68.05,0,0,0,14.4
120,autumn,small,low,8.2,6.6,42.636,6.225,647.57001,55,138.7,3,4.3,0,0,1.4
121,autumn,medium,low,8.3,10.2,57.848,1.32,60.11,28.625,771.59998,2.9,0,1.2,1.2,31.6
122,spring,medium,high,8.3,10.7,131.39999,3.773,56.364,71,14,31,20.1,1.8,4.7,5.2
123,spring,small,medium,6.6,8.3,82.852,0.673,153.75,181,6.2,6.429,0,0,1,0
124,spring,medium,low,9.06,10.7,35.75,1.72,429.20001,36.909,85.4,41,2.7,0,5.9,0
125,summer,small,medium,7.29,9.7,9,4.459,84.667,48.667,127.222,5.2,1.2,0,7,18.6
126,spring,small,medium,8.1,9.4,31.091,1.875,486.5,12.75,6.667,0.5,8.7,1.9,33.2,0
127,autumn,medium,high,7.61,11.7,125.6,0.23,239,261.60001,187.05701,28.567,0,0,0,5.8
128,summer,small,low,8.6,6.9,10.4,4.908,10,1,7.2,0.3,4.6,0,1.9,6.6
129,summer,medium,high,8.3,10,7,5.078,35,23,88.5,0.8,1.9,2.4,5.1,0
130,winter,medium,medium,8.7,11,2.111,3.617,65.556,34.636,13.6,11.1,0,0,0,3.2
131,winter,medium,medium,7.6,NA,26,0.267,31.333,1,23.485,88.255,0,0,0,1.7
132,summer,small,low,7.8,10.5,10.5,6.188,92.375,38.75,66.75,3.7,0,2,13.1,2.2
133,winter,large,high,8.4,9.8,1.45,3.235,5738.33008,12.889,221.278,1.3,41,0,9.6,1.1
134,spring,small,medium,8.3,9.8,26.76,5.33,20,97.333,317,22.5,1.7,8.3,0,12.5
135,winter,medium,medium,7.9,11.9,22.35,3.833,206.53799,38.625,276,5.45,1,1.2,0,0
136,spring,medium,high,8.3,4.5,20.083,3.73,101,26.6,82.444,0.8,11.2,1,0,0
137,winter,medium,high,7.925,11.6,11,0.77,101.25,197.83299,6,18.33,0,3.7,0,0
138,spring,medium,medium,8.2,6.3,0.222,2.603,103.333,85.5,18.293,5.233,0,1.3,0,0
139,spring,medium,medium,8.8,9,129.375,3.85,1386.25,58.875,98.143,2,3.8,28.8,0,0
140,winter,medium,high,8.5,12.1,10.556,0.9,1990.16003,238.2,6,27.618,32.8,0,15.7,1.9
141,summer,medium,medium,8.25,11.1,10.975,1.203,175,37.375,197.14301,0.2,7.6,0,0,3.9
142,autumn,medium,medium,7.4,9.7,7,6.513,20,136.75,10.75,0.6,0,0,0,1.7
143,autumn,medium,medium,7.9,11.8,36.248,7.74,643,32,39,30,1.9,0,1.4,1.7
144,spring,small,medium,8.56,7.9,12.444,3.07,165,70,142,75,0,6.2,7.5,0
145,summer,medium,medium,8.47,10.4,70,5.41,6400,45,123.333,3,6,12.7,3.6,1.4
146,autumn,small,high,8.58,8.4,64.093,0.735,758.75,21.083,304,16,0,0,18.2,0
147,autumn,medium,high,8.5,10.8,38.902,4.555,4073.33008,46.667,61.6,6.167,11.6,0,0,2.4
148,spring,medium,high,8.7,9.9,40.226,8.984,215.714,2.5,105.727,32,3.9,0,0,0
149,winter,medium,high,8,9,77.364,1.212,1081.66003,48,3,22.5,20.6,2.2,1.2,0
150,spring,medium,low,8,8.7,50,9.248,34.333,16,188.66701,0.8,0,0,21.4,6
151,summer,small,high,8.1,9.5,65.75,2.273,33.636,26,13.2,22.7,5.9,3.9,9.9,7.2
152,winter,large,medium,8.5,7.1,10.936,5.132,90,109,43.5,NA,0,0,32.1,1.7
153,spring,medium,medium,NA,6,32.92,5.099,2167.37012,13,313.60001,6.8,0,0,77.6,2.4
154,spring,large,low,7.57,6,5.889,0.461,1131.66003,20,18,1.2,16.4,4.6,17.2,0
155,winter,medium,high,8,10.9,66.3,1.651,120,12,75.207,0.5,1.9,2.7,0,0
156,spring,small,high,7.8,11.7,32.4,0.102,122.5,55,1,0.8,0,1.7,0,0
157,spring,medium,medium,8.3,11.8,40.02,3.685,62.5,12.75,236,2.15,3.4,5,0,0
158,spring,medium,low,8.5,10.5,13.5,0.63,49,166.72701,125.8,4,10.5,2.6,0,15.1
159,winter,large,high,7.14,10.3,23.25,3.31,18,144.66701,54.916,20.6,0,0,0,0
160,winter,small,high,8.3,8.1,49.9,5.442,76.667,47.5,232.83299,6.5,0,0,0,2.7
161,autumn,large,high,8.3,11.3,2.933,4.053,43.75,102.364,NA,17.2,1,0,0,3.9
162,spring,large,medium,8.5,9.8,30.523,1.67,205.66701,111.25,624.73297,5.555,38.8,0,0,1.6
163,spring,large,high,8.8,10.8,4.326,1.715,224.286,180.66701,101.455,2,0,1.4,0,7.1
164,spring,medium,medium,7.9,12.9,56.717,0.33,246.364,8.6,121,21.9,0,0,6.7,0
165,winter,medium,medium,8.43,3.2,16,4.82,101.667,27.25,97.58,0.9,1.7,0,0,2.1
166,summer,medium,high,7.9,10.68,32.3,1.474,380,173,69.93,65.7,0,0,0,1
167,summer,large,high,7.7,11.1,10.078,2.163,137,151.33299,232.89999,1,9.7,0,2.7,2.9
168,autumn,large,high,6.4,11.1,101.875,1.873,134,26.625,11,3.2,0,4,0,0
169,winter,small,low,7.7,10.29,NA,1.87,130,49,40,8.155,19.6,0,0,0
170,spring,large,medium,8.06,11.8,15,3.778,627.27301,196.62,85,9.384,0,0,0,0
171,winter,medium,medium,8.24,7.6,5.326,3.561,931.83301,27.667,272.22198,21.22,13.2,2,32.9,0
172,spring,large,medium,8.15,5.5,9,45.65,51.429,61.25,11.5,28.4,12,2.2,0,0
173,autumn,medium,medium,7.8,7,104.818,0.758,124.364,54.1,61.444,5.609,0,7.6,42.4,6.1
174,summer,large,high,8.7,7.4,NA,1.287,54.778,50.889,89.625,23.8,0,0,0,1.9
175,summer,small,medium,7.6,9.3,81.333,NA,197.909,2,7,4.5,40.7,0,17,0
176,summer,medium,medium,8.5,6.5,28.333,4.665,271.25,159.16701,173.75,20.8,4.1,0,8.3,0
177,autumn,small,low,7.9,10.8,59.067,0.86,10,16,171.272,1.1,31.9,7.7,0,6
178,spring,large,high,8.1,8.6,8.69,1.013,12.5,34.5,115,9,26.5,0,0,7.8
179,autumn,small,medium,8.4,3.6,47.229,7.195,12.5,31.333,72.9,30.4,1.7,0,2.6,0
180,winter,medium,high,8.4,10.1,NA,3.2,16.2,30.75,6,17.2,0,0,0,0
181,summer,medium,high,7.4,8.9,7.613,2.67,142,3.8,222.286,4.3,3.8,0,7.1,0
182,summer,large,medium,8.1,6,34.5,6.238,18.333,77.333,147.83299,3,0,0,5.9,0
183,winter,large,medium,8.53,6.7,7,0.866,103,9.667,22.9,7.6,0,5,0,0
184,winter,large,high,7.6,13.4,9.055,1.42,40,7.667,19,0.5,2.9,13.4,0,1.2
185,spring,medium,medium,8.5,6.1,11.088,0.699,196.66701,267.75,233.5,0.5,8,7.8,0,0
186,winter,large,medium,9.1,10.77,35.66,10.416,920,53,213,3.2,0,5,4.6,2.1
187,winter,small,high,8.05,8.3,3.86,5.456,15,24.667,239,17.491,5.2,0,1.5,0
188,summer,small,medium,7.6,8.2,94,3.33,105.556,51.125,44.136,22.9,28,2.2,0,0
189,summer,small,high,8.55,9.8,136,2.8,82.1,51.111,47,3,4.1,0,4.5,0
190,winter,large,medium,6.6,7.6,53,3.351,17.778,45.9,45,3.1,0,0,0,0
191,spring,large,high,8.5,11.4,15.541,3.9,32,14.667,81.558,13.1,7,1.9,52.5,5.9
192,winter,large,high,7.91,5.8,NA,3.678,125.333,19.727,170,0.6,17.1,11.3,0,0
193,summer,large,high,7.4,7.9,7.333,4.03,170.909,72,120.889,3.5,2.6,0,0,0
194,autumn,large,high,9,4.9,94.405,3.978,3466.65991,54,127,1.1,14.7,5.7,3.1,7
195,summer,medium,high,8.1,11.3,5,2.586,112.857,19.111,432.909,40,13.2,2.4,6.8,2.7
196,summer,medium,high,8.2,10.9,17.375,0.81,153,36,98.25,NA,2.1,1.4,0,2.9
197,autumn,small,medium,7.77,11.8,14.32,1.51,65.455,22.444,254.60001,92.667,21.7,0,10.3,1
198,summer,large,medium,7.74,11,44,2.443,430,18.667,16,1.1,1,2.1,0,0
199,autumn,small,medium,7.2,8.4,48.429,1.732,421.66699,428.75,228.364,NA,12.5,1,7.9,4.9
200,spring,large,medium,8,11.7,61.05,0.825,27.069,6.5,35.2,15,14.6,0,0,1.9
3)
winter     medium     medium     8.00000     9.40000     41.16300     9.71500     51.11100     105.00000     122.00000     50.00000     1.10000     4.70000     0.00000     0.00000     0.00000     8.30000     0.00000
autumn     small     low     8.40000     8.40000     29.20000     1.28800     346.66699     33.80000     17.33300     15.30000     15.10000     0.00000     0.00000     2.20000     5.40000     0.00000     0.00000
autumn     small     medium     7.09000     11.40000     34.03700     0.65800     1495.00000     75.00000     46.43800     XXXXXXX     20.30000     53.60000     3.20000     0.00000     0.00000     0.00000     9.70000
autumn     medium     high     8.06000     12.10000     77.00000     0.30800     53.84600     10.66700     320.39999     0.30000     4.40000     7.50000     18.90000     0.00000     0.00000     0.00000     0.00000
summer     small     medium     6.50000     7.80000     5.27300     6.64000     233.70000     48.62500     91.11100     10.50000     12.30000     0.00000     4.00000     0.00000     0.00000     0.00000     0.00000
spring     small     medium     8.20000     8.20000     194.75000     4.53500     58.50000     205.63600     255.28000     12.32000     0.00000     11.30000     0.00000     0.00000     0.00000     0.00000     0.00000
summer     medium     low     8.15000     10.30000     1.54900     0.37600     235.00000     78.33300     17.00000     3.20000     2.20000     0.00000     0.00000     0.00000     2.40000     1.40000     2.40000
spring     medium     high     8.70000     10.60000     64.00000     4.07100     1168.00000     44.66700     60.00000     6.90000     0.00000     1.60000     3.90000     1.70000     22.50000     0.00000     0.00000
winter     large     medium     8.30000     9.20000     26.00000     0.67200     122.85000     22.20000     72.69600     1.10000     50.60000     5.40000     0.00000     6.90000     0.00000     0.00000     0.00000
I love this class
autumn     small     high     8.40000     10.53000     53.33300     3.31600     88.18200     1.00000     130.75000     2.50000     0.00000     19.60000     3.00000     0.00000     2.90000     0.00000     0.00000
summer     small     low     7.00000     11.21000     29.50000     1.47000     1911.00000     137.60001     52.87500     1.30000     2.20000     0.00000     4.70000     11.50000     0.00000     1.50000     5.50000
spring     small     medium     9.10000     10.70000     6.30000     0.23000     10.00000     24.00000     14.35400     1.30000     43.50000     2.90000     23.20000     4.60000     0.00000     0.00000     0.00000
summer     medium     high     6.60000     6.50000     21.95000     3.92300     10.00000     57.60000     84.46000     1.50000     0.00000     6.40000     2.00000     1.00000     1.90000     10.10000     2.70000
winter     large     high     8.10000     9.60000     16.00000     1.44800     28.33300     13.00000     19.00000     0.60000     1.90000     0.00000     0.00000     0.00000     8.70000     16.70000     0.00000
autumn     medium     low     7.55000     11.50000     4.70000     1.58700     18.42900     44.00000     79.75000     2.30000     19.40000     0.00000     25.90000     0.00000     34.30000     1.60000     0.00000
summer     small     low     7.78000     11.60000     13.00000     1.41500     96.66700     7.30000     16.66200     26.80000     46.80000     5.50000     2.20000     0.00000     0.00000     0.00000     0.00000
autumn     small     high     7.40000     10.00000     XXXXXXX     1.44300     124.00000     1.00000     235.66701     19.40000     5.30000     21.50000     2.60000     1.90000     7.70000     0.00000     6.80000
summer     medium     low     7.35000     6.80000     27.23300     0.44500     25.00000     60.00000     27.50000     2.00000     12.50000     0.00000     9.90000     0.00000     0.00000     0.00000     1.00000
winter     medium     high     7.60000     10.70000     53.00000     2.82200     92.00000     564.59998     140.22000     98.81700     17.00000     5.60000     0.00000     0.00000     10.60000     0.00000     1.50000
autumn     large     medium     7.80000     7.30000     3.50000     4.82500     236.00000     15.60000     586.00000     2.00000     0.00000     0.00000     1.40000     6.80000     4.00000     0.00000     1.40000
summer     medium     high     7.45000     9.80000     53.10200     0.70100     914.00000     467.50000     50.45500     6.80000     3.10000     0.00000     0.00000     0.00000     0.00000     31.80000     0.00000
winter     medium     medium     7.75000     6.30000     51.11300     2.30200     27.28600     125.66700     361.00000     2.86000     23.20000     25.40000     0.00000     1.10000     0.00000     0.00000     0.00000
autumn     small     low     7.80000     5.30000     139.98900     1.05100     133.63600     53.62500     244.00000     1.00000     0.00000     1.40000     1.00000     3.70000     17.90000     17.10000     0.00000
autumn     small     high     7.84000     3.30000     43.09000     2.32300     11.11100     3.54500     50.00000     3.60000     2.20000     3.10000     1.20000     0.00000     34.20000     0.00000     3.40000
spring     large     high     8.21000     10.30000     55.35000     5.16400     255.00000     9.00000     154.12500     13.20000     4.10000     4.00000     0.00000     0.00000     5.90000     64.60000     0.00000
winter     small     high     7.30000     12.00000     11.86700     6.20000     37.50000     61.55600     169.00101     93.68300     69.90000     0.00000     0.00000     0.00000     4.10000     0.00000     0.00000
spring     medium     high     6.80000     5.70000     82.85700     0.94100     146.66701     9.00000     214.00000     110.45600     51.80000     0.00000     0.00000     0.00000     2.70000     0.00000     0.00000
autumn     small     medium     7.30000     7.70000     391.50000     3.90800     54.75000     36.30000     140.51700     5.54400     0.00000     0.00000     0.00000     0.00000     0.00000     0.00000     2.20000
spring     medium     medium     7.40000     11.10000     9.00000     6.54000     72.60000     3.00000     279.06601     2.10000     6.70000     10.40000     21.90000     0.00000     0.00000     5.10000     0.00000
summer     small     medium     9.00000     8.80000     27.40000     2.80500     217.75000     220.75000     296.00000     5.62000     1.60000     6.70000     1.20000     2.30000     7.50000     16.60000     2.20000
spring     medium     high     9.50000     12.50000     23.82500     3.78000     308.75000     104.72700     108.00000     4.66700     33.90000     40.90000     7.80000     0.00000     0.00000     11.10000     3.90000
autumn     medium     medium     8.60000     10.60000     41.50000     3.02000     124.16700     7.40000     56.09100     20.87000     0.00000     0.00000     0.00000     1.20000     4.10000     42.70000     1.20000
autumn     medium     high     8.40000     10.20000     71.44400     1.17200     461.87500     144.00000     607.16699     1.70000     13.60000     9.10000     3.30000     4.30000     7.30000     8.20000     0.00000
winter     large     high     8.27000     5.30000     1.17000     2.89900     32.50000     82.22200     7.65400     3.00000     0.00000     16.20000     0.00000     0.00000     3.40000     3.30000     1.00000
summer     large     medium     8.30000     1.80000     50.00000     0.88600     161.81799     187.00000     56.66700     13.00000     18.30000     9.60000     0.00000     0.00000     16.20000     0.00000     10.20000
autumn     large     high     8.30000     10.20000     58.33100     2.55000     578.00000     1.62500     146.45200     11.60000     0.00000     0.00000     0.00000     0.00000     0.00000     5.50000     1.20000
spring     medium     low     8.70000     10.00000     49.62500     3.41400     43.75000     2.50000     3.00000     9.88200     0.00000     1.70000     7.80000     2.50000     0.00000     0.00000     2.00000
winter     small     high     8.10000     3.60000     20.62500     2.64000     25.83300     10.80000     116.20000     6.20900     12.30000     7.30000     0.00000     11.00000     0.00000     12.60000     2.90000
winter     large     medium     6.60000     9.90000     4.54500     1.20800     228.75000     182.42000     249.25000     XXXXXXX     32.10000     1.50000     0.00000     0.00000     0.00000     0.00000     6.10000
summer     small     low     8.00000     11.20000     19.22000     1.32000     120.00000     16.83300     252.50000     3.30000     3.70000     0.00000     5.00000     3.50000     9.40000     0.00000     0.00000
autumn     small     medium     8.40000     9.90000     54.19000     3.14000     123.33300     10.58300     175.04601     72.47800     9.20000     0.00000     2.60000     2.40000     1.20000     0.00000     0.00000
winter     small     high     7.50000     10.50000     63.51000     2.95400     109.00000     12.00000     124.20000     0.30000     12.70000     12.40000     12.90000     6.80000     12.40000     4.10000     0.00000
winter     large     low     7.19000     8.80000     173.75000     7.83000     244.60001     XXXXXXX     326.85699     11.84000     18.00000     12.70000     2.00000     0.00000     20.00000     0.00000     0.00000
winter     small     high     8.40000     8.50000     60.80000     0.73500     39.00000     3.33300     57.83300     3.90000     3.40000     28.20000     1.00000     0.00000     0.00000     0.00000     0.00000
winter     medium     low     8.30000     12.50000     2.20000     8.54300     10.00000     58.22200     194.10001     3.30000     29.50000     16.00000     0.00000     3.20000     2.90000     22.90000     0.00000
winter     small     high     8.00000     7.10000     8.30000     1.22300     96.66700     221.89999     292.62500     27.50000     1.60000     1.00000     1.20000     4.80000     15.00000     2.00000     0.00000
winter     small     low     7.70000     13.10000     95.36700     1.37400     42.00000     25.16700     102.57100     24.91700     1.90000     0.00000     0.00000     0.00000     1.90000     0.00000     0.00000
winter     medium     low     7.60000     10.80000     22.28600     2.94200     40.00000     27.00000     58.37400     1.40000     9.20000     0.00000     10.30000     1.40000     0.00000     0.00000     1.90000
summer     medium     medium     8.00000     1.50000     22.45500     1.32800     76.00000     104.22200     20.81200     10.00000     0.00000     7.40000     4.20000     0.00000     8.00000     6.20000     0.00000
autumn     small     high     8.20000     4.80000     57.75000     7.16000     192.50000     236.39999     116.20000     7.90000     3.60000     22.00000     2.50000     0.00000     1.20000     0.00000     0.00000
winter     small     high     7.50000     11.70000     30.12500     5.69400     28.00000     1.00000     71.00000     13.10000     24.00000     0.00000     0.00000     2.20000     0.00000     0.00000     3.30000
spring     small     high     7.90000     11.00000     10.20700     2.81800     46.20000     7.75000     34.00000     0.50000     1.70000     0.00000     0.00000     0.00000     3.90000     0.00000     0.00000
summer     large     high     5.60000     11.30000     6.16700     0.91000     128.57100     4.00000     277.33301     50.22500     7.80000     0.00000     0.00000     0.00000     2.70000     0.00000     2.40000
spring     small     medium     8.84000     9.20000     2.75000     0.05000     10.50000     4.00000     6.50000     3.80000     1.20000     5.00000     14.60000     0.00000     0.00000     42.10000     1.20000
winter     small     medium     7.20000     11.30000     XXXXXXX     1.58800     5.00000     39.00000     141.83299     18.30000     24.80000     0.00000     3.90000     0.00000     1.20000     3.90000     10.80000
autumn     medium     high     8.16000     7.10000     46.16700     3.24500     10.00000     159.50000     4.00000     XXXXXXX     74.20000     4.60000     24.80000     0.00000     1.70000     0.00000     1.90000
summer     large     high     9.10000     10.50000     41.25000     2.31000     96.83300     234.50000     6.00000     XXXXXXX     17.10000     5.40000     1.70000     1.60000     11.70000     0.00000     3.20000
summer     medium     high     7.72000     10.70000     43.97000     3.72600     345.45499     2.00000     102.33300     7.30000     1.40000     2.10000     0.00000     3.70000     0.00000     0.00000     0.00000
spring     large     high     8.00000     9.80000     XXXXXXX     2.23100     10.00000     61.18200     11.81800     XXXXXXX     0.00000     12.00000     25.30000     4.40000     0.00000     8.70000     1.60000
summer     small     high     8.00000     10.50000     187.18300     1.33500     46.50000     264.89999     215.50000     15.60000     0.00000     0.00000     0.00000     1.20000     0.00000     2.20000     0.00000
spring     medium     medium     7.70000     XXXXXXX     8.00000     3.14000     22.50000     XXXXXXX     56.66700     XXXXXXX     81.90000     0.00000     19.70000     3.40000     0.00000     0.00000     0.00000
winter     large     medium     8.60000     12.60000     43.00000     5.41400     XXXXXXX     32.50000     111.75000     5.20000     46.90000     5.00000     0.00000     0.00000     0.00000     17.80000     0.00000
summer     medium     high     8.30000     9.60000     32.05600     4.69800     370.00000     23.00000     40.66700     1.00000     3.30000     4.30000     0.00000     0.00000     2.10000     8.50000     1.40000
spring     large     medium     7.80000     10.70000     4.08300     0.38100     160.00000     62.62500     205.87500     0.30000     12.20000     0.00000     8.80000     44.60000     0.00000     0.00000     1.20000
winter     medium     high     7.44000     11.70000     69.00000     1.39000     81.00000     132.50000     75.90400     24.55600     0.00000     21.50000     8.00000     0.00000     6.50000     0.00000     1.40000
spring     medium     medium     8.22000     9.20000     3.27500     0.64200     196.00000     1.25000     6.75000     4.50000     3.40000     12.00000     0.00000     5.30000     8.20000     0.00000     0.00000
summer     large     medium     7.80000     11.80000     8.00000     0.92100     34.00000     175.66701     2.50000     XXXXXXX     2.90000     0.00000     0.00000     0.00000     0.00000     5.50000     0.00000
spring     large     medium     8.30000     6.00000     12.18200     1.65500     27.50000     143.71001     351.60001     1.40000     0.00000     0.00000     1.40000     0.00000     0.00000     0.00000     2.30000
winter     small     medium     8.66000     10.10000     39.10900     XXXXXXX     155.00000     4.00000     388.16699     1.00000     1.40000     4.90000     1.00000     3.00000     0.00000     1.40000     30.10000
winter     medium     low     8.70000     8.50000     130.67000     3.02000     215.55600     151.12500     77.43400     34.75000     42.50000     2.10000     0.00000     0.00000     9.00000     29.50000     3.30000
spring     medium     medium     8.20000     9.00000     82.11100     0.66300     32.50000     412.33301     246.66701     2.10000     29.70000     0.00000     0.00000     1.20000     1.20000     0.00000     1.40000
winter     medium     medium     8.43000     10.20000     39.00000     6.04500     5.80000     16.00000     104.00000     11.70000     19.00000     12.70000     3.30000     4.90000     7.50000     0.00000     2.20000
winter     medium     high     8.07000     6.20000     208.36400     4.50800     15.00000     4.25000     269.66699     20.57800     1.20000     5.80000     0.00000     2.20000     0.00000     6.90000     1.00000
autumn     medium     medium     8.50000     10.40000     31.00000     4.87000     XXXXXXX     66.40000     177.62500     3.60000     0.00000     0.00000     17.60000     0.00000     11.50000     0.00000     1.00000
winter     medium     high     8.70000     9.00000     7.83800     3.97600     13.50000     39.00000     303.33301     18.37000     89.80000     0.00000     6.60000     0.00000     0.00000     17.00000     0.00000
autumn     medium     medium     8.00000     4.40000     12.77800     0.99600     103.33300     18.25000     143.75000     16.00000     64.90000     8.00000     10.10000     3.50000     4.90000     0.00000     1.00000
winter     small     medium     8.60000     11.50000     63.29200     8.68800     102.75000     64.00000     11.00000     0.80000     16.80000     1.40000     0.00000     3.50000     0.00000     0.00000     2.50000
spring     medium     medium     8.60000     8.10000     29.77500     0.82600     60.00000     87.33300     253.25000     2.50000     4.10000     0.00000     11.80000     0.00000     0.00000     17.70000     4.10000
summer     small     medium     7.50000     9.80000     11.00000     2.22000     208.33299     27.00000     XXXXXXX     2.80000     75.80000     21.60000     5.40000     2.10000     18.70000     49.40000     0.00000
autumn     medium     low     7.80000     10.50000     XXXXXXX     5.09900     91.83300     120.50000     14.00000     5.08300     6.50000     0.00000     0.00000     4.60000     0.00000     1.50000     1.40000
winter     large     high     7.60000     5.40000     69.75000     4.93000     245.00000     191.75000     137.77800     4.30000     1.20000     21.70000     0.00000     0.00000     4.00000     11.50000     2.10000
winter     small     medium     7.40000     10.80000     100.83000     1.51900     89.60000     3.22200     111.37500     21.00000     56.80000     3.10000     2.40000     1.00000     2.40000     6.40000     0.00000
winter     large     high     7.93000     11.17000     12.14600     9.08000     10.00000     27.50000     58.62300     12.10000     3.40000     21.10000     1.20000     0.00000     5.20000     0.00000     31.20000
summer     medium     high     8.00000     10.80000     12.53600     4.40800     737.50000     1.80000     186.00000     14.70000     43.70000     0.00000     6.30000     0.00000     0.00000     12.70000     0.00000
summer     medium     medium     9.70000     4.90000     79.07700     0.84600     60.00000     276.85001     76.33300     7.30000     0.00000     0.00000     0.00000     0.00000     6.40000     0.00000     22.10000
winter     small     medium     8.10000     11.70000     12.00000     4.86000     38.11100     67.50000     87.12500     4.30000     24.80000     0.00000     0.00000     0.00000     0.00000     1.60000     16.70000
winter     medium     medium     7.50000     10.60000     48.66700     2.30400     110.00000     5.00000     11.80000     3.00000     0.00000     2.00000     3.10000     0.00000     1.90000     0.00000     1.90000
spring     medium     medium     8.40000     9.70000     17.75000     1.52700     172.50000     6.00000     20.75000     8.10000     30.30000     0.00000     10.80000     1.20000     35.60000     0.00000     0.00000
winter     small     medium     8.10000     9.90000     39.00000     2.10200     3515.00000     282.16699     284.00000     XXXXXXX     15.50000     2.10000     2.10000     0.00000     8.60000     1.80000     0.00000
spring     medium     medium     8.20000     7.10000     88.00000     3.31800     8777.59961     346.16699     391.75000     2.00000     2.00000     8.60000     1.40000     0.00000     44.40000     12.40000     1.40000
summer     large     high     8.50000     4.50000     37.60000     3.73400     2082.85010     59.42900     265.25000     0.50000     11.30000     0.00000     3.70000     1.70000     5.50000     15.80000     0.00000
winter     small     high     8.00000     9.40000     47.00000     3.76500     102.50000     51.11100     61.50000     54.36700     7.20000     0.00000     0.00000     1.70000     11.20000     0.00000     4.20000
spring     small     high     8.10000     9.50000     87.00000     2.68000     21.57100     64.38900     75.33300     5.50000     14.70000     3.90000     0.00000     1.90000     15.30000     4.70000     1.90000
spring     small     low     7.90000     6.35000     3.00000     4.94000     32.72700     35.33300     218.00000     6.40000     0.00000     15.70000     5.50000     0.00000     0.00000     20.40000     0.00000
winter     large     high     8.10000     9.80000     3.13600     1.57200     132.25000     104.50000     219.90900     20.82900     5.70000     13.70000     1.50000     0.00000     2.70000     0.00000     0.00000
autumn     small     high     9.10000     10.70000     127.83300     2.31600     98.33300     20.00000     186.50000     81.54000     1.90000     0.00000     0.00000     0.00000     0.00000     0.00000     0.00000
winter     small     low     8.90000     10.60000     57.75000     5.13000     83.75000     75.87500     183.66701     53.10000     14.60000     0.00000     35.10000     3.40000     0.00000     0.00000     0.00000
spring     medium     medium     7.90000     6.20000     5.83000     4.18800     723.66699     51.75000     49.33300     2.00000     7.60000     38.50000     7.30000     0.00000     1.00000     2.40000     1.40000
summer     small     low     8.10000     6.20000     85.98200     6.09600     52.20000     16.80000     211.66701     2.00000     2.40000     3.40000     1.00000     6.60000     6.40000     0.00000     1.00000
autumn     small     high     7.70000     9.60000     63.62500     1.53500     176.66701     41.50000     285.71399     0.40000     23.70000     0.00000     42.80000     0.00000     1.40000     1.20000     0.00000
spring     small     medium     7.80000     8.00000     38.12500     5.97000     24064.00000     102.00000     138.50000     8.95700     7.00000     4.10000     0.00000     4.60000     0.00000     0.00000     4.30000
autumn     medium     medium     7.80000     10.50000     65.33300     0.92300     137.27299     84.30000     200.23100     0.80000     39.70000     0.00000     22.90000     0.00000     1.20000     9.90000     0.00000
spring     medium     high     7.40000     8.80000     7.25000     0.13000     10.00000     1.33300     46.60000     XXXXXXX     8.70000     28.00000     2.10000     2.60000     5.80000     0.00000     0.00000
spring     small     high     7.62000     10.10000     47.77800     2.97800     227.60001     2.00000     152.33299     2.70000     10.30000     1.20000     9.40000     0.00000     8.10000     13.20000     3.20000
spring     medium     low     8.70000     8.90000     XXXXXXX     9.77300     20.00000     20.66700     201.77800     3.00000     1.90000     16.00000     20.20000     4.10000     1.00000     5.40000     0.00000
winter     small     low     8.10000     11.10000     73.25000     1.00300     225.00000     209.85699     275.14301     0.80000     8.80000     5.60000     6.80000     0.00000     28.80000     0.00000     2.70000
winter     small     high     8.35000     10.80000     54.14300     1.72600     66.66700     3.00000     344.60001     2.33800     5.90000     4.60000     9.00000     0.00000     0.00000     15.80000     0.00000
winter     small     high     7.30000     3.40000     XXXXXXX     0.73000     37.77800     60.83300     132.54601     25.00000     1.40000     15.20000     0.00000     0.00000     0.00000     6.80000     0.00000
summer     small     high     7.83000     9.50000     0.80000     1.92100     1729.00000     16.00000     287.00000     5.11100     3.60000     0.00000     0.00000     1.00000     27.60000     0.00000     2.40000
autumn     small     low     8.00000     7.70000     45.27300     1.53400     371.11099     100.00000     558.75000     31.73800     2.40000     14.50000     1.70000     4.00000     1.20000     0.00000     3.60000
spring     medium     high     7.90000     9.40000     44.20500     3.44400     505.00000     10.00000     26.00000     0.80000     4.00000     72.60000     2.50000     1.00000     0.00000     0.00000     0.00000
winter     medium     medium     8.87000     5.90000     11.81800     0.53600     49.50000     246.00000     23.00000     5.80000     64.30000     36.60000     1.60000     0.00000     1.70000     0.00000     0.00000
summer     medium     low     7.83000     8.10000     53.42500     4.17000     118.57100     37.85700     84.00000     2.00000     46.20000     12.70000     22.00000     4.30000     0.00000     2.60000     25.60000
winter     medium     medium     7.90000     8.20000     22.32000     4.99000     98.18200     37.00000     86.99700     4.50000     16.60000     1.50000     6.10000     1.00000     0.00000     4.50000     1.50000
spring     medium     high     7.30000     11.10000     32.54000     0.40600     8.00000     12.75000     167.89999     14.77500     0.00000     15.90000     0.00000     0.00000     0.00000     10.60000     0.00000
winter     small     medium     7.80000     11.62000     40.16700     1.71800     14.75000     19.11100     21.30000     4.90000     2.10000     7.00000     0.00000     0.00000     1.20000     22.30000     0.00000
autumn     large     high     7.79000     3.20000     74.66700     8.75900     12.72700     41.30000     15.00000     46.07500     17.30000     18.40000     0.00000     0.00000     1.40000     0.00000     0.00000
autumn     small     low     7.50000     4.30000     151.83299     3.82900     131.66701     102.33300     10.11100     68.05000     66.00000     0.00000     3.50000     0.00000     1.00000     0.00000     14.40000
autumn     small     low     8.20000     6.60000     42.63600     6.22500     647.57001     55.00000     138.70000     3.00000     54.40000     4.30000     1.00000     0.00000     6.10000     0.00000     1.40000
autumn     medium     low     8.30000     10.20000     57.84800     1.32000     60.11000     28.62500     771.59998     2.90000     16.50000     0.00000     19.60000     1.20000     0.00000     1.20000     31.60000
spring     medium     high     8.30000     10.70000     131.39999     3.77300     56.36400     71.00000     14.00000     31.00000     39.70000     20.10000     10.60000     1.80000     0.00000     4.70000     5.20000
spring     small     medium     6.60000     8.30000     82.85200     0.67300     153.75000     181.00000     6.20000     6.42900     18.10000     0.00000     7.00000     0.00000     13.30000     1.00000     0.00000
spring     medium     low     9.06000     10.70000     35.75000     1.72000     429.20001     36.90900     85.40000     41.00000     12.60000     2.70000     0.00000     0.00000     0.00000     5.90000     0.00000
summer     small     medium     7.29000     9.70000     9.00000     4.45900     84.66700     48.66700     127.22200     5.20000     31.80000     1.20000     1.70000     0.00000     15.90000     7.00000     18.60000
spring     small     medium     8.10000     9.40000     31.09100     1.87500     486.50000     12.75000     6.66700     0.50000     25.40000     8.70000     0.00000     1.90000     11.30000     33.20000     0.00000
autumn     medium     high     7.61000     11.70000     125.60000     0.23000     239.00000     261.60001     187.05701     28.56700     18.20000     0.00000     0.00000     0.00000     0.00000     0.00000     5.80000
summer     small     low     8.60000     6.90000     10.40000     4.90800     10.00000     1.00000     7.20000     0.30000     52.20000     4.60000     4.80000     0.00000     20.80000     1.90000     6.60000
summer     medium     high     8.30000     10.00000     7.00000     5.07800     35.00000     23.00000     88.50000     0.80000     41.00000     1.90000     11.50000     2.40000     0.00000     5.10000     0.00000
winter     medium     medium     8.70000     11.00000     2.11100     3.61700     65.55600     34.63600     13.60000     11.10000     31.10000     0.00000     1.40000     0.00000     0.00000     0.00000     3.20000
winter     medium     medium     7.60000     XXXXXXX     26.00000     0.26700     31.33300     1.00000     23.48500     88.25500     6.90000     0.00000     1.90000     0.00000     3.90000     0.00000     1.70000
summer     small     low     7.80000     10.50000     10.50000     6.18800     92.37500     38.75000     66.75000     3.70000     82.70000     0.00000     1.20000     2.00000     9.20000     13.10000     2.20000
winter     large     high     8.40000     9.80000     1.45000     3.23500     5738.33008     12.88900     221.27800     1.30000     0.00000     41.00000     5.00000     0.00000     2.20000     9.60000     1.10000
spring     small     medium     8.30000     9.80000     26.76000     5.33000     20.00000     97.33300     317.00000     22.50000     0.00000     1.70000     0.00000     8.30000     22.10000     0.00000     12.50000
winter     medium     medium     7.90000     11.90000     22.35000     3.83300     206.53799     38.62500     276.00000     5.45000     39.10000     1.00000     2.10000     1.20000     14.90000     0.00000     0.00000
spring     medium     high     8.30000     4.50000     20.08300     3.73000     101.00000     26.60000     82.44400     0.80000     16.80000     11.20000     2.00000     1.00000     0.00000     0.00000     0.00000
winter     medium     high     7.92500     11.60000     11.00000     0.77000     101.25000     197.83299     6.00000     18.33000     1.50000     0.00000     1.20000     3.70000     3.60000     0.00000     0.00000
spring     medium     medium     8.20000     6.30000     0.22200     2.60300     103.33300     85.50000     18.29300     5.23300     1.20000     0.00000     0.00000     1.30000     3.20000     0.00000     0.00000
spring     medium     medium     8.80000     9.00000     129.37500     3.85000     1386.25000     58.87500     98.14300     2.00000     1.40000     3.80000     10.20000     28.80000     9.50000     0.00000     0.00000
winter     medium     high     8.50000     12.10000     10.55600     0.90000     1990.16003     238.20000     6.00000     27.61800     4.20000     32.80000     0.00000     0.00000     0.00000     15.70000     1.90000
summer     medium     medium     8.25000     11.10000     10.97500     1.20300     175.00000     37.37500     197.14301     0.20000     46.60000     7.60000     0.00000     0.00000     3.50000     0.00000     3.90000
autumn     medium     medium     7.40000     9.70000     7.00000     6.51300     20.00000     136.75000     10.75000     0.60000     0.00000     0.00000     4.10000     0.00000     20.80000     0.00000     1.70000
autumn     medium     medium     7.90000     11.80000     36.24800     7.74000     643.00000     32.00000     39.00000     30.00000     24.30000     1.90000     1.00000     0.00000     0.00000     1.40000     1.70000
spring     small     medium     8.56000     7.90000     12.44400     3.07000     165.00000     70.00000     142.00000     75.00000     18.10000     0.00000     8.80000     6.20000     0.00000     7.50000     0.00000
summer     medium     medium     8.47000     10.40000     70.00000     5.41000     6400.00000     45.00000     123.33300     3.00000     13.00000     6.00000     0.00000     12.70000     7.70000     3.60000     1.40000
autumn     small     high     8.58000     8.40000     64.09300     0.73500     758.75000     21.08300     304.00000     16.00000     10.80000     0.00000     0.00000     0.00000     9.90000     18.20000     0.00000
autumn     medium     high     8.50000     10.80000     38.90200     4.55500     4073.33008     46.66700     61.60000     6.16700     0.00000     11.60000     1.00000     0.00000     0.00000     0.00000     2.40000
spring     medium     high     8.70000     9.90000     40.22600     8.98400     215.71400     2.50000     105.72700     32.00000     32.80000     3.90000     1.90000     0.00000     5.50000     0.00000     0.00000
winter     medium     high     8.00000     9.00000     77.36400     1.21200     1081.66003     48.00000     3.00000     22.50000     2.80000     20.60000     1.00000     2.20000     6.70000     1.20000     0.00000
spring     medium     low     8.00000     8.70000     50.00000     9.24800     34.33300     16.00000     188.66701     0.80000     14.40000     0.00000     0.00000     0.00000     0.00000     21.40000     6.00000
summer     small     high     8.10000     9.50000     65.75000     2.27300     33.63600     26.00000     13.20000     22.70000     0.00000     5.90000     0.00000     3.90000     1.20000     9.90000     7.20000
winter     large     medium     8.50000     7.10000     10.93600     5.13200     90.00000     109.00000     43.50000     XXXXXXX     15.10000     0.00000     0.00000     0.00000     9.00000     32.10000     1.70000
spring     medium     medium     XXXXXXX     6.00000     32.92000     5.09900     2167.37012     13.00000     313.60001     6.80000     2.50000     0.00000     2.30000     0.00000     0.00000     77.60000     2.40000
spring     large     low     7.57000     6.00000     5.88900     0.46100     1131.66003     20.00000     18.00000     1.20000     1.70000     16.40000     4.10000     4.60000     1.10000     17.20000     0.00000
winter     medium     high     8.00000     10.90000     66.30000     1.65100     120.00000     12.00000     75.20700     0.50000     2.20000     1.90000     7.50000     2.70000     11.50000     0.00000     0.00000
spring     small     high     7.80000     11.70000     32.40000     0.10200     122.50000     55.00000     1.00000     0.80000     0.00000     0.00000     1.40000     1.70000     0.00000     0.00000     0.00000
spring     medium     medium     8.30000     11.80000     40.02000     3.68500     62.50000     12.75000     236.00000     2.15000     14.40000     3.40000     13.60000     5.00000     0.00000     0.00000     0.00000
spring     medium     low     8.50000     10.50000     13.50000     0.63000     49.00000     166.72701     125.80000     4.00000     2.80000     10.50000     0.00000     2.60000     8.00000     0.00000     15.10000
winter     large     high     7.14000     10.30000     23.25000     3.31000     18.00000     144.66701     54.91600     20.60000     0.00000     0.00000     1.80000     0.00000     6.60000     0.00000     0.00000
winter     small     high     8.30000     8.10000     49.90000     5.44200     76.66700     47.50000     232.83299     6.50000     52.40000     0.00000     2.90000     0.00000     0.00000     0.00000     2.70000
autumn     large     high     8.30000     11.30000     2.93300     4.05300     43.75000     102.36400     XXXXXXX     17.20000     1.70000     1.00000     1.50000     0.00000     5.00000     0.00000     3.90000
spring     large     medium     8.50000     9.80000     30.52300     1.67000     205.66701     111.25000     624.73297     5.55500     15.80000     38.80000     3.40000     0.00000     8.90000     0.00000     1.60000
spring     large     high     8.80000     10.80000     4.32600     1.71500     224.28600     180.66701     101.45500     2.00000     0.00000     0.00000     1.90000     1.40000     4.80000     0.00000     7.10000
spring     medium     medium     7.90000     12.90000     56.71700     0.33000     246.36400     8.60000     121.00000     21.90000     28.10000     0.00000     5.60000     0.00000     8.60000     6.70000     0.00000
winter     medium     medium     8.43000     3.20000     16.00000     4.82000     101.66700     27.25000     97.58000     0.90000     4.10000     1.70000     0.00000     0.00000     0.00000     0.00000     2.10000
summer     medium     high     7.90000     10.68000     32.30000     1.47400     380.00000     173.00000     69.93000     65.70000     0.00000     0.00000     19.50000     0.00000     0.00000     0.00000     1.00000
summer     large     high     7.70000     11.10000     10.07800     2.16300     137.00000     151.33299     232.89999     1.00000     3.80000     9.70000     3.70000     0.00000     2.50000     2.70000     2.90000
autumn     large     high     6.40000     11.10000     101.87500     1.87300     134.00000     26.62500     11.00000     3.20000     2.40000     0.00000     2.50000     4.00000     2.60000     0.00000     0.00000
winter     small     low     7.70000     10.29000     XXXXXXX     1.87000     130.00000     49.00000     40.00000     8.15500     54.00000     19.60000     1.70000     0.00000     0.00000     0.00000     0.00000
spring     large     medium     8.06000     11.80000     15.00000     3.77800     627.27301     196.62000     85.00000     9.38400     1.50000     0.00000     0.00000     0.00000     4.80000     0.00000     0.00000
winter     medium     medium     8.24000     7.60000     5.32600     3.56100     931.83301     27.66700     272.22198     21.22000     58.70000     13.20000     0.00000     2.00000     7.40000     32.90000     0.00000
spring     large     medium     8.15000     5.50000     9.00000     45.65000     51.42900     61.25000     11.50000     28.40000     10.30000     12.00000     0.00000     2.20000     1.20000     0.00000     0.00000
autumn     medium     medium     7.80000     7.00000     104.81800     0.75800     124.36400     54.10000     61.44400     5.60900     47.10000     0.00000     16.00000     7.60000     0.00000     42.40000     6.10000
summer     large     high     8.70000     7.40000     XXXXXXX     1.28700     54.77800     50.88900     89.62500     23.80000     0.00000     0.00000     0.00000     0.00000     0.00000     0.00000     1.90000
summer     small     medium     7.60000     9.30000     81.33300     XXXXXXX     197.90900     2.00000     7.00000     4.50000     35.50000     40.70000     1.10000     0.00000     19.00000     17.00000     0.00000
summer     medium     medium     8.50000     6.50000     28.33300     4.66500     271.25000     159.16701     173.75000     20.80000     32.50000     4.10000     0.00000     0.00000     0.00000     8.30000     0.00000
autumn     small     low     7.90000     10.80000     59.06700     0.86000     10.00000     16.00000     171.27200     1.10000     1.20000     31.90000     7.50000     7.70000     11.30000     0.00000     6.00000
spring     large     high     8.10000     8.60000     8.69000     1.01300     12.50000     34.50000     115.00000     9.00000     0.00000     26.50000     0.00000     0.00000     5.50000     0.00000     7.80000
autumn     small     medium     8.40000     3.60000     47.22900     7.19500     12.50000     31.33300     72.90000     30.40000     1.40000     1.70000     3.30000     0.00000     0.00000     2.60000     0.00000
winter     medium     high     8.40000     10.10000     XXXXXXX     3.20000     16.20000     30.75000     6.00000     17.20000     48.30000     0.00000     1.20000     0.00000     1.40000     0.00000     0.00000
summer     medium     high     7.40000     8.90000     7.61300     2.67000     142.00000     3.80000     222.28600     4.30000     50.40000     3.80000     1.00000     0.00000     0.00000     7.10000     0.00000
summer     large     medium     8.10000     6.00000     34.50000     6.23800     18.33300     77.33300     147.83299     3.00000     64.20000     0.00000     13.50000     0.00000     2.50000     5.90000     0.00000
winter     large     medium     8.53000     6.70000     7.00000     0.86600     103.00000     9.66700     22.90000     7.60000     86.60000     0.00000     4.90000     5.00000     0.00000     0.00000     0.00000
winter     large     high     7.60000     13.40000     9.05500     1.42000     40.00000     7.66700     19.00000     0.50000     66.90000     2.90000     0.00000     13.40000     19.70000     0.00000     1.20000
spring     medium     medium     8.50000     6.10000     11.08800     0.69900     196.66701     267.75000     233.50000     0.50000     25.50000     8.00000     2.00000     7.80000     5.60000     0.00000     0.00000
winter     large     medium     9.10000     10.77000     35.66000     10.41600     920.00000     53.00000     213.00000     3.20000     1.70000     0.00000     3.00000     5.00000     1.40000     4.60000     2.10000
winter     small     high     8.05000     8.30000     3.86000     5.45600     15.00000     24.66700     239.00000     17.49100     3.30000     5.20000     0.00000     0.00000     3.10000     1.50000     0.00000
summer     small     medium     7.60000     8.20000     94.00000     3.33000     105.55600     51.12500     44.13600     22.90000     0.00000     28.00000     0.00000     2.20000     9.20000     0.00000     0.00000
summer     small     high     8.55000     9.80000     136.00000     2.80000     82.10000     51.11100     47.00000     3.00000     2.50000     4.10000     2.40000     0.00000     10.20000     4.50000     0.00000
winter     large     medium     6.60000     7.60000     53.00000     3.35100     17.77800     45.90000     45.00000     3.10000     0.00000     0.00000     0.00000     0.00000     0.00000     0.00000     0.00000
spring     large     high     8.50000     11.40000     15.54100     3.90000     32.00000     14.66700     81.55800     13.10000     1.10000     7.00000     1.20000     1.90000     0.00000     52.50000     5.90000
winter     large     high     7.91000     5.80000     XXXXXXX     3.67800     125.33300     19.72700     170.00000     0.60000     0.00000     17.10000     0.00000     11.30000     6.60000     0.00000     0.00000
summer     large     high     7.40000     7.90000     7.33300     4.03000     170.90900     72.00000     120.88900     3.50000     0.00000     2.60000     0.00000     0.00000     0.00000     0.00000     0.00000
autumn     large     high     9.00000     4.90000     94.40500     3.97800     3466.65991     54.00000     127.00000     1.10000     3.30000     14.70000     2.90000     5.70000     3.10000     3.10000     7.00000
summer     medium     high     8.10000     11.30000     5.00000     2.58600     112.85700     19.11100     432.90900     40.00000     18.90000     13.20000     1.70000     2.40000     0.00000     6.80000     2.70000
summer     medium     high     8.20000     10.90000     17.37500     0.81000     153.00000     36.00000     98.25000     XXXXXXX     55.50000     2.10000     0.00000     1.40000     8.60000     0.00000     2.90000
autumn     small     medium     7.77000     11.80000     14.32000     1.51000     65.45500     22.44400     254.60001     92.66700     37.30000     21.70000     1.60000     0.00000     5.30000     10.30000     1.00000
summer     large     medium     7.74000     11.00000     44.00000     2.44300     430.00000     18.66700     16.00000     1.10000     4.40000     1.00000     21.70000     2.10000     0.00000     0.00000     0.00000
autumn     small     medium     7.20000     8.40000     48.42900     1.73200     421.66699     428.75000     228.36400     XXXXXXX     3.30000     12.50000     14.00000     1.00000     6.10000     7.90000     4.90000
spring     large     medium     8.00000     11.70000     61.05000     0.82500     27.06900     6.50000     35.20000     15.00000     0.00000     14.60000     2.70000     0.00000     5.70000     0.00000     1.90000

