1)
  season   size  speed mxPH mnO2    Cl   NO3 NH4  oPO4   PO4  Chla   a1   a2   a3  a4  a5  a6  a7
1 winter medium medium 8.50  7.6 88.00 1.208 162 197.8  75.3 50.00  0.0 13.2  1.4 2.0 5.5 0.0 0.0
2 spring  large medium 8.70 10.9 39.11 0.846 124  33.8 558.8  8.15 18.1 15.7  4.1 3.7 0.0 6.9 0.0
3 autumn medium    low 7.09  8.4 40.02 5.099 347  75.9  46.4  7.30 31.1 53.6 21.9 1.2 3.4 0.0 1.0
4 autumn medium medium 7.90  4.8  1.55 5.694 123  23.0 138.7  5.54  0.0  0.0 18.9 0.0 2.1 0.0 2.9
5 winter  small    low 8.00  9.0  5.27 1.420 134  58.2  97.6  2.00  3.6  2.9  0.0 0.0 0.0 0.0 1.0
6 winter  large medium 7.40 10.0 47.78 3.778 914  82.2  98.2 28.40 24.8 11.3  0.0 0.0 0.0 0.0 1.2
2)
,season,size,speed,mxPH,mnO2,Cl,NO3,NH4,oPO4,PO4,Chla,a2,a4,a6,a7
1,winter,medium,medium,8.5,7.6,88,1.208,161.81799,197.83299,75.333,50,13.2,2,0,0
2,spring,large,medium,8.7,10.9,39.109,0.846,124.364,33.8,558.75,8.155,15.7,3.7,6.9,0
3,autumn,medium,low,7.09,8.4,40.02,5.099,346.66699,75.875,46.438,7.3,53.6,1.2,0,1
4,autumn,medium,medium,7.9,4.8,1.549,5.694,122.85,23,138.7,5.544,0,0,0,2.9
5,winter,small,low,8,9,5.273,1.42,134,58.222,97.58,2,2.9,0,0,1
6,winter,large,medium,7.4,10,47.778,3.778,914,82.222,98.25,28.4,11.3,0,0,1.2
7,summer,large,medium,7.9,10.3,47.229,5.132,235,26.625,10.75,6.209,14.7,0,0,0
8,summer,small,medium,8.2,10.6,10.207,4.99,49.5,44.667,15,2,0,0,22.9,0
9,winter,small,high,7.3,7.8,10.556,2.273,176.66701,37.375,173.75,2.1,28,0,0,0
10,autumn,medium,low,7.6,9.9,69,1.39,88.182,8.692,262.72699,40,16,12.7,0,0
11,autumn,medium,medium,8.4,4.4,82.852,6.225,2167.37012,12.75,54.916,0.8,38.8,1.2,0,0
12,summer,medium,medium,8.3,11.1,16,3.78,18.429,467.5,14.354,0.3,0,0,18.2,0
13,winter,medium,medium,9.5,9.6,48.429,0.921,308.75,109,232.89999,9,0,0,0,0
14,summer,small,medium,7.72,3.4,11,8.759,60.11,9,140.517,5.5,6.4,4,0,0
15,summer,medium,high,8.15,8.8,51.113,1.448,239,23,21.3,2,1.9,0,16.6,1.9
16,winter,medium,high,8.3,11.5,64.093,3.07,96.833,97.333,75.207,3,0,3.4,10.6,0
17,autumn,small,high,8.24,4.9,7,9.715,39,24,72.9,0.4,0,0,6.8,7.8
18,autumn,medium,high,8.06,8.8,32.54,1.655,723.66699,35.333,NA,0.5,4.6,0,4.5,30.1
19,autumn,large,low,7.9,6.8,29.775,0.445,217.75,220.75,27.5,2.9,12.7,4.3,0,0
20,autumn,medium,medium,8.7,10.7,5,1.443,430,564.59998,303.33301,5.111,0,0,2.4,1.4
21,spring,medium,medium,7.83,10.5,3.5,0.267,25,NA,6,16,0,6.8,0,1.4
22,summer,small,high,8.1,8.1,22.455,1.534,82.1,238.2,277.33301,1,0,2.3,0,1.9
23,winter,small,medium,8.3,8.9,29.5,3.245,1990.16003,125.667,18,5.8,0,1.4,0,0
24,winter,small,low,7.14,7.7,50,3.561,37.5,53.625,87.125,NA,0,0,0,2.2
25,autumn,small,high,7.7,10.5,60.8,5.13,124.167,41.5,108,53.1,5,2.2,0,2
26,winter,large,high,8.8,8.8,87,10.416,10,36.909,84.46,11.7,0,0,11.5,0
27,winter,large,high,7.19,6.3,11.867,2.304,43.75,61.556,61.444,NA,0,1.3,0,0
28,autumn,medium,high,7.61,10.68,77,1.587,20,19.727,40,34.75,0,2.4,0,0
29,winter,medium,high,7.4,5.5,8.69,1.212,20,1,121,0.8,28,0,4.5,2.5
30,spring,medium,low,7.83,7.7,9,4.408,120,18.667,NA,0.8,0,0,8.3,3.6
31,autumn,large,low,7.8,11.8,5.326,9.773,60,144.66701,287,5.62,1.4,0,12.4,1.2
32,spring,small,medium,8.2,8.5,79.077,2.231,60,132.5,127.222,10,17.1,0,11.1,0
33,summer,small,medium,7,11.17,11.088,3.02,27.069,137.60001,102.571,1.5,18.4,0,42.7,2.1
34,winter,medium,high,7.5,9.4,53,5.164,192.5,51.111,253.25,31.738,9.7,0,9.9,5.2
35,winter,small,high,8.3,6.3,173.75,3.316,32.5,34.5,304,NA,40.7,0,2.7,2.2
36,summer,small,medium,8.7,7.1,NA,0.735,27.5,61.182,44.136,88.255,0,0,12.6,9.7
37,spring,large,medium,8.21,5.3,17.375,2.67,142,14.667,146.452,0.2,5.5,0,0,1.2
38,winter,medium,medium,8,8.2,63.292,3.976,109,27,236,7.9,0,1.1,0,4.3
39,summer,small,high,6.6,11.3,54.143,5.414,65.556,20.667,170,12.1,12.7,0,32.1,0
40,spring,medium,medium,8.4,6.6,0.8,3.351,228.75,16.833,183.66701,17.2,3.1,0,0,3.2
41,spring,small,low,8.5,6.5,46.167,1.47,102.75,26,89.625,3.7,5.9,3.5,0,0
42,autumn,small,low,7.8,10.5,3.275,2.68,1168,37,141.83299,13.2,21.7,2.4,0,0
43,summer,small,high,7.8,10.3,2.933,3.829,46.2,85.5,124.2,0.5,40.9,0,6.4,0
44,autumn,medium,medium,8.3,12.9,39,4.053,51.429,276.85001,77.434,11.84,0,0,2.6,1.9
45,summer,large,low,8.3,9.2,16,4.555,42,45.9,111.75,3.9,28.2,3.9,0,0
46,winter,large,high,8.3,12.5,10.5,0.536,165,78.333,246.66701,3.3,1.5,0,13.1,25.6
47,spring,small,medium,8,11,66.3,3.833,236,51.75,43.5,0.8,12.7,0,2,6.6
48,spring,small,high,8.4,1.5,9,3.31,4073.33008,5,105.727,3,8.6,0,0,0
49,spring,medium,medium,9.1,5.9,15,3.02,53.846,19.111,58.374,20.8,0,0,2.2,2.9
50,winter,small,high,6.5,10.5,17.75,5.099,153.75,66.4,85,3.2,0,5.7,0,1.4
51,summer,medium,medium,7.8,9.5,22.35,5.442,461.875,71,72.696,3,0,6.8,0,6
52,summer,small,high,8,7.9,30.125,2.978,33.636,159.16701,120.889,0.8,7.4,0,0,1.1
53,spring,medium,high,8.06,7.1,30.523,2.22,28.333,1,34,21.22,10.4,0,13.2,2.4
54,spring,small,high,7.2,9.9,6.167,0.91,18.333,39,11.818,0.8,4.9,0,0,1.6
55,winter,small,high,7.3,9.6,129.375,0.81,96.667,428.75,6.5,NA,31.9,0,3.9,2.9
56,winter,large,high,8.2,10.2,NA,3.14,17.778,4,16,1.1,0,0,0,0
57,autumn,small,high,6.6,10.8,44,1.32,10,1,6,2.7,1.2,7.7,0,0
58,winter,large,high,8.7,8.1,28.333,3.33,22.5,1.625,142,3,4.6,1,0,0
59,summer,medium,high,7.9,6.5,15.541,1.535,345.45499,19.111,102.333,9.882,0,0,0,10.2
60,spring,small,low,8.2,12.1,20.083,0.735,155,26.6,13.6,15.3,2,4.6,8.7,0
61,winter,medium,medium,8.7,5.8,53.102,1.328,38.111,264.89999,57.833,15.6,0,7.8,1.4,0
62,winter,medium,high,7.5,NA,47,1.588,131.66701,NA,56.667,NA,1.7,4.8,0,0
63,autumn,small,medium,7.45,11.9,130.67,2.64,90,27.667,61.6,2.1,7.6,0,1.4,0
64,winter,small,high,7.57,8.2,38.125,2.443,15,2,86.997,1,4.3,0,0,1.4
65,winter,small,medium,7.9,9.9,4.7,1.013,160,180.66701,140.22,46.075,4.1,1.9,0,7.1
66,winter,medium,high,7.44,3.6,19.22,0.672,15,1.333,10.111,18.37,2.1,2.9,0,1.2
67,summer,medium,high,8.7,6.35,57.75,4.535,112.857,12.889,432.909,4.5,1.7,2.6,15.8,1
68,autumn,small,medium,8.6,10.1,32.056,0.658,10,3,2.5,3.2,9.6,0,0,1
69,winter,medium,high,8.2,6,0.222,3.85,758.75,187,16.662,17.2,12,0,0,2.1
70,winter,small,medium,7.5,11.2,29.2,6.188,128.571,10.8,138.5,NA,0,0,0,0
71,winter,medium,medium,8.3,11.7,9.055,1.921,31.333,151.125,147.83299,1.1,2.1,0,16.7,1.2
72,winter,small,high,7.62,10.7,NA,0.663,380,2.5,152.33299,7.6,8.9,1.2,5.5,1.4
73,autumn,medium,high,8.43,8.1,2.111,0.923,1131.66003,61.25,292.625,15,4,0,0,4.2
74,winter,large,high,7.7,10.7,22.32,1.519,103.333,20,252.5,20.87,5.8,11,0,0
75,summer,large,high,8.5,9.9,131.39999,6.238,NA,2,177.625,20.829,0,0,0,12.5
76,winter,small,high,8.5,10,35.75,4.071,13.5,45,39,110.456,0,1,17,0
77,autumn,small,medium,9.06,8.2,12.182,2.102,224.286,10.667,40.667,54.367,0,0,17.1,1
78,winter,small,high,8.8,8.6,49.625,4.825,133.636,12.75,115,1.7,13.7,0,0,0
79,spring,small,medium,7.8,9.2,10.4,1.223,32.5,102.333,11.8,32,0,3.5,5.4,4.1
80,winter,medium,low,7.5,10.8,NA,2.942,737.5,36.3,50,2.8,21.6,0,0,1.4
81,summer,large,medium,7.8,11.21,54.19,4.908,28,60,284,NA,0,0,1.5,0
82,winter,small,medium,7.3,11.5,23.25,2.818,10,191.75,171.272,4.3,0,0,8.2,1.6
83,summer,medium,high,8,11.6,53,1.203,10,27.5,218,21,0,3,0,5.5
84,summer,small,medium,8.5,10.2,12.146,1.051,1386.25,67.5,186.5,18.3,4.1,0,0,31.2
85,winter,large,high,6.6,11.7,12.536,2.603,NA,18.25,214,12.32,5,0,6.2,0
86,winter,medium,medium,8.4,8,32.3,0.826,208.33299,120.5,35.2,0.8,0,0,0,1.7
87,summer,medium,high,7.4,10.8,48.667,3.73,137,4.25,71,13,0,2.2,0,16.7
88,spring,medium,medium,8.07,3.6,9,3.978,101.25,209.85699,607.16699,4.3,12.5,0,22.3,2.4
89,autumn,small,high,7.6,9.7,44.205,1.527,196,282.16699,213,2,8,0,0,18.6
90,summer,medium,medium,8,8.5,36.248,3.734,18,2,132.54601,81.54,14.5,1.9,4.6,6.8
91,spring,medium,medium,8.3,9.8,208.364,4.93,233.7,267.75,391.75,13.1,0,1.7,0,10.8
92,autumn,small,high,7.6,10.7,50,0.673,58.5,59.429,169.00101,75,13.2,0,0,0
93,winter,small,high,7.8,9.2,8,45.65,102.5,12.75,233.5,1.4,5.6,0,7,1
94,spring,large,low,8.1,12.6,53.333,3.318,21.571,37.857,6.2,19.4,3.1,4.4,17,1.9
95,spring,medium,medium,9.7,6.2,64,1.67,5738.33008,159.5,3,2.5,0,6.6,20.4,0
96,spring,medium,high,8.1,6,26,0.23,643,12,244,1.1,5.4,1.6,0,0
97,spring,medium,low,9.1,6,8,0.308,96.667,104.727,186,9.384,12,0,0,0
98,winter,medium,high,8.9,10.6,NA,2.323,172.5,49,187.05701,3.8,16.2,3.4,5.9,0
99,spring,small,high,7.9,9.5,27.233,4.03,8777.59961,31.333,49.333,14.7,0,0,8.5,0
100,winter,small,low,9.1,10.5,27.4,0.996,1081.66003,38.75,211.66701,14.775,3.4,1.2,15.8,0
101,spring,small,medium,8.1,9.7,3.86,7.16,122.5,182.42,239,30,0,0,9.9,0
102,spring,large,medium,8.58,6.2,13,1.87,153,44,154.125,NA,0,4.6,0,0
103,autumn,small,medium,8.27,8.4,4.545,2.899,52.2,84.3,275.14301,NA,0,0,0,0
104,spring,small,medium,8.5,9,34.5,4.698,43.75,16,116.2,22.5,2.1,0,7.1,0
105,summer,large,medium,7.93,9.8,14.32,0.886,429.20001,205.636,254.60001,92.667,0,5,3.6,3.2
106,spring,small,medium,8.7,9.8,40.167,3.908,215.714,104.5,201.778,4.5,1.7,0,0,1.9
107,spring,small,high,8.1,11.1,53.425,1.287,3466.65991,55,19,65.7,5.4,0,0,2.7
108,summer,small,medium,9.1,10.8,41.5,1.726,931.83301,4,265.25,50.225,14.6,3.5,2.6,0
109,winter,large,high,8.43,4.5,NA,NA,10,15.6,6,2,1,0,0,0
110,winter,small,high,8.4,13.4,31.091,2.55,3515,9.667,13.2,24.556,0,0,0,2.4
111,winter,medium,medium,8,12,20.625,0.381,51.111,62.625,17.333,31,15.2,4,0,0
112,spring,large,high,8.3,7.9,58.331,3.444,40,28.625,50.455,72.478,6.7,44.6,0,0
113,winter,large,low,8.87,NA,11.818,NA,370,105,351.60001,26.8,3.8,6.9,1.2,0
114,autumn,medium,low,8.16,10.8,4.326,1.875,118.571,24.667,361,2,7.3,0,17.7,0
115,autumn,medium,medium,8.2,8.3,57.75,7.74,24064,47.5,11,3,1.5,0,0,1.5
116,winter,small,high,8.3,11.3,3,0.406,10,151.33299,167.89999,25,0,8.3,5.1,7.2
117,spring,medium,medium,8.6,8.9,6.3,1.718,215.556,143.71001,222.286,4.9,15.9,0,0,31.6
118,autumn,small,medium,8.6,10.8,65.333,0.941,37.778,3.545,88.5,21.9,0,0,0,0
119,autumn,medium,low,8.4,9.4,31,0.9,49,3,221.278,24.917,0,0,0,3.3
120,winter,medium,low,8.2,10.5,95.367,5.97,92,7.4,771.59998,3,0,0,0,0
121,spring,small,low,9,6.7,NA,3.414,123.333,10,344.60001,NA,1,11.5,0,1
122,spring,medium,low,8.1,8.3,42.636,5.078,56.364,166.72701,14,1,20.1,0,7.5,0
123,autumn,small,medium,7.91,10.7,NA,6.64,35,181,232.83299,6.429,0,0,1,1.7
124,winter,small,medium,7.4,10.7,7.838,2.163,83.75,57.6,85.4,41,16,2.2,12.7,0
125,spring,medium,high,7.35,8.7,49.9,2.316,89.6,36,6,5.2,0,0,0,0
126,summer,large,medium,8.1,10.4,81.333,4.17,486.5,104.222,101.455,0.5,21.7,0,33.2,0
127,autumn,medium,medium,6.8,11.7,41.25,2.512,246.364,87.333,69.93,28.567,0,0,0,6.1
128,summer,small,high,NA,6.9,21.95,0.73,84.667,32,586,0.3,0,2.2,0,0
129,autumn,small,high,7.4,9,101.875,2.805,10.5,27.25,624.73297,98.817,1.9,0,64.6,0
130,summer,small,medium,8.1,9.7,32.92,1.335,25.833,34.636,104,11.1,22,1,49.4,0
131,winter,medium,high,7.6,11.1,5.889,3.685,1911,48.667,23.485,23.8,8.7,2.1,0,3.9
132,winter,small,medium,8.4,5.7,8.3,4.94,92.375,1.8,205.875,3.3,41,0,1.9,3.4
133,spring,large,high,8,7.3,1.45,0.23,105.556,54,197.14301,6.9,4.7,0,9.6,0
134,autumn,large,low,7.9,9.8,55.35,0.13,54.75,1,317,1,1.6,0,0,14.4
135,winter,small,high,7.8,11,7,0.05,170.909,48.625,122,2.5,20.6,0,0,0
136,autumn,medium,high,8.55,10.77,39,8.543,120,175.66701,58.623,7.3,0,5.3,0,1.5
137,winter,medium,medium,8.22,9.5,4.575,2.954,2082.8501,1,4,0.6,21.5,1.7,0,0
138,autumn,medium,medium,7.925,10.4,11,1.288,124,22.2,76.333,0.6,19.6,4.9,0,0
139,winter,medium,low,7.7,10,5.83,6.096,10,7.3,130.75,3,3.9,0,0,3.3
140,winter,medium,medium,7.6,11.6,125.6,1.374,27.286,55,143.75,3.2,2.6,0,17.8,3.2
141,summer,large,medium,8.1,11.8,94,6.045,175,261.60001,23,6.4,0,1.2,0,0
142,spring,medium,medium,7.29,9,69.75,6.513,34,7.667,276,5.45,21.5,5,4.7,2.7
143,autumn,medium,medium,7.9,10.6,43.09,4.86,205.66701,16,14,0.3,38.5,4.3,0,0
144,spring,small,high,8,11,26,0.642,920,70,235.66701,0.5,1.4,6.2,0,0
145,summer,medium,high,8.47,11.1,70,3.9,196.66701,3.222,285.71399,2,1.9,0,0,1.6
146,winter,small,low,8.3,4.3,77.364,5.33,54.778,64.389,84,10.5,4.1,0,1.5,0
147,spring,medium,high,6.4,10.2,63.51,8.688,110,46.667,123.333,1.4,0,0,0,0
148,summer,medium,high,8.4,4.5,40.226,0.63,227.60001,50.889,56.091,3.6,72.6,0,5.5,0
149,winter,medium,high,8,11.8,151.83299,0.77,244.60001,48,228.364,5.233,19.6,11.3,1.4,0
150,autumn,medium,medium,7.8,10.5,194.75,2.31,12.5,9,188.66701,6.167,4.6,1.4,1.6,6
151,summer,large,high,8.5,13.1,65.75,8.984,20,144,18.293,8.1,12.4,0,32.9,0
152,winter,small,high,7.55,11.7,187.183,9.248,245,6,116.2,1.3,25.4,0,31.8,7
153,autumn,medium,medium,7.5,11.8,56.717,3.765,578,1.25,313.60001,2.8,0,2.2,77.6,1.7
154,spring,medium,low,6.6,6,127.833,3.617,98.182,196.62,269.66699,1.2,4.3,2.4,42.1,0
155,summer,large,medium,8.1,10.53,100.83,1.651,101,12,194.10001,16,6,0,29.5,4.9
156,winter,small,high,7.8,11.7,10.975,3.235,5.8,6.5,1,0.8,7,1.7,21.4,0
157,summer,small,low,8.3,11.8,104.818,1.572,34.333,7.75,3,2.15,36.6,5,0,0
158,spring,medium,high,8.5,9.8,13.5,3.923,72.6,54.1,125.8,6.8,10.5,2.6,0,15.1
159,autumn,large,high,7.74,12.5,35.66,2.822,178.57001,100,137.778,20.578,0,0,0,1.4
160,winter,large,low,7.4,5.4,82.857,1.003,62.5,111.25,79.75,6.5,5.2,0,0,0
161,summer,large,low,7.75,10.29,12.778,7.83,81,102,46.6,20.6,0,0,0,3.9
162,spring,medium,medium,7.79,7.1,26.76,0.102,32.727,10.583,52.875,93.683,0,2.5,1.8,0
163,summer,large,medium,8,8.4,4.083,1.72,76.667,2.5,320.39999,0.6,0,0,0,1.7
164,spring,small,high,7.7,9.6,74.667,0.33,421.66699,8.6,60,1.3,5.6,0,0,2.7
165,summer,medium,high,8.84,3.2,38.902,4.82,271.25,234.5,127,0.9,0,4.6,0,3.9
166,spring,large,high,8.1,11.4,37.6,3.773,8,173,296,13.1,0,0,17.2,0
167,spring,large,medium,7.6,11.1,10.078,9.08,137.27299,102.364,61.5,3.6,11.2,0,0,0
168,spring,medium,medium,8.6,11.1,3.136,1.873,12.727,21.083,175.04601,0.5,1.7,0,3.3,0
169,winter,large,low,8.35,11.62,NA,2.302,130,221.89999,279.06601,5.2,0,1.9,4.7,0
170,spring,small,high,7.2,7,22.286,1.32,12.5,13,200.231,0.3,0,13.4,52.5,0
171,winter,large,medium,5.7,7.6,12,1.715,255,3.333,272.22198,1.3,3.9,3.2,0,0
172,spring,medium,medium,8.15,10.3,NA,0.701,371.11099,346.16699,66.75,4.5,12,1.2,5.9,5.9
173,autumn,medium,medium,7.77,10.1,7.25,0.758,1495,13,75.904,5.609,26.5,1.7,42.4,6.1
174,spring,large,high,8.25,9.3,71.444,5.456,66.667,39,11,68.05,2.1,2.7,0,0
175,summer,medium,low,7.9,10.6,10.936,5.41,197.909,30.75,7,NA,1.2,0,1.2,0
176,spring,medium,medium,8.5,6.2,43,1.51,101.667,4,326.85699,4.667,21.1,4.6,3.1,1.9
177,spring,medium,low,7.4,9.8,59.067,0.699,146.66701,16,6.667,1.1,0,1,6.7,1
178,spring,medium,high,8.56,9.9,1.17,1.474,14.75,25.167,6.75,22.9,9.1,1,0,1.4
179,winter,medium,high,7.9,9.8,34.037,7.195,40,16,20.812,5.083,8,2,7.9,0
180,spring,large,high,9,10.1,41.163,3.678,16.2,22.444,255.28,27.5,0,1.4,1.2,0
181,summer,medium,high,8.1,3.3,7.613,0.461,46.5,246,11.5,4.3,3.8,0,0,0
182,summer,large,medium,8.7,11.7,85.982,2.8,103.333,77.333,7.654,11.6,16.4,0,0,0
183,autumn,medium,medium,8.53,5.3,7,1.415,32,20,22.9,2.86,11.6,1.8,10.1,2.2
184,winter,medium,medium,8,10.9,45.273,0.825,627.27301,412.33301,56.667,0.5,2.9,0,0,0
185,summer,large,high,8.1,9.4,2.2,3.2,6400,38.625,19,6.8,2.7,0,0,0
186,spring,small,low,7.8,10.8,7.333,1.732,76,53,388.16699,18.33,0,1,1.6,2.3
187,summer,small,medium,7.78,10.7,136,4.459,505,58.875,249.25,17.491,0,0,1.5,2.2
188,winter,small,medium,8.3,10.2,32.4,4.188,647.57001,51.125,82.444,8.957,0,2.2,0,1.4
189,winter,small,high,7.7,12.1,391.5,3.14,1729,51.111,47,30.4,0,3.7,8.3,1.9
190,autumn,large,medium,8.6,6.1,63.625,4.665,5,75,45,5.555,7.5,0,15.7,0
191,autumn,large,high,8.5,11.4,82.111,1.172,103,41.3,81.558,NA,0,28.8,0,0
192,spring,small,medium,7.6,3.2,23.825,0.86,125.333,32.5,26,27.618,1,0,5.1,2.1
193,spring,medium,medium,8.4,11.3,43.97,6.54,206.53799,72,98.143,3.5,0,4.1,0,22.1
194,spring,medium,high,5.6,7.1,94.405,6.2,91.833,236.39999,91.111,4,1,1.9,0,0
195,summer,medium,high,8.05,11.3,12.444,2.586,132.25,16.8,215.5,2,32.8,0,6.8,0
196,summer,large,medium,8,9.8,57.848,0.376,225,27,111.375,2.338,3.4,0,0,0
197,autumn,large,high,8.66,4.9,73.25,4.87,65.455,136.75,219.909,22.5,7,3.7,10.3,2.4
198,summer,medium,medium,7.84,9.4,139.989,4.508,98.333,3.8,7.2,2.3,0,2.1,4.1,2.4
199,summer,large,low,8,1.8,2.75,3.726,10,60.833,20.75,22.7,0,1,0,2.7
200,summer,medium,high,7.3,7.4,61.05,0.866,11.111,64,17,3.1,0,7.6,0,5.8
3)
winter     medium     medium     8.50000     7.60000     88.00000     1.20800     161.81799     197.83299     75.33300     50.00000     0.00000     13.20000     1.40000     2.00000     5.50000     0.00000     0.00000
spring     large     medium     8.70000     10.90000     39.10900     0.84600     124.36400     33.80000     558.75000     8.15500     18.10000     15.70000     4.10000     3.70000     0.00000     6.90000     0.00000
autumn     medium     low     7.09000     8.40000     40.02000     5.09900     346.66699     75.87500     46.43800     7.30000     31.10000     53.60000     21.90000     1.20000     3.40000     0.00000     1.00000
autumn     medium     medium     7.90000     4.80000     1.54900     5.69400     122.85000     23.00000     138.70000     5.54400     0.00000     0.00000     18.90000     0.00000     2.10000     0.00000     2.90000
winter     small     low     8.00000     9.00000     5.27300     1.42000     134.00000     58.22200     97.58000     2.00000     3.60000     2.90000     0.00000     0.00000     0.00000     0.00000     1.00000
winter     large     medium     7.40000     10.00000     47.77800     3.77800     914.00000     82.22200     98.25000     28.40000     24.80000     11.30000     0.00000     0.00000     0.00000     0.00000     1.20000
summer     large     medium     7.90000     10.30000     47.22900     5.13200     235.00000     26.62500     10.75000     6.20900     19.40000     14.70000     3.20000     0.00000     1.20000     0.00000     0.00000
summer     small     medium     8.20000     10.60000     10.20700     4.99000     49.50000     44.66700     15.00000     2.00000     0.00000     0.00000     3.90000     0.00000     1.00000     22.90000     0.00000
winter     small     high     7.30000     7.80000     10.55600     2.27300     176.66701     37.37500     173.75000     2.10000     51.80000     28.00000     20.20000     0.00000     0.00000     0.00000     0.00000
I love this class
autumn     medium     medium     8.40000     4.40000     82.85200     6.22500     2167.37012     12.75000     54.91600     0.80000     14.70000     38.80000     0.00000     1.20000     2.90000     0.00000     0.00000
summer     medium     medium     8.30000     11.10000     16.00000     3.78000     18.42900     467.50000     14.35400     0.30000     2.40000     0.00000     6.10000     0.00000     0.00000     18.20000     0.00000
winter     medium     medium     9.50000     9.60000     48.42900     0.92100     308.75000     109.00000     232.89999     9.00000     43.50000     0.00000     4.00000     0.00000     1.20000     0.00000     0.00000
summer     small     medium     7.72000     3.40000     11.00000     8.75900     60.11000     9.00000     140.51700     5.50000     37.30000     6.40000     11.50000     4.00000     0.00000     0.00000     0.00000
summer     medium     high     8.15000     8.80000     51.11300     1.44800     239.00000     23.00000     21.30000     2.00000     0.00000     1.90000     1.70000     0.00000     15.00000     16.60000     1.90000
winter     medium     high     8.30000     11.50000     64.09300     3.07000     96.83300     97.33300     75.20700     3.00000     24.30000     0.00000     1.70000     3.40000     5.50000     10.60000     0.00000
autumn     small     high     8.24000     4.90000     7.00000     9.71500     39.00000     24.00000     72.90000     0.40000     0.00000     0.00000     0.00000     0.00000     7.40000     6.80000     7.80000
autumn     medium     high     8.06000     8.80000     32.54000     1.65500     723.66699     35.33300     XXXXXXX     0.50000     1.70000     4.60000     3.10000     0.00000     7.70000     4.50000     30.10000
autumn     large     low     7.90000     6.80000     29.77500     0.44500     217.75000     220.75000     27.50000     2.90000     69.90000     12.70000     10.60000     4.30000     9.50000     0.00000     0.00000
autumn     medium     medium     8.70000     10.70000     5.00000     1.44300     430.00000     564.59998     303.33301     5.11100     1.20000     0.00000     25.30000     0.00000     10.60000     2.40000     1.40000
spring     medium     medium     7.83000     10.50000     3.50000     0.26700     25.00000     XXXXXXX     6.00000     16.00000     50.60000     0.00000     0.00000     6.80000     9.20000     0.00000     1.40000
summer     small     high     8.10000     8.10000     22.45500     1.53400     82.10000     238.20000     277.33301     1.00000     64.90000     0.00000     1.70000     2.30000     0.00000     0.00000     1.90000
winter     small     medium     8.30000     8.90000     29.50000     3.24500     1990.16003     125.66700     18.00000     5.80000     23.20000     0.00000     0.00000     1.40000     17.80000     0.00000     0.00000
winter     small     low     7.14000     7.70000     50.00000     3.56100     37.50000     53.62500     87.12500     XXXXXXX     64.30000     0.00000     0.00000     0.00000     10.20000     0.00000     2.20000
autumn     small     high     7.70000     10.50000     60.80000     5.13000     124.16700     41.50000     108.00000     53.10000     55.50000     5.00000     1.20000     2.20000     0.00000     0.00000     2.00000
winter     large     high     8.80000     8.80000     87.00000     10.41600     10.00000     36.90900     84.46000     11.70000     4.10000     0.00000     9.90000     0.00000     0.00000     11.50000     0.00000
winter     large     high     7.19000     6.30000     11.86700     2.30400     43.75000     61.55600     61.44400     XXXXXXX     42.50000     0.00000     0.00000     1.30000     4.10000     0.00000     0.00000
autumn     medium     high     7.61000     10.68000     77.00000     1.58700     20.00000     19.72700     40.00000     34.75000     30.30000     0.00000     0.00000     2.40000     5.90000     0.00000     0.00000
winter     medium     high     7.40000     5.50000     8.69000     1.21200     20.00000     1.00000     121.00000     0.80000     3.40000     28.00000     0.00000     0.00000     0.00000     4.50000     2.50000
spring     medium     low     7.83000     7.70000     9.00000     4.40800     120.00000     18.66700     XXXXXXX     0.80000     33.90000     0.00000     19.50000     0.00000     1.90000     8.30000     3.60000
autumn     large     low     7.80000     11.80000     5.32600     9.77300     60.00000     144.66701     287.00000     5.62000     0.00000     1.40000     0.00000     0.00000     7.50000     12.40000     1.20000
spring     small     medium     8.20000     8.50000     79.07700     2.23100     60.00000     132.50000     127.22200     10.00000     39.10000     17.10000     1.90000     0.00000     11.30000     11.10000     0.00000
summer     small     medium     7.00000     11.17000     11.08800     3.02000     27.06900     137.60001     102.57100     1.50000     0.00000     18.40000     1.00000     0.00000     2.50000     42.70000     2.10000
winter     medium     high     7.50000     9.40000     53.00000     5.16400     192.50000     51.11100     253.25000     31.73800     13.60000     9.70000     1.20000     0.00000     12.40000     9.90000     5.20000
winter     small     high     8.30000     6.30000     173.75000     3.31600     32.50000     34.50000     304.00000     XXXXXXX     5.30000     40.70000     17.60000     0.00000     0.00000     2.70000     2.20000
summer     small     medium     8.70000     7.10000     XXXXXXX     0.73500     27.50000     61.18200     44.13600     88.25500     17.00000     0.00000     2.10000     0.00000     0.00000     12.60000     9.70000
spring     large     medium     8.21000     5.30000     17.37500     2.67000     142.00000     14.66700     146.45200     0.20000     8.80000     5.50000     3.00000     0.00000     0.00000     0.00000     1.20000
winter     medium     medium     8.00000     8.20000     63.29200     3.97600     109.00000     27.00000     236.00000     7.90000     10.30000     0.00000     2.00000     1.10000     0.00000     0.00000     4.30000
summer     small     high     6.60000     11.30000     54.14300     5.41400     65.55600     20.66700     170.00000     12.10000     2.00000     12.70000     35.10000     0.00000     2.40000     32.10000     0.00000
spring     medium     medium     8.40000     6.60000     0.80000     3.35100     228.75000     16.83300     183.66701     17.20000     2.20000     3.10000     7.50000     0.00000     0.00000     0.00000     3.20000
spring     small     low     8.50000     6.50000     46.16700     1.47000     102.75000     26.00000     89.62500     3.70000     3.40000     5.90000     6.60000     3.50000     0.00000     0.00000     0.00000
autumn     small     low     7.80000     10.50000     3.27500     2.68000     1168.00000     37.00000     141.83299     13.20000     18.00000     21.70000     0.00000     2.40000     0.00000     0.00000     0.00000
summer     small     high     7.80000     10.30000     2.93300     3.82900     46.20000     85.50000     124.20000     0.50000     12.70000     40.90000     1.60000     0.00000     8.60000     6.40000     0.00000
autumn     medium     medium     8.30000     12.90000     39.00000     4.05300     51.42900     276.85001     77.43400     11.84000     25.50000     0.00000     1.60000     0.00000     0.00000     2.60000     1.90000
summer     large     low     8.30000     9.20000     16.00000     4.55500     42.00000     45.90000     111.75000     3.90000     0.00000     28.20000     0.00000     3.90000     0.00000     0.00000     0.00000
winter     large     high     8.30000     12.50000     10.50000     0.53600     165.00000     78.33300     246.66701     3.30000     29.50000     1.50000     0.00000     0.00000     3.90000     13.10000     25.60000
spring     small     medium     8.00000     11.00000     66.30000     3.83300     236.00000     51.75000     43.50000     0.80000     35.50000     12.70000     8.80000     0.00000     11.70000     2.00000     6.60000
spring     small     high     8.40000     1.50000     9.00000     3.31000     4073.33008     5.00000     105.72700     3.00000     3.30000     8.60000     5.00000     0.00000     0.00000     0.00000     0.00000
spring     medium     medium     9.10000     5.90000     15.00000     3.02000     53.84600     19.11100     58.37400     20.80000     1.40000     0.00000     3.30000     0.00000     0.00000     2.20000     2.90000
winter     small     high     6.50000     10.50000     17.75000     5.09900     153.75000     66.40000     85.00000     3.20000     24.00000     0.00000     0.00000     5.70000     7.70000     0.00000     1.40000
summer     medium     medium     7.80000     9.50000     22.35000     5.44200     461.87500     71.00000     72.69600     3.00000     1.90000     0.00000     0.00000     6.80000     1.20000     0.00000     6.00000
summer     small     high     8.00000     7.90000     30.12500     2.97800     33.63600     159.16701     120.88900     0.80000     7.00000     7.40000     10.30000     0.00000     6.10000     0.00000     1.10000
spring     medium     high     8.06000     7.10000     30.52300     2.22000     28.33300     1.00000     34.00000     21.22000     75.80000     10.40000     0.00000     0.00000     34.20000     13.20000     2.40000
spring     small     high     7.20000     9.90000     6.16700     0.91000     18.33300     39.00000     11.81800     0.80000     3.30000     4.90000     0.00000     0.00000     2.70000     0.00000     1.60000
winter     small     high     7.30000     9.60000     129.37500     0.81000     96.66700     428.75000     6.50000     XXXXXXX     2.40000     31.90000     2.40000     0.00000     0.00000     3.90000     2.90000
winter     large     high     8.20000     10.20000     XXXXXXX     3.14000     17.77800     4.00000     16.00000     1.10000     4.00000     0.00000     4.20000     0.00000     0.00000     0.00000     0.00000
autumn     small     high     6.60000     10.80000     44.00000     1.32000     10.00000     1.00000     6.00000     2.70000     1.10000     1.20000     9.00000     7.70000     0.00000     0.00000     0.00000
winter     large     high     8.70000     8.10000     28.33300     3.33000     22.50000     1.62500     142.00000     3.00000     15.50000     4.60000     0.00000     1.00000     6.40000     0.00000     0.00000
summer     medium     high     7.90000     6.50000     15.54100     1.53500     345.45499     19.11100     102.33300     9.88200     1.40000     0.00000     9.40000     0.00000     0.00000     0.00000     10.20000
spring     small     low     8.20000     12.10000     20.08300     0.73500     155.00000     26.60000     13.60000     15.30000     0.00000     2.00000     0.00000     4.60000     0.00000     8.70000     0.00000
winter     medium     medium     8.70000     5.80000     53.10200     1.32800     38.11100     264.89999     57.83300     15.60000     3.30000     0.00000     0.00000     7.80000     0.00000     1.40000     0.00000
winter     medium     high     7.50000     XXXXXXX     47.00000     1.58800     131.66701     XXXXXXX     56.66700     XXXXXXX     12.50000     1.70000     4.90000     4.80000     0.00000     0.00000     0.00000
autumn     small     medium     7.45000     11.90000     130.67000     2.64000     90.00000     27.66700     61.60000     2.10000     0.00000     7.60000     0.00000     0.00000     7.30000     1.40000     0.00000
winter     small     high     7.57000     8.20000     38.12500     2.44300     15.00000     2.00000     86.99700     1.00000     20.30000     4.30000     0.00000     0.00000     34.30000     0.00000     1.40000
winter     small     medium     7.90000     9.90000     4.70000     1.01300     160.00000     180.66701     140.22000     46.07500     1.50000     4.10000     19.70000     1.90000     6.10000     0.00000     7.10000
winter     medium     high     7.44000     3.60000     19.22000     0.67200     15.00000     1.33300     10.11100     18.37000     3.80000     2.10000     1.70000     2.90000     0.00000     0.00000     1.20000
summer     medium     high     8.70000     6.35000     57.75000     4.53500     112.85700     12.88900     432.90900     4.50000     2.90000     1.70000     4.80000     2.60000     0.00000     15.80000     1.00000
autumn     small     medium     8.60000     10.10000     32.05600     0.65800     10.00000     3.00000     2.50000     3.20000     15.10000     9.60000     0.00000     0.00000     8.90000     0.00000     1.00000
winter     medium     high     8.20000     6.00000     0.22200     3.85000     758.75000     187.00000     16.66200     17.20000     0.00000     12.00000     1.20000     0.00000     1.40000     0.00000     2.10000
winter     small     medium     7.50000     11.20000     29.20000     6.18800     128.57100     10.80000     138.50000     XXXXXXX     1.70000     0.00000     1.00000     0.00000     6.70000     0.00000     0.00000
winter     medium     medium     8.30000     11.70000     9.05500     1.92100     31.33300     151.12500     147.83299     1.10000     0.00000     2.10000     1.00000     0.00000     0.00000     16.70000     1.20000
winter     small     high     7.62000     10.70000     XXXXXXX     0.66300     380.00000     2.50000     152.33299     7.60000     25.40000     8.90000     0.00000     1.20000     1.20000     5.50000     1.40000
autumn     medium     high     8.43000     8.10000     2.11100     0.92300     1131.66003     61.25000     292.62500     15.00000     5.90000     4.00000     3.30000     0.00000     0.00000     0.00000     4.20000
winter     large     high     7.70000     10.70000     22.32000     1.51900     103.33300     20.00000     252.50000     20.87000     3.30000     5.80000     0.00000     11.00000     5.50000     0.00000     0.00000
summer     large     high     8.50000     9.90000     131.39999     6.23800     XXXXXXX     2.00000     177.62500     20.82900     43.70000     0.00000     0.00000     0.00000     11.50000     0.00000     12.50000
winter     small     high     8.50000     10.00000     35.75000     4.07100     13.50000     45.00000     39.00000     110.45600     2.20000     0.00000     5.00000     1.00000     0.00000     17.00000     0.00000
autumn     small     medium     9.06000     8.20000     12.18200     2.10200     224.28600     10.66700     40.66700     54.36700     3.10000     0.00000     0.00000     0.00000     4.10000     17.10000     1.00000
winter     small     high     8.80000     8.60000     49.62500     4.82500     133.63600     12.75000     115.00000     1.70000     16.80000     13.70000     2.50000     0.00000     4.80000     0.00000     0.00000
spring     small     medium     7.80000     9.20000     10.40000     1.22300     32.50000     102.33300     11.80000     32.00000     1.10000     0.00000     11.80000     3.50000     2.70000     5.40000     4.10000
winter     medium     low     7.50000     10.80000     XXXXXXX     2.94200     737.50000     36.30000     50.00000     2.80000     2.20000     21.60000     5.40000     0.00000     4.90000     0.00000     1.40000
summer     large     medium     7.80000     11.21000     54.19000     4.90800     28.00000     60.00000     284.00000     XXXXXXX     6.50000     0.00000     0.00000     0.00000     19.70000     1.50000     0.00000
winter     small     medium     7.30000     11.50000     23.25000     2.81800     10.00000     191.75000     171.27200     4.30000     0.00000     0.00000     0.00000     0.00000     0.00000     8.20000     1.60000
summer     medium     high     8.00000     11.60000     53.00000     1.20300     10.00000     27.50000     218.00000     21.00000     31.80000     0.00000     0.00000     3.00000     1.40000     0.00000     5.50000
summer     small     medium     8.50000     10.20000     12.14600     1.05100     1386.25000     67.50000     186.50000     18.30000     0.00000     4.10000     0.00000     0.00000     5.20000     0.00000     31.20000
winter     large     high     6.60000     11.70000     12.53600     2.60300     XXXXXXX     18.25000     214.00000     12.32000     12.30000     5.00000     0.00000     0.00000     1.90000     6.20000     0.00000
winter     medium     medium     8.40000     8.00000     32.30000     0.82600     208.33299     120.50000     35.20000     0.80000     0.00000     0.00000     2.30000     0.00000     16.20000     0.00000     1.70000
summer     medium     high     7.40000     10.80000     48.66700     3.73000     137.00000     4.25000     71.00000     13.00000     7.20000     0.00000     2.10000     2.20000     44.40000     0.00000     16.70000
spring     medium     medium     8.07000     3.60000     9.00000     3.97800     101.25000     209.85699     607.16699     4.30000     14.40000     12.50000     2.60000     0.00000     0.00000     22.30000     2.40000
autumn     small     high     7.60000     9.70000     44.20500     1.52700     196.00000     282.16699     213.00000     2.00000     7.80000     8.00000     0.00000     0.00000     11.30000     0.00000     18.60000
summer     medium     medium     8.00000     8.50000     36.24800     3.73400     18.00000     2.00000     132.54601     81.54000     3.70000     14.50000     0.00000     1.90000     8.60000     4.60000     6.80000
spring     medium     medium     8.30000     9.80000     208.36400     4.93000     233.70000     267.75000     391.75000     13.10000     0.00000     0.00000     6.30000     1.70000     15.90000     0.00000     10.80000
autumn     small     high     7.60000     10.70000     50.00000     0.67300     58.50000     59.42900     169.00101     75.00000     2.40000     13.20000     6.80000     0.00000     20.80000     0.00000     0.00000
winter     small     high     7.80000     9.20000     8.00000     45.65000     102.50000     12.75000     233.50000     1.40000     15.10000     5.60000     1.00000     0.00000     0.00000     7.00000     1.00000
spring     large     low     8.10000     12.60000     53.33300     3.31800     21.57100     37.85700     6.20000     19.40000     0.00000     3.10000     0.00000     4.40000     0.00000     17.00000     1.90000
spring     medium     medium     9.70000     6.20000     64.00000     1.67000     5738.33008     159.50000     3.00000     2.50000     0.00000     0.00000     5.50000     6.60000     0.00000     20.40000     0.00000
spring     medium     high     8.10000     6.00000     26.00000     0.23000     643.00000     12.00000     244.00000     1.10000     5.70000     5.40000     0.00000     1.60000     0.00000     0.00000     0.00000
spring     medium     low     9.10000     6.00000     8.00000     0.30800     96.66700     104.72700     186.00000     9.38400     1.90000     12.00000     2.50000     0.00000     28.80000     0.00000     0.00000
winter     medium     high     8.90000     10.60000     XXXXXXX     2.32300     172.50000     49.00000     187.05701     3.80000     1.20000     16.20000     1.40000     3.40000     20.80000     5.90000     0.00000
spring     small     high     7.90000     9.50000     27.23300     4.03000     8777.59961     31.33300     49.33300     14.70000     82.70000     0.00000     7.30000     0.00000     1.70000     8.50000     0.00000
winter     small     low     9.10000     10.50000     27.40000     0.99600     1081.66003     38.75000     211.66701     14.77500     0.00000     3.40000     1.90000     1.20000     1.20000     15.80000     0.00000
spring     small     medium     8.10000     9.70000     3.86000     7.16000     122.50000     182.42000     239.00000     30.00000     0.00000     0.00000     0.00000     0.00000     0.00000     9.90000     0.00000
spring     large     medium     8.58000     6.20000     13.00000     1.87000     153.00000     44.00000     154.12500     XXXXXXX     6.90000     0.00000     0.00000     4.60000     0.00000     0.00000     0.00000
autumn     small     medium     8.27000     8.40000     4.54500     2.89900     52.20000     84.30000     275.14301     XXXXXXX     39.70000     0.00000     10.80000     0.00000     0.00000     0.00000     0.00000
spring     small     medium     8.50000     9.00000     34.50000     4.69800     43.75000     16.00000     116.20000     22.50000     8.70000     2.10000     42.80000     0.00000     0.00000     7.10000     0.00000
summer     large     medium     7.93000     9.80000     14.32000     0.88600     429.20001     205.63600     254.60001     92.66700     10.30000     0.00000     2.60000     5.00000     13.30000     3.60000     3.20000
spring     small     medium     8.70000     9.80000     40.16700     3.90800     215.71400     104.50000     201.77800     4.50000     1.90000     1.70000     10.10000     0.00000     5.60000     0.00000     1.90000
spring     small     high     8.10000     11.10000     53.42500     1.28700     3466.65991     55.00000     19.00000     65.70000     14.40000     5.40000     7.50000     0.00000     11.20000     0.00000     2.70000
summer     small     medium     9.10000     10.80000     41.50000     1.72600     931.83301     4.00000     265.25000     50.22500     74.20000     14.60000     0.00000     3.50000     0.00000     2.60000     0.00000
winter     large     high     8.43000     4.50000     XXXXXXX     XXXXXXX     10.00000     15.60000     6.00000     2.00000     19.00000     1.00000     0.00000     0.00000     0.00000     0.00000     0.00000
winter     small     high     8.40000     13.40000     31.09100     2.55000     3515.00000     9.66700     13.20000     24.55600     58.70000     0.00000     3.90000     0.00000     7.50000     0.00000     2.40000
winter     medium     medium     8.00000     12.00000     20.62500     0.38100     51.11100     62.62500     17.33300     31.00000     1.60000     15.20000     8.00000     4.00000     1.00000     0.00000     0.00000
spring     large     high     8.30000     7.90000     58.33100     3.44400     40.00000     28.62500     50.45500     72.47800     2.80000     6.70000     2.50000     44.60000     2.40000     0.00000     0.00000
winter     large     low     8.87000     XXXXXXX     11.81800     XXXXXXX     370.00000     105.00000     351.60001     26.80000     0.00000     3.80000     4.10000     6.90000     9.90000     1.20000     0.00000
autumn     medium     low     8.16000     10.80000     4.32600     1.87500     118.57100     24.66700     361.00000     2.00000     46.80000     7.30000     22.00000     0.00000     17.90000     17.70000     0.00000
autumn     medium     medium     8.20000     8.30000     57.75000     7.74000     24064.00000     47.50000     11.00000     3.00000     4.40000     1.50000     1.00000     0.00000     11.50000     0.00000     1.50000
winter     small     high     8.30000     11.30000     3.00000     0.40600     10.00000     151.33299     167.89999     25.00000     66.00000     0.00000     0.00000     8.30000     3.20000     5.10000     7.20000
spring     medium     medium     8.60000     8.90000     6.30000     1.71800     215.55600     143.71001     222.28600     4.90000     54.00000     15.90000     0.00000     0.00000     0.00000     0.00000     31.60000
autumn     small     medium     8.60000     10.80000     65.33300     0.94100     37.77800     3.54500     88.50000     21.90000     86.60000     0.00000     0.00000     0.00000     15.30000     0.00000     0.00000
autumn     medium     low     8.40000     9.40000     31.00000     0.90000     49.00000     3.00000     221.27800     24.91700     12.20000     0.00000     0.00000     0.00000     0.00000     0.00000     3.30000
winter     medium     low     8.20000     10.50000     95.36700     5.97000     92.00000     7.40000     771.59998     3.00000     0.00000     0.00000     1.00000     0.00000     0.00000     0.00000     0.00000
spring     small     low     9.00000     6.70000     XXXXXXX     3.41400     123.33300     10.00000     344.60001     XXXXXXX     46.90000     1.00000     3.40000     11.50000     0.00000     0.00000     1.00000
spring     medium     low     8.10000     8.30000     42.63600     5.07800     56.36400     166.72701     14.00000     1.00000     18.10000     20.10000     8.80000     0.00000     9.20000     7.50000     0.00000
autumn     small     medium     7.91000     10.70000     XXXXXXX     6.64000     35.00000     181.00000     232.83299     6.42900     0.00000     0.00000     7.00000     0.00000     0.00000     1.00000     1.70000
winter     small     medium     7.40000     10.70000     7.83800     2.16300     83.75000     57.60000     85.40000     41.00000     0.00000     16.00000     1.90000     2.20000     0.00000     12.70000     0.00000
spring     medium     high     7.35000     8.70000     49.90000     2.31600     89.60000     36.00000     6.00000     5.20000     1.40000     0.00000     0.00000     0.00000     1.20000     0.00000     0.00000
summer     large     medium     8.10000     10.40000     81.33300     4.17000     486.50000     104.22200     101.45500     0.50000     1.20000     21.70000     0.00000     0.00000     4.00000     33.20000     0.00000
autumn     medium     medium     6.80000     11.70000     41.25000     2.51200     246.36400     87.33300     69.93000     28.56700     2.20000     0.00000     3.70000     0.00000     1.20000     0.00000     6.10000
summer     small     high     XXXXXXX     6.90000     21.95000     0.73000     84.66700     32.00000     586.00000     0.30000     0.00000     0.00000     0.00000     2.20000     8.00000     0.00000     0.00000
autumn     small     high     7.40000     9.00000     101.87500     2.80500     10.50000     27.25000     624.73297     98.81700     9.20000     1.90000     0.00000     0.00000     5.80000     64.60000     0.00000
summer     small     medium     8.10000     9.70000     32.92000     1.33500     25.83300     34.63600     104.00000     11.10000     4.20000     22.00000     14.00000     1.00000     1.20000     49.40000     0.00000
winter     medium     high     7.60000     11.10000     5.88900     3.68500     1911.00000     48.66700     23.48500     23.80000     4.10000     8.70000     1.40000     2.10000     3.90000     0.00000     3.90000
winter     small     medium     8.40000     5.70000     8.30000     4.94000     92.37500     1.80000     205.87500     3.30000     0.00000     41.00000     25.90000     0.00000     2.70000     1.90000     3.40000
spring     large     high     8.00000     7.30000     1.45000     0.23000     105.55600     54.00000     197.14301     6.90000     18.20000     4.70000     24.80000     0.00000     0.00000     9.60000     0.00000
autumn     large     low     7.90000     9.80000     55.35000     0.13000     54.75000     1.00000     317.00000     1.00000     39.70000     1.60000     0.00000     0.00000     22.10000     0.00000     14.40000
winter     small     high     7.80000     11.00000     7.00000     0.05000     170.90900     48.62500     122.00000     2.50000     41.00000     20.60000     2.10000     0.00000     14.90000     0.00000     0.00000
autumn     medium     high     8.55000     10.77000     39.00000     8.54300     120.00000     175.66701     58.62300     7.30000     12.60000     0.00000     2.00000     5.30000     3.60000     0.00000     1.50000
winter     medium     medium     8.22000     9.50000     4.57500     2.95400     2082.85010     1.00000     4.00000     0.60000     1.50000     21.50000     19.60000     1.70000     0.00000     0.00000     0.00000
autumn     medium     medium     7.92500     10.40000     11.00000     1.28800     124.00000     22.20000     76.33300     0.60000     14.60000     19.60000     3.00000     4.90000     6.50000     0.00000     0.00000
winter     medium     low     7.70000     10.00000     5.83000     6.09600     10.00000     7.30000     130.75000     3.00000     16.50000     3.90000     10.20000     0.00000     22.50000     0.00000     3.30000
winter     medium     medium     7.60000     11.60000     125.60000     1.37400     27.28600     55.00000     143.75000     3.20000     17.10000     2.60000     0.00000     0.00000     1.00000     17.80000     3.20000
summer     large     medium     8.10000     11.80000     94.00000     6.04500     175.00000     261.60001     23.00000     6.40000     46.60000     0.00000     1.40000     1.20000     3.50000     0.00000     0.00000
spring     medium     medium     7.29000     9.00000     69.75000     6.51300     34.00000     7.66700     276.00000     5.45000     3.40000     21.50000     1.20000     5.00000     3.10000     4.70000     2.70000
autumn     medium     medium     7.90000     10.60000     43.09000     4.86000     205.66701     16.00000     14.00000     0.30000     81.90000     38.50000     2.90000     4.30000     0.00000     0.00000     0.00000
spring     small     high     8.00000     11.00000     26.00000     0.64200     920.00000     70.00000     235.66701     0.50000     64.20000     1.40000     0.00000     6.20000     0.00000     0.00000     0.00000
summer     medium     high     8.47000     11.10000     70.00000     3.90000     196.66701     3.22200     285.71399     2.00000     0.00000     1.90000     13.60000     0.00000     0.00000     0.00000     1.60000
winter     small     low     8.30000     4.30000     77.36400     5.33000     54.77800     64.38900     84.00000     10.50000     29.70000     4.10000     2.20000     0.00000     9.40000     1.50000     0.00000
spring     medium     high     6.40000     10.20000     63.51000     8.68800     110.00000     46.66700     123.33300     1.40000     0.00000     0.00000     0.00000     0.00000     0.00000     0.00000     0.00000
summer     medium     high     8.40000     4.50000     40.22600     0.63000     227.60001     50.88900     56.09100     3.60000     89.80000     72.60000     0.00000     0.00000     0.00000     5.50000     0.00000
winter     medium     high     8.00000     11.80000     151.83299     0.77000     244.60001     48.00000     228.36400     5.23300     2.10000     19.60000     1.00000     11.30000     5.00000     1.40000     0.00000
autumn     medium     medium     7.80000     10.50000     194.75000     2.31000     12.50000     9.00000     188.66701     6.16700     12.30000     4.60000     7.80000     1.40000     0.00000     1.60000     6.00000
summer     large     high     8.50000     13.10000     65.75000     8.98400     20.00000     144.00000     18.29300     8.10000     4.40000     12.40000     1.70000     0.00000     2.60000     32.90000     0.00000
winter     small     high     7.55000     11.70000     187.18300     9.24800     245.00000     6.00000     116.20000     1.30000     32.50000     25.40000     7.80000     0.00000     5.70000     31.80000     7.00000
autumn     medium     medium     7.50000     11.80000     56.71700     3.76500     578.00000     1.25000     313.60001     2.80000     1.90000     0.00000     0.00000     2.20000     0.00000     77.60000     1.70000
spring     medium     low     6.60000     6.00000     127.83300     3.61700     98.18200     196.62000     269.66699     1.20000     4.10000     4.30000     3.50000     2.40000     0.00000     42.10000     0.00000
summer     large     medium     8.10000     10.53000     100.83000     1.65100     101.00000     12.00000     194.10001     16.00000     7.60000     6.00000     0.00000     0.00000     9.00000     29.50000     4.90000
winter     small     high     7.80000     11.70000     10.97500     3.23500     5.80000     6.50000     1.00000     0.80000     24.80000     7.00000     3.70000     1.70000     8.00000     21.40000     0.00000
summer     small     low     8.30000     11.80000     104.81800     1.57200     34.33300     7.75000     3.00000     2.15000     0.00000     36.60000     16.00000     5.00000     6.60000     0.00000     0.00000
spring     medium     high     8.50000     9.80000     13.50000     3.92300     72.60000     54.10000     125.80000     6.80000     2.80000     10.50000     21.70000     2.60000     6.40000     0.00000     15.10000
autumn     large     high     7.74000     12.50000     35.66000     2.82200     178.57001     100.00000     137.77800     20.57800     16.80000     0.00000     1.80000     0.00000     2.50000     0.00000     1.40000
winter     large     low     7.40000     5.40000     82.85700     1.00300     62.50000     111.25000     79.75000     6.50000     9.20000     5.20000     0.00000     0.00000     5.40000     0.00000     0.00000
summer     large     low     7.75000     10.29000     12.77800     7.83000     81.00000     102.00000     46.60000     20.60000     1.70000     0.00000     1.50000     0.00000     8.10000     0.00000     3.90000
spring     medium     medium     7.79000     7.10000     26.76000     0.10200     32.72700     10.58300     52.87500     93.68300     0.00000     0.00000     2.00000     2.50000     0.00000     1.80000     0.00000
summer     large     medium     8.00000     8.40000     4.08300     1.72000     76.66700     2.50000     320.39999     0.60000     66.90000     0.00000     2.70000     0.00000     2.90000     0.00000     1.70000
spring     small     high     7.70000     9.60000     74.66700     0.33000     421.66699     8.60000     60.00000     1.30000     0.00000     5.60000     0.00000     0.00000     0.00000     0.00000     2.70000
summer     medium     high     8.84000     3.20000     38.90200     4.82000     271.25000     234.50000     127.00000     0.90000     0.00000     0.00000     13.50000     4.60000     1.20000     0.00000     3.90000
spring     large     high     8.10000     11.40000     37.60000     3.77300     8.00000     173.00000     296.00000     13.10000     0.00000     0.00000     0.00000     0.00000     6.60000     17.20000     0.00000
spring     large     medium     7.60000     11.10000     10.07800     9.08000     137.27299     102.36400     61.50000     3.60000     23.70000     11.20000     2.90000     0.00000     0.00000     0.00000     0.00000
spring     medium     medium     8.60000     11.10000     3.13600     1.87300     12.72700     21.08300     175.04601     0.50000     1.20000     1.70000     23.20000     0.00000     0.00000     3.30000     0.00000
winter     large     low     8.35000     11.62000     XXXXXXX     2.30200     130.00000     221.89999     279.06601     5.20000     15.80000     0.00000     3.30000     1.90000     4.00000     4.70000     0.00000
spring     small     high     7.20000     7.00000     22.28600     1.32000     12.50000     13.00000     200.23100     0.30000     13.00000     0.00000     0.00000     13.40000     18.70000     52.50000     0.00000
winter     large     medium     5.70000     7.60000     12.00000     1.71500     255.00000     3.33300     272.22198     1.30000     1.40000     3.90000     0.00000     3.20000     0.00000     0.00000     0.00000
spring     medium     medium     8.15000     10.30000     XXXXXXX     0.70100     371.11099     346.16699     66.75000     4.50000     16.60000     12.00000     0.00000     1.20000     0.00000     5.90000     5.90000
autumn     medium     medium     7.77000     10.10000     7.25000     0.75800     1495.00000     13.00000     75.90400     5.60900     46.20000     26.50000     4.70000     1.70000     8.70000     42.40000     6.10000
spring     large     high     8.25000     9.30000     71.44400     5.45600     66.66700     39.00000     11.00000     68.05000     32.80000     2.10000     0.00000     2.70000     8.20000     0.00000     0.00000
summer     medium     low     7.90000     10.60000     10.93600     5.41000     197.90900     30.75000     7.00000     XXXXXXX     17.00000     1.20000     1.10000     0.00000     19.00000     1.20000     0.00000
spring     medium     medium     8.50000     6.20000     43.00000     1.51000     101.66700     4.00000     326.85699     4.66700     3.60000     21.10000     1.40000     4.60000     5.30000     3.10000     1.90000
spring     medium     low     7.40000     9.80000     59.06700     0.69900     146.66701     16.00000     6.66700     1.10000     0.00000     0.00000     12.90000     1.00000     35.60000     6.70000     1.00000
spring     medium     high     8.56000     9.90000     1.17000     1.47400     14.75000     25.16700     6.75000     22.90000     11.30000     9.10000     0.00000     1.00000     2.20000     0.00000     1.40000
winter     medium     high     7.90000     9.80000     34.03700     7.19500     40.00000     16.00000     20.81200     5.08300     52.40000     8.00000     0.00000     2.00000     0.00000     7.90000     0.00000
spring     large     high     9.00000     10.10000     41.16300     3.67800     16.20000     22.44400     255.28000     27.50000     48.30000     0.00000     0.00000     1.40000     1.40000     1.20000     0.00000
summer     medium     high     8.10000     3.30000     7.61300     0.46100     46.50000     246.00000     11.50000     4.30000     50.40000     3.80000     1.20000     0.00000     1.70000     0.00000     0.00000
summer     large     medium     8.70000     11.70000     85.98200     2.80000     103.33300     77.33300     7.65400     11.60000     1.40000     16.40000     0.00000     0.00000     8.60000     0.00000     0.00000
autumn     medium     medium     8.53000     5.30000     7.00000     1.41500     32.00000     20.00000     22.90000     2.86000     17.30000     11.60000     22.90000     1.80000     0.00000     10.10000     2.20000
winter     medium     medium     8.00000     10.90000     45.27300     0.82500     627.27301     412.33301     56.66700     0.50000     54.40000     2.90000     0.00000     0.00000     0.00000     0.00000     0.00000
summer     large     high     8.10000     9.40000     2.20000     3.20000     6400.00000     38.62500     19.00000     6.80000     0.00000     2.70000     5.60000     0.00000     0.00000     0.00000     0.00000
spring     small     low     7.80000     10.80000     7.33300     1.73200     76.00000     53.00000     388.16699     18.33000     1.70000     0.00000     0.00000     1.00000     20.00000     1.60000     2.30000
summer     small     medium     7.78000     10.70000     136.00000     4.45900     505.00000     58.87500     249.25000     17.49100     1.20000     0.00000     1.00000     0.00000     0.00000     1.50000     2.20000
winter     small     medium     8.30000     10.20000     32.40000     4.18800     647.57001     51.12500     82.44400     8.95700     56.80000     0.00000     0.00000     2.20000     0.00000     0.00000     1.40000
winter     small     high     7.70000     12.10000     391.50000     3.14000     1729.00000     51.11100     47.00000     30.40000     2.50000     0.00000     14.60000     3.70000     4.80000     8.30000     1.90000
autumn     large     medium     8.60000     6.10000     63.62500     4.66500     5.00000     75.00000     45.00000     5.55500     47.10000     7.50000     0.00000     0.00000     27.60000     15.70000     0.00000
autumn     large     high     8.50000     11.40000     82.11100     1.17200     103.00000     41.30000     81.55800     XXXXXXX     0.00000     0.00000     1.20000     28.80000     1.40000     0.00000     0.00000
spring     small     medium     7.60000     3.20000     23.82500     0.86000     125.33300     32.50000     26.00000     27.61800     10.80000     1.00000     1.00000     0.00000     0.00000     5.10000     2.10000
spring     medium     medium     8.40000     11.30000     43.97000     6.54000     206.53799     72.00000     98.14300     3.50000     2.50000     0.00000     0.00000     4.10000     0.00000     0.00000     22.10000
spring     medium     high     5.60000     7.10000     94.40500     6.20000     91.83300     236.39999     91.11100     4.00000     6.70000     1.00000     1.50000     1.90000     1.10000     0.00000     0.00000
summer     medium     high     8.05000     11.30000     12.44400     2.58600     132.25000     16.80000     215.50000     2.00000     18.90000     32.80000     1.20000     0.00000     0.00000     6.80000     0.00000
summer     large     medium     8.00000     9.80000     57.84800     0.37600     225.00000     27.00000     111.37500     2.33800     32.10000     3.40000     2.00000     0.00000     3.10000     0.00000     0.00000
autumn     large     high     8.66000     4.90000     73.25000     4.87000     65.45500     136.75000     219.90900     22.50000     28.10000     7.00000     0.00000     3.70000     0.00000     10.30000     2.40000
summer     medium     medium     7.84000     9.40000     139.98900     4.50800     98.33300     3.80000     7.20000     2.30000     1.60000     0.00000     0.00000     2.10000     0.00000     4.10000     2.40000
summer     large     low     8.00000     1.80000     2.75000     3.72600     10.00000     60.83300     20.75000     22.70000     52.20000     0.00000     2.40000     1.00000     9.00000     0.00000     2.70000
summer     medium     high     7.30000     7.40000     61.05000     0.86600     11.11100     64.00000     17.00000     3.10000     0.00000     0.00000     1.20000     7.60000     0.00000     0.00000     5.80000

