1)
  season   size  speed mxPH mnO2    Cl   NO3    NH4  oPO4   PO4  Chla   a1   a2  a3  a4   a5   a6
1 winter medium medium 8.10  7.1 41.16 6.238  308.8  51.1 213.0    NA  3.3  0.0 0.0 1.3  0.0  8.3
2 summer  large    low 8.10 12.0 29.20 1.288 1495.0 205.6 236.0  1.30  4.4 28.2 4.1 2.6  1.2  0.0
3 autumn medium   high 7.35 11.4  1.17 5.164   10.0 246.0  46.4  5.54  0.0  9.1 0.0 1.0  0.0  0.0
4 spring  large medium 8.58  4.8  1.55 2.316 3515.0  61.2  23.0  0.30  3.1  0.0 5.4 0.0 11.3  0.0
5 winter  small medium 8.00  9.0  2.11 0.921  233.7  58.2 127.2 10.50 12.2 14.7 0.0 0.0 13.3  4.1
6 summer medium medium 7.19 10.0  6.17 1.726   27.1  13.0 142.0 24.56 12.6 32.8 0.0 0.0  0.0 16.7
    a7
1  1.9
2  0.0
3 12.5
4  0.0
5  1.0
6  0.0
2)
,season,size,speed,mxPH,mnO2,Cl,NO3,NH4,oPO4,PO4,Chla,a2,a4,a6,a7
1,winter,medium,medium,8.1,7.1,41.163,6.238,308.75,51.111,213,NA,0,1.3,8.3,1.9
2,summer,large,low,8.1,12,29.2,1.288,1495,205.636,236,1.3,28.2,2.6,0,0
3,autumn,medium,high,7.35,11.4,1.17,5.164,10,246,46.438,5.544,9.1,1,0,12.5
4,spring,large,medium,8.58,4.8,1.549,2.316,3515,61.182,23,0.3,0,0,0,0
5,winter,small,medium,8,9,2.111,0.921,233.7,58.222,127.222,10.5,14.7,0,4.1,1
6,summer,medium,medium,7.19,10,6.167,1.726,27.069,13,142,24.556,32.8,0,16.7,0
7,spring,medium,medium,8.15,6.5,NA,4.87,239,23,138.5,2.1,8.6,3.9,1.4,1
8,spring,medium,medium,8.2,10.7,4.545,4.99,345.45499,44.667,35.2,27.618,1.6,1.7,15.8,2.4
9,spring,small,high,8.2,7.8,10.078,2.273,122.85,276.85001,246.66701,10,5.4,6.9,0,3.9
10,spring,medium,medium,7.9,10,57.75,4.698,178.57001,27,262.72699,20.829,8.9,11.3,49.4,3.9
11,autumn,small,low,8.4,10.7,53.333,1.287,137.27299,51.125,40.667,13,0,0,0,0
12,summer,small,low,7.925,8.1,29.5,1.335,18.429,25.167,304,19.4,5.8,2.6,0,0
13,winter,large,high,7.8,9.6,32.54,1.223,10,196.62,87.125,11.6,12.7,0,0,6
14,spring,small,high,7.72,5.9,88,5.132,10,57.6,17,1.1,2.6,0,1.6,5.2
15,summer,small,high,7.6,12.1,47,1.448,46.2,13,61.6,3.2,0,0,16.6,0
16,winter,small,high,7.55,11.5,129.375,1.588,14.75,97.333,98.25,6.429,21.7,0,42.7,3.3
17,spring,small,medium,7.78,3.2,7,1.415,39,18.667,214,50,8,0,0,0
18,winter,small,high,7.14,11.1,85.982,0.536,380,144,84.46,14.775,15.9,1.9,4.6,3.2
19,summer,medium,high,7.9,11.5,95.367,2.603,128.571,60,34,41,3.8,4.3,8.3,0
20,winter,medium,medium,7.4,11.3,11,1.374,51.429,3,388.16699,21.22,0,4.6,0,1
21,autumn,medium,medium,8.1,7.3,30.125,0.941,58.5,33.8,167.89999,11.1,0,6.8,0,0
22,spring,small,high,7.6,9.8,32.056,4.188,125.333,12.889,6,21.9,11.2,4,1.2,2.2
23,autumn,small,low,7.75,8.9,69,0.381,27.286,102.333,18,NA,25.4,0,17.1,0
24,summer,medium,medium,7.6,5.3,7,1.715,206.53799,53.625,122,1.7,4.1,2.2,7.9,0
25,spring,small,high,8.43,3.6,50,5.41,11.111,41.5,11.5,5.5,12.7,4.4,0,0
26,summer,large,high,7.4,10.3,87,1.212,165,9,277.33301,3,2.1,0,0,1.6
27,winter,small,high,7.8,8.4,11.867,3.765,120,61.556,102.333,17.491,0,4.9,52.5,0
28,autumn,medium,high,8.7,10,77,2.64,16.2,9,60,75,0,0,0,1.9
29,spring,small,high,8.7,5.5,31.091,6.64,20,16.833,13.6,4.3,0,0,8.2,0
30,autumn,large,medium,8.16,11.1,151.83299,8.543,28,12,50.455,3,0,4.6,42.1,3.6
31,autumn,large,medium,7.8,9.3,8.3,4.825,60.11,22.444,49.333,5.62,0,0,0,5.8
32,spring,small,high,7.5,10.3,0.222,3.78,60,10.583,137.778,2.8,0,1,4.5,2.2
33,spring,large,medium,8.5,9.5,20.083,0.996,124.167,120.5,303.33301,NA,1,0,64.6,1.2
34,spring,medium,medium,8,10.68,40.226,1.172,461.875,51.111,58.623,8.1,53.6,0,0,0
35,winter,large,medium,8.6,6.7,39,1.534,123.333,78.333,147.83299,5.45,8,0,3.3,22.1
36,autumn,small,low,9.1,4.3,59.067,3.245,10.5,15.6,20.812,68.05,0,1.7,0,0
37,summer,medium,high,8,9.8,194.75,1.921,370,428.75,218,1.5,15.7,2.4,6.7,1.4
38,autumn,medium,low,8.4,8.2,9,2.954,10,66.4,3,9.882,1.7,0,0,0
39,summer,small,low,8.1,10.53,23.825,3.561,65.556,26.6,116.2,6.209,12.7,3.7,8.5,30.1
40,winter,small,medium,8.47,10.5,30.523,3.351,18.333,182.42,183.66701,17.2,2.7,0,0,0
41,spring,small,low,6.6,8.4,46.167,0.05,1990.16003,104.5,205.875,8.957,1.2,0,10.3,0
42,winter,medium,high,7.61,6.5,10.5,0.406,137,564.59998,175.04601,13.2,0,0,0,0
43,winter,small,medium,5.7,11,3,3.978,217.75,1.333,124.2,2,41,1,0,1.4
44,spring,large,high,8.4,8.8,56.717,7.83,90,187,91.111,11.84,3.1,44.6,17.8,0
45,winter,medium,medium,7.6,9.5,69.75,4.408,42,104.222,57.833,3.9,6,0,12.4,2.1
46,winter,medium,high,8.3,5.8,54.19,4.071,737.5,34.5,26,3.3,6.7,3.2,9.9,0
47,winter,medium,medium,7.8,10.7,173.75,0.376,54.75,16,292.625,0.8,0,0,15.7,0
48,winter,medium,high,8.3,6.9,17.75,2.822,5.8,24.667,265.25,3,0,0,6.8,0
49,winter,small,medium,NA,10.8,15,1.718,40,12,197.14301,1.3,9.6,5,0,0
50,autumn,small,high,6.5,10.2,10.207,1.587,142,16.8,154.125,7.6,1.7,6.6,0,1.6
51,autumn,medium,high,8.4,9.9,104.818,NA,421.66699,38.625,27.5,7.9,13.2,0,0,1.4
52,summer,medium,high,7.8,7.9,22.286,4.459,84.667,45.9,361,2,12,2.2,0,1.1
53,spring,large,high,7.9,4.4,63.51,3.833,28.333,7.75,235.66701,18.33,5.6,1.4,0,2.9
54,summer,small,medium,8.6,1.5,0.8,0.91,92.375,3.545,143.75,0.8,28,0,0,0
55,winter,large,high,8.84,11.21,14.32,0.699,170.909,151.33299,6.5,NA,3.9,0,0,0
56,winter,large,medium,8,10.7,47.229,3.318,32,39,16,15.3,0,0,0,2.9
57,summer,medium,medium,7.9,10.2,4.083,1.32,10,71,4,NA,0,0,0,0
58,spring,medium,medium,9.1,9,6.3,2.68,153.75,346.16699,6,NA,18.4,1,0,0
59,summer,medium,high,7.09,7.1,77.364,2.512,8,2,61.444,15.6,1.9,0,4.7,1.2
60,spring,medium,medium,8.7,6.2,16,2.978,118.571,2.5,6.2,22.5,8.7,0,8.7,0
61,autumn,medium,low,6.8,9,NA,3.678,578,30.75,85,3.7,1.4,0,1.5,0
62,winter,medium,medium,7.5,NA,8,4.03,18,NA,56.667,NA,0,0,1.8,0
63,spring,small,high,7.45,6,187.183,5.414,NA,3.333,71,3.6,1.9,0,1.4,0
64,winter,small,high,7.57,8.2,NA,2.102,43.75,2,6.75,1,7,6.2,2.4,1.4
65,summer,large,high,8.87,11.3,4.326,5.099,10,62.625,138.7,3.8,0,4.3,0,0
66,summer,small,medium,7.44,11.7,36.248,0.672,15,12.75,75.904,5.111,15.2,0,0,1.4
67,winter,medium,medium,7.7,7.1,3.275,3.31,112.857,1.25,10.75,6.4,12,5.3,0,16.7
68,spring,small,low,7,7.7,23.25,1.42,146.66701,151.125,11,NA,16.4,0,0,2.7
69,winter,small,medium,8.2,11.7,82.852,0.267,32.5,220.75,351.60001,9.384,0,7.6,0,2.1
70,winter,small,medium,7.5,7.6,3.5,6.188,155,1.625,NA,13.1,0,1.2,0,0
71,winter,medium,medium,8.1,9.7,7.838,1.443,72.6,173,104,17.2,0,0,1.6,6.1
72,summer,medium,medium,7.8,10.5,82.111,0.663,53.846,87.333,152.33299,5.2,0,4.6,0,1.4
73,summer,small,high,8.5,7,64,6.54,66.667,16,14,11.7,4,13.4,21.4,4.2
74,autumn,large,medium,7.2,6.2,22.32,3.617,15,136.75,326.85699,2,0,2.9,0,1.2
75,winter,medium,medium,8.5,10.4,51.113,5.078,NA,100,72.9,53.1,0,1,0,0
76,summer,medium,high,8.7,6.8,35.75,2.323,13.5,38.75,18.293,3,7.4,0,17,0
77,autumn,small,high,9.06,12.1,12.182,3.414,1081.66003,18.25,221.278,5.555,5.4,1,0,1
78,winter,medium,high,7.84,4.9,63.292,0.735,1911,36.3,76.333,0.5,38.5,0,4.5,0
79,spring,large,medium,8.21,9.8,8.69,1.519,32.5,64.389,11.8,3.6,4.6,2.2,0,4.1
80,summer,small,low,8.6,9.4,11,0.461,8777.59961,51.75,14.354,2.8,21.6,3.4,6.9,0
81,autumn,medium,medium,7.77,11.8,NA,3.235,1168,31.333,284,20.578,1.2,0,0,0
82,autumn,medium,high,8.4,9.9,42.636,5.442,49.5,191.75,219.909,4.3,10.4,0,0,0
83,winter,large,high,7.4,3.4,12.146,0.658,89.6,7.667,111.375,21,21.5,0,6.4,10.2
84,summer,large,medium,8.3,11.62,37.6,2.302,1386.25,27.5,66.75,23.8,0,0,0,2.4
85,summer,medium,low,8.4,8.2,12.536,4.555,110,10.667,14,1.3,28,0,6.2,25.6
86,winter,medium,medium,7.6,8.5,94,0.846,25.833,137.60001,130.75,0.8,0,0,0,2.2
87,spring,large,medium,7.3,11.7,3.136,1.013,38.111,67.5,16.662,3.2,2.1,2.2,0,3.4
88,winter,large,medium,7.8,4.5,79.077,0.308,35,209.85699,607.16699,4.3,2,0,0,0
89,summer,small,high,8.22,6.3,2.75,1.527,172.5,36,249.25,20.6,17.1,0,5.9,0
90,autumn,medium,medium,7.79,9.6,125.6,3.316,96.667,264.89999,102.571,3.1,0,0,0,0
91,spring,small,high,7.8,10.5,10.936,0.642,160,10,255.28,1,5.5,0,5.5,0
92,summer,medium,high,7.6,10.5,54.143,4.053,2082.8501,236.39999,169.00101,15,3.9,0,0,0
93,winter,small,low,8.06,10.6,8,4.86,4073.33008,104.727,79.75,4.667,5.6,0,0,15.1
94,spring,medium,low,7.5,9.7,12,2.443,1131.66003,34.636,75.333,0.8,3.1,1.6,0,6.6
95,summer,medium,high,8.66,11.4,53,4.94,12.5,238.2,146.452,5.083,11.3,0,0,3.3
96,winter,large,high,7.3,6,5.889,1.572,10,132.5,170,6.8,2.9,0,3.9,0
97,autumn,small,medium,9.1,11.7,63.625,0.445,98.333,7.3,186.5,28.567,9.7,0,0,0
98,spring,small,low,8.9,6.1,4.575,1.39,246.364,75.875,200.231,13.1,11.6,0,0,0
99,spring,medium,high,8.1,8.5,27.233,7.16,37.778,46.667,75.207,65.7,2.1,0,31.8,0
100,autumn,large,high,8.3,10.8,49.9,4.535,2167.37012,39,211.66701,20.87,3.4,1.2,0,1
101,winter,small,low,8.7,9.4,57.75,1.535,130,41.3,6,4.5,4.3,0,0,5.5
102,spring,large,high,8.15,9.8,58.331,5.33,225,24,44.136,5.233,0,3.5,0,4.3
103,autumn,medium,medium,7.7,8.7,43.09,2.899,371.11099,19.727,269.66699,0.8,5.9,0,7.5,2.7
104,spring,medium,medium,8.1,8.8,44,0.13,96.833,7.4,85.4,NA,0,0,7.1,1.2
105,autumn,large,medium,7.83,10.6,35.66,4.665,227.60001,6,222.286,2.7,0,1.2,0,2.4
106,spring,large,low,8.7,10.9,48.429,9.773,5738.33008,60.833,52.875,4.5,16,0,5.4,2.4
107,summer,small,medium,8.7,8.9,73.25,3.976,25,26,275.14301,2,19.6,11,0,9.7
108,autumn,medium,high,7.4,11.1,41.5,2.818,109,85.5,344.60001,0.5,0,3.5,0,0
109,spring,medium,high,8.43,12.5,22.455,8.759,62.5,144.66701,287,25,1,1.1,0,7
110,winter,medium,low,8,10.1,81.333,0.23,271.25,75,1,88.255,7.3,0,13.2,1.9
111,winter,small,medium,8,10.8,34.5,1.203,153,105,17.333,1,1.5,4,1.4,0
112,autumn,medium,medium,8.4,7.9,29.775,3.444,505,2.5,89.625,92.667,72.6,0,0,1.6
113,winter,medium,high,7.6,NA,11.818,NA,101,159.16701,244,12.32,0,0,0,0
114,summer,large,high,8.05,11.3,9.055,1.875,723.66699,28.625,285.71399,26.8,1,4.8,17.7,1.4
115,winter,small,medium,7.2,9.9,57.848,3.9,60,1,11,6.5,14.5,0,11.1,1.5
116,winter,large,high,8,11.6,26,2.231,236,12.75,586,0.5,38.8,6.8,17.2,0
117,spring,medium,high,8,1.8,40.167,0.77,105.556,111.25,82.444,4.9,0,3.5,0,0
118,winter,small,medium,8.3,10.8,74.667,0.701,12.727,4,232.83299,110.456,0,2.1,0,0
119,autumn,medium,medium,8.3,8.4,5.83,4.508,131.66701,61.25,77.434,24.917,0,5,5.1,14.4
120,autumn,small,high,8.2,12.6,131.39999,6.2,92,1,320.39999,3,4.3,0,0,0
121,summer,small,high,7.5,10.8,32.3,3.773,758.75,9.667,771.59998,2,0,2.3,2.2,1.4
122,winter,small,high,8.1,9.8,28.333,4.17,56.364,166.72701,72.696,31,20.1,0,1.2,0
123,spring,medium,medium,7.62,8.3,5,3.908,27.5,267.75,239,1.1,4.7,0,1,0
124,spring,medium,low,8.7,10.2,NA,2.163,103.333,36.909,123.333,30,0,1.4,12.7,0
125,spring,medium,high,8,10.5,39.109,5.694,33.636,181,201.778,5.2,0,0,0,0
126,summer,small,high,8.3,10.7,48.667,2.55,486.5,1,6.667,50.225,0,0,33.2,6.8
127,winter,medium,low,7.91,11.17,NA,1.474,83.75,NA,46.6,81.54,36.6,0,5.1,0
128,winter,small,high,8.6,11.6,38.902,9.08,10,32,84,0.3,4.6,0,0,1.9
129,spring,small,medium,8.3,10.3,7.333,1.32,96.667,23,177.625,1,40.7,4.1,1.5,6.1
130,winter,small,high,7.4,11.8,20.625,1.003,40,5,121,28.4,22,0,77.6,0
131,winter,medium,medium,8.3,7.4,26,7.195,31.333,48.667,88.5,31.738,0,0,15.8,18.6
132,summer,medium,medium,9,10.5,11.088,0.735,228.75,48.625,140.517,3.3,0,2.7,1.9,2.2
133,summer,large,medium,8.4,11.8,1.45,1.67,37.5,54,61.5,3.5,0,0,9.6,2
134,autumn,large,medium,7.9,9.8,13,6.045,76,55,317,46.075,4.1,0,0,2.4
135,spring,medium,high,7.9,10.8,7,0.923,132.25,1.8,276,2.5,20.6,2.5,0,0
136,spring,large,low,8.1,9.2,39,2.304,120,77.333,69.93,7.3,0,0,0,0
137,winter,small,low,7.4,8.3,26.76,3.14,430,197.83299,22.9,9,0,3.7,0,0
138,summer,medium,low,8.3,6.3,NA,0.673,124,32.5,50,98.817,19.6,0,0,1.9
139,summer,large,high,5.6,11.7,NA,3.07,81,261.60001,98.143,6.167,0,28.8,0,0
140,summer,medium,high,8.5,6.6,10.556,0.9,429.20001,58.875,120.889,2.9,0,0,0,7.1
141,autumn,small,medium,8.1,6.2,10.975,6.225,52.2,4,254.60001,0.8,0,0,0,0
142,spring,small,high,7.4,9.5,94.405,6.513,34,26.625,58.374,0.6,4.1,0,4.7,0
143,summer,large,high,8.24,7.1,40.02,1.651,643,412.33301,23.485,0.3,13.7,0,0,0
144,spring,large,medium,8,8.1,4.7,5.97,43.75,37,391.75,0.6,1.4,1.8,0,1.7
145,summer,medium,medium,7.8,9.7,70,1.328,208.33299,53,558.75,3,6.4,2.4,2.6,0
146,winter,medium,high,8.5,11.2,82.857,7.74,161.81799,3.8,2.5,2.1,0,5.7,18.2,1.9
147,winter,small,high,7.3,10.2,101.875,8.688,102.5,1,141.83299,30.4,1.5,0,10.1,3.2
148,spring,large,medium,7.8,5.4,55.35,3.829,215.714,282.16699,56.091,32,0,1.4,0,0
149,winter,medium,high,7.7,9,9,5.099,244.60001,48,252.5,1.4,40.9,2.2,7,0
150,autumn,medium,high,8.3,4.5,391.5,9.248,91.833,22.2,188.66701,4.5,14.6,8.3,9.9,2.1
151,summer,medium,high,8.5,11,65.75,5.456,245,20.667,45,5.8,12.4,4.6,32.9,7.2
152,autumn,medium,medium,8.5,11.3,16,2.31,6400,109,116.2,NA,0,1.2,6.8,0
153,summer,small,medium,8.3,11.8,66.3,45.65,224.286,20,313.60001,0.3,0,0,0,0
154,spring,medium,high,7.93,10.9,127.833,2.22,176.66701,4.25,228.364,2.338,0,0,0,0
155,summer,medium,medium,8.8,6,21.95,10.416,51.111,2,432.909,1.4,1.9,0,12.6,0
156,spring,medium,medium,9.7,9.2,53,4.908,931.83301,8.6,6,0.8,21.5,1.9,1.2,0
157,spring,large,high,9.5,11.8,34.037,3.33,34.333,70,11.818,2.15,4.9,5,20.4,0
158,winter,medium,low,8.5,8.6,47.778,3.685,98.182,54.1,125.8,0.2,5.2,0,0,1
159,autumn,medium,medium,8.2,12.5,19.22,1.655,103.333,35.333,54.916,0.4,5,3.4,0,1.4
160,summer,medium,low,6.4,9.4,64.093,1.87,196.66701,47.5,7.2,3,12.5,0,0,1
161,summer,large,low,8.6,10.29,32.92,3.02,133.636,102,186,54.367,16,0,17,0
162,spring,large,high,8.2,5.7,41.25,0.102,914,19.111,624.73297,93.683,21.7,7.7,32.1,2.9
163,spring,small,high,7.3,8.8,49.625,1.72,10,180.66701,101.455,18.3,26.5,0,10.6,0
164,winter,small,medium,7.9,12.9,65.333,0.33,255,44,132.54601,0.5,0,0,0,2.7
165,winter,medium,medium,8.8,8,43.97,4.82,101.667,467.5,20.75,0.9,1.7,0,0,3.9
166,spring,large,high,9.1,7.7,NA,0.826,88.182,175.66701,171.272,34.75,0,0,0,0
167,winter,small,medium,8.3,9.2,50,8.984,20,102.364,232.89999,27.5,0,0,0,2.5
168,summer,medium,medium,7.8,10.4,27.4,1.873,134,4,3,40,0,12.7,0,0
169,autumn,small,low,8.2,11.1,7.613,4.93,101.25,49,40,2,0,0,2,1.7
170,spring,small,low,8.06,13.4,100.83,0.73,627.27301,27.25,19,16,0,0,1.5,2.3
171,summer,large,medium,7.9,11,130.67,2.942,215.556,64,272.22198,22.7,13.2,2,0,0
172,spring,medium,high,7.83,6,9,3.923,82.1,234.5,115,6.8,12,1.2,0,1.7
173,autumn,medium,high,8.07,10.1,22.35,1.47,124.364,82.222,10.111,5.609,16.2,1.7,42.4,31.2
174,winter,large,high,6.6,9.6,71.444,3.02,192.5,50.889,296,22.5,0,0,0,2.7
175,spring,small,medium,7.7,9.8,7.25,5.13,197.909,55,7,2,5,0,0,1.7
176,autumn,small,medium,8.5,6.35,43,1.51,20,14.667,173.75,20.8,21.1,0,22.9,0
177,winter,medium,high,8.35,13.1,45.273,3.2,346.66699,16,111.75,1.1,2.1,0,0,6
178,summer,large,medium,7.9,9.9,2.933,3.73,12.5,37.857,86.997,22.9,0,0,0,1.2
179,winter,small,high,8.4,11.1,5.326,3.85,76.667,12.75,19,2.3,1,2,2.6,7.8
180,winter,medium,high,9,10.1,38.125,0.758,46.5,10.8,194.10001,3.2,0,0,0,0
181,winter,small,high,8.1,10.7,31,0.63,21.571,143.71001,NA,8.155,0,0,0,0
182,summer,medium,medium,7.9,3.6,NA,9.715,175,37.375,7.654,0.6,3.4,1.9,0,0
183,winter,medium,medium,8.53,5.3,44.205,0.866,5,221.89999,15,2.5,0,0,0,1.5
184,winter,small,low,8.25,8.1,53.425,0.825,24064,45,56.667,0.5,7.6,0,0,0
185,autumn,small,low,8.1,9.8,2.2,6.096,920,125.667,187.05701,12.1,1.7,0,0,10.8
186,winter,large,medium,7.74,11.9,5.273,3.14,102.75,3.222,43.5,6.9,4.6,1.2,29.5,31.6
187,autumn,small,low,8.5,9.9,3.86,0.81,205.66701,21.083,21.3,0.5,10.5,2.2,5.9,0
188,winter,medium,high,8.27,10.6,32.4,3.778,1729,8.692,13.2,7.3,0,3,11.5,3.2
189,summer,small,medium,8.55,10.6,136,3.726,54.778,1,47,0.8,0,11.5,3.1,0
190,spring,medium,high,6.6,7.6,10.4,1.051,17.778,16,39,2.86,7.5,2.1,3.6,1
191,spring,small,medium,7.29,10.77,208.364,2.67,103,6.5,81.558,NA,0,7.8,0,5.9
192,winter,small,high,8.1,10.8,60.8,0.86,32.727,159.5,279.06601,14.7,0,1.9,0,0
193,spring,small,high,8.56,10.5,12.778,3.734,22.5,72,108,1.1,31.9,0,0,0
194,autumn,medium,low,8,11.7,13.5,0.23,235,59.429,233.5,4,0,3.7,5.5,0
195,autumn,large,medium,8.3,4.9,12.444,2.586,196,19.111,215.5,18.37,3.8,0,13.1,0
196,autumn,large,high,6.6,11.1,17.375,2.805,122.5,27,105.727,1.2,0,2.4,0,0
197,spring,large,medium,7.7,9.4,15.541,1.208,65.455,20,127,72.478,7,0,22.3,1.9
198,winter,medium,high,8,3.3,139.989,0.886,647.57001,3,140.22,2,0,0,2.7,0
199,autumn,small,low,8,10.7,53.102,1.732,49,84.3,97.58,NA,2.9,1,0,4.9
200,autumn,large,medium,8,3.2,61.05,2.8,3466.65991,27.667,253.25,16,0,1.7,0,0
3)
winter     medium     medium     8.10000     7.10000     41.16300     6.23800     308.75000     51.11100     213.00000     XXXXXXX     3.30000     0.00000     0.00000     1.30000     0.00000     8.30000     1.90000
summer     large     low     8.10000     12.00000     29.20000     1.28800     1495.00000     205.63600     236.00000     1.30000     4.40000     28.20000     4.10000     2.60000     1.20000     0.00000     0.00000
autumn     medium     high     7.35000     11.40000     1.17000     5.16400     10.00000     246.00000     46.43800     5.54400     0.00000     9.10000     0.00000     1.00000     0.00000     0.00000     12.50000
spring     large     medium     8.58000     4.80000     1.54900     2.31600     3515.00000     61.18200     23.00000     0.30000     3.10000     0.00000     5.40000     0.00000     11.30000     0.00000     0.00000
winter     small     medium     8.00000     9.00000     2.11100     0.92100     233.70000     58.22200     127.22200     10.50000     12.20000     14.70000     0.00000     0.00000     13.30000     4.10000     1.00000
summer     medium     medium     7.19000     10.00000     6.16700     1.72600     27.06900     13.00000     142.00000     24.55600     12.60000     32.80000     0.00000     0.00000     0.00000     16.70000     0.00000
spring     medium     medium     8.15000     6.50000     XXXXXXX     4.87000     239.00000     23.00000     138.50000     2.10000     0.00000     8.60000     22.90000     3.90000     28.80000     1.40000     1.00000
spring     medium     medium     8.20000     10.70000     4.54500     4.99000     345.45499     44.66700     35.20000     27.61800     3.60000     1.60000     0.00000     1.70000     1.40000     15.80000     2.40000
spring     small     high     8.20000     7.80000     10.07800     2.27300     122.85000     276.85001     246.66701     10.00000     50.60000     5.40000     1.70000     6.90000     0.00000     0.00000     3.90000
I love this class
autumn     small     low     8.40000     10.70000     53.33300     1.28700     137.27299     51.12500     40.66700     13.00000     14.70000     0.00000     2.70000     0.00000     2.90000     0.00000     0.00000
summer     small     low     7.92500     8.10000     29.50000     1.33500     18.42900     25.16700     304.00000     19.40000     32.10000     5.80000     4.70000     2.60000     6.40000     0.00000     0.00000
winter     large     high     7.80000     9.60000     32.54000     1.22300     10.00000     196.62000     87.12500     11.60000     3.60000     12.70000     0.00000     0.00000     1.20000     0.00000     6.00000
spring     small     high     7.72000     5.90000     88.00000     5.13200     10.00000     57.60000     17.00000     1.10000     14.40000     2.60000     0.00000     0.00000     1.90000     1.60000     5.20000
summer     small     high     7.60000     12.10000     47.00000     1.44800     46.20000     13.00000     61.60000     3.20000     3.80000     0.00000     0.00000     0.00000     0.00000     16.60000     0.00000
winter     small     high     7.55000     11.50000     129.37500     1.58800     14.75000     97.33300     98.25000     6.42900     25.50000     21.70000     0.00000     0.00000     5.80000     42.70000     3.30000
spring     small     medium     7.78000     3.20000     7.00000     1.41500     39.00000     18.66700     214.00000     50.00000     0.00000     8.00000     0.00000     0.00000     0.00000     0.00000     0.00000
winter     small     high     7.14000     11.10000     85.98200     0.53600     380.00000     144.00000     84.46000     14.77500     1.70000     15.90000     2.90000     1.90000     0.00000     4.60000     3.20000
summer     medium     high     7.90000     11.50000     95.36700     2.60300     128.57100     60.00000     34.00000     41.00000     81.90000     3.80000     2.00000     4.30000     0.00000     8.30000     0.00000
winter     medium     medium     7.40000     11.30000     11.00000     1.37400     51.42900     3.00000     388.16699     21.22000     11.30000     0.00000     13.60000     4.60000     9.90000     0.00000     1.00000
autumn     medium     medium     8.10000     7.30000     30.12500     0.94100     58.50000     33.80000     167.89999     11.10000     0.00000     0.00000     0.00000     6.80000     0.00000     0.00000     0.00000
spring     small     high     7.60000     9.80000     32.05600     4.18800     125.33300     12.88900     6.00000     21.90000     10.30000     11.20000     0.00000     4.00000     0.00000     1.20000     2.20000
autumn     small     low     7.75000     8.90000     69.00000     0.38100     27.28600     102.33300     18.00000     XXXXXXX     23.20000     25.40000     0.00000     0.00000     27.60000     17.10000     0.00000
summer     medium     medium     7.60000     5.30000     7.00000     1.71500     206.53799     53.62500     122.00000     1.70000     0.00000     4.10000     1.00000     2.20000     0.00000     7.90000     0.00000
spring     small     high     8.43000     3.60000     50.00000     5.41000     11.11100     41.50000     11.50000     5.50000     16.80000     12.70000     1.20000     4.40000     0.00000     0.00000     0.00000
summer     large     high     7.40000     10.30000     87.00000     1.21200     165.00000     9.00000     277.33301     3.00000     4.10000     2.10000     8.80000     0.00000     5.90000     0.00000     1.60000
winter     small     high     7.80000     8.40000     11.86700     3.76500     120.00000     61.55600     102.33300     17.49100     56.80000     0.00000     0.00000     4.90000     22.50000     52.50000     0.00000
autumn     medium     high     8.70000     10.00000     77.00000     2.64000     16.20000     9.00000     60.00000     75.00000     30.30000     0.00000     3.00000     0.00000     1.20000     0.00000     1.90000
spring     small     high     8.70000     5.50000     31.09100     6.64000     20.00000     16.83300     13.60000     4.30000     46.90000     0.00000     19.60000     0.00000     3.20000     8.20000     0.00000
autumn     large     medium     8.16000     11.10000     151.83299     8.54300     28.00000     12.00000     50.45500     3.00000     3.40000     0.00000     14.60000     4.60000     0.00000     42.10000     3.60000
autumn     large     medium     7.80000     9.30000     8.30000     4.82500     60.11000     22.44400     49.33300     5.62000     1.70000     0.00000     0.00000     0.00000     0.00000     0.00000     5.80000
spring     small     high     7.50000     10.30000     0.22200     3.78000     60.00000     10.58300     137.77800     2.80000     18.10000     0.00000     1.90000     1.00000     4.00000     4.50000     2.20000
spring     large     medium     8.50000     9.50000     20.08300     0.99600     124.16700     120.50000     303.33301     XXXXXXX     0.00000     1.00000     1.90000     0.00000     2.50000     64.60000     1.20000
spring     medium     medium     8.00000     10.68000     40.22600     1.17200     461.87500     51.11100     58.62300     8.10000     1.40000     53.60000     12.90000     0.00000     2.90000     0.00000     0.00000
winter     large     medium     8.60000     6.70000     39.00000     1.53400     123.33300     78.33300     147.83299     5.45000     2.40000     8.00000     3.30000     0.00000     3.40000     3.30000     22.10000
autumn     small     low     9.10000     4.30000     59.06700     3.24500     10.50000     15.60000     20.81200     68.05000     18.30000     0.00000     0.00000     1.70000     1.00000     0.00000     0.00000
summer     medium     high     8.00000     9.80000     194.75000     1.92100     370.00000     428.75000     218.00000     1.50000     14.60000     15.70000     5.60000     2.40000     0.00000     6.70000     1.40000
autumn     medium     low     8.40000     8.20000     9.00000     2.95400     10.00000     66.40000     3.00000     9.88200     1.20000     1.70000     1.60000     0.00000     0.00000     0.00000     0.00000
summer     small     low     8.10000     10.53000     23.82500     3.56100     65.55600     26.60000     116.20000     6.20900     3.70000     12.70000     1.70000     3.70000     0.00000     8.50000     30.10000
winter     small     medium     8.47000     10.50000     30.52300     3.35100     18.33300     182.42000     183.66701     17.20000     1.20000     2.70000     3.10000     0.00000     0.00000     0.00000     0.00000
spring     small     low     6.60000     8.40000     46.16700     0.05000     1990.16003     104.50000     205.87500     8.95700     0.00000     1.20000     5.00000     0.00000     35.60000     10.30000     0.00000
winter     medium     high     7.61000     6.50000     10.50000     0.40600     137.00000     564.59998     175.04601     13.20000     16.50000     0.00000     6.10000     0.00000     0.00000     0.00000     0.00000
winter     small     medium     5.70000     11.00000     3.00000     3.97800     217.75000     1.33300     124.20000     2.00000     12.70000     41.00000     7.50000     1.00000     8.70000     0.00000     1.40000
spring     large     high     8.40000     8.80000     56.71700     7.83000     90.00000     187.00000     91.11100     11.84000     24.30000     3.10000     3.90000     44.60000     0.00000     17.80000     0.00000
winter     medium     medium     7.60000     9.50000     69.75000     4.40800     42.00000     104.22200     57.83300     3.90000     0.00000     6.00000     1.40000     0.00000     0.00000     12.40000     2.10000
winter     medium     high     8.30000     5.80000     54.19000     4.07100     737.50000     34.50000     26.00000     3.30000     66.00000     6.70000     9.00000     3.20000     2.60000     9.90000     0.00000
winter     medium     medium     7.80000     10.70000     173.75000     0.37600     54.75000     16.00000     292.62500     0.80000     5.30000     0.00000     1.20000     0.00000     0.00000     15.70000     0.00000
winter     medium     high     8.30000     6.90000     17.75000     2.82200     5.80000     24.66700     265.25000     3.00000     66.90000     0.00000     3.30000     0.00000     11.70000     6.80000     0.00000
winter     small     medium     XXXXXXX     10.80000     15.00000     1.71800     40.00000     12.00000     197.14301     1.30000     9.20000     9.60000     0.00000     5.00000     6.70000     0.00000     0.00000
autumn     small     high     6.50000     10.20000     10.20700     1.58700     142.00000     16.80000     154.12500     7.60000     1.70000     1.70000     3.70000     6.60000     8.00000     0.00000     1.60000
autumn     medium     high     8.40000     9.90000     104.81800     XXXXXXX     421.66699     38.62500     27.50000     7.90000     1.10000     13.20000     8.80000     0.00000     1.20000     0.00000     1.40000
summer     medium     high     7.80000     7.90000     22.28600     4.45900     84.66700     45.90000     361.00000     2.00000     24.00000     12.00000     0.00000     2.20000     5.40000     0.00000     1.10000
spring     large     high     7.90000     4.40000     63.51000     3.83300     28.33300     7.75000     235.66701     18.33000     0.00000     5.60000     1.60000     1.40000     5.60000     0.00000     2.90000
summer     small     medium     8.60000     1.50000     0.80000     0.91000     92.37500     3.54500     143.75000     0.80000     1.10000     28.00000     0.00000     0.00000     2.70000     0.00000     0.00000
winter     large     high     8.84000     11.21000     14.32000     0.69900     170.90900     151.33299     6.50000     XXXXXXX     1.20000     3.90000     2.40000     0.00000     0.00000     0.00000     0.00000
winter     large     medium     8.00000     10.70000     47.22900     3.31800     32.00000     39.00000     16.00000     15.30000     4.00000     0.00000     1.40000     0.00000     0.00000     0.00000     2.90000
summer     medium     medium     7.90000     10.20000     4.08300     1.32000     10.00000     71.00000     4.00000     XXXXXXX     1.90000     0.00000     3.40000     0.00000     7.50000     0.00000     0.00000
spring     medium     medium     9.10000     9.00000     6.30000     2.68000     153.75000     346.16699     6.00000     XXXXXXX     35.50000     18.40000     0.00000     1.00000     0.00000     0.00000     0.00000
summer     medium     high     7.09000     7.10000     77.36400     2.51200     8.00000     2.00000     61.44400     15.60000     0.00000     1.90000     24.80000     0.00000     3.50000     4.70000     1.20000
spring     medium     medium     8.70000     6.20000     16.00000     2.97800     118.57100     2.50000     6.20000     22.50000     3.40000     8.70000     0.00000     0.00000     0.00000     8.70000     0.00000
autumn     medium     low     6.80000     9.00000     XXXXXXX     3.67800     578.00000     30.75000     85.00000     3.70000     37.30000     1.40000     0.00000     0.00000     0.00000     1.50000     0.00000
winter     medium     medium     7.50000     XXXXXXX     8.00000     4.03000     18.00000     XXXXXXX     56.66700     XXXXXXX     20.30000     0.00000     1.20000     0.00000     8.90000     1.80000     0.00000
spring     small     high     7.45000     6.00000     187.18300     5.41400     XXXXXXX     3.33300     71.00000     3.60000     0.00000     1.90000     0.00000     0.00000     0.00000     1.40000     0.00000
winter     small     high     7.57000     8.20000     XXXXXXX     2.10200     43.75000     2.00000     6.75000     1.00000     0.00000     7.00000     0.00000     6.20000     2.10000     2.40000     1.40000
summer     large     high     8.87000     11.30000     4.32600     5.09900     10.00000     62.62500     138.70000     3.80000     51.80000     0.00000     7.80000     4.30000     6.10000     0.00000     0.00000
summer     small     medium     7.44000     11.70000     36.24800     0.67200     15.00000     12.75000     75.90400     5.11100     41.00000     15.20000     2.10000     0.00000     6.50000     0.00000     1.40000
winter     medium     medium     7.70000     7.10000     3.27500     3.31000     112.85700     1.25000     10.75000     6.40000     2.90000     12.00000     1.10000     5.30000     4.10000     0.00000     16.70000
spring     small     low     7.00000     7.70000     23.25000     1.42000     146.66701     151.12500     11.00000     XXXXXXX     64.20000     16.40000     35.10000     0.00000     11.20000     0.00000     2.70000
winter     small     medium     8.20000     11.70000     82.85200     0.26700     32.50000     220.75000     351.60001     9.38400     0.00000     0.00000     1.50000     7.60000     3.90000     0.00000     2.10000
winter     small     medium     7.50000     7.60000     3.50000     6.18800     155.00000     1.62500     XXXXXXX     13.10000     0.00000     0.00000     1.20000     1.20000     0.00000     0.00000     0.00000
winter     medium     medium     8.10000     9.70000     7.83800     1.44300     72.60000     173.00000     104.00000     17.20000     15.80000     0.00000     0.00000     0.00000     12.40000     1.60000     6.10000
summer     medium     medium     7.80000     10.50000     82.11100     0.66300     53.84600     87.33300     152.33299     5.20000     9.20000     0.00000     0.00000     4.60000     9.00000     0.00000     1.40000
summer     small     high     8.50000     7.00000     64.00000     6.54000     66.66700     16.00000     14.00000     11.70000     5.90000     4.00000     3.30000     13.40000     0.00000     21.40000     4.20000
autumn     large     medium     7.20000     6.20000     22.32000     3.61700     15.00000     136.75000     326.85699     2.00000     52.20000     0.00000     1.70000     2.90000     9.50000     0.00000     1.20000
winter     medium     medium     8.50000     10.40000     51.11300     5.07800     XXXXXXX     100.00000     72.90000     53.10000     16.60000     0.00000     3.50000     1.00000     8.60000     0.00000     0.00000
summer     medium     high     8.70000     6.80000     35.75000     2.32300     13.50000     38.75000     18.29300     3.00000     0.00000     7.40000     6.60000     0.00000     11.50000     17.00000     0.00000
autumn     small     high     9.06000     12.10000     12.18200     3.41400     1081.66003     18.25000     221.27800     5.55500     0.00000     5.40000     0.00000     1.00000     0.00000     0.00000     1.00000
winter     medium     high     7.84000     4.90000     63.29200     0.73500     1911.00000     36.30000     76.33300     0.50000     2.80000     38.50000     23.20000     0.00000     1.70000     4.50000     0.00000
spring     large     medium     8.21000     9.80000     8.69000     1.51900     32.50000     64.38900     11.80000     3.60000     46.20000     4.60000     11.80000     2.20000     5.50000     0.00000     4.10000
summer     small     low     8.60000     9.40000     11.00000     0.46100     8777.59961     51.75000     14.35400     2.80000     31.80000     21.60000     0.00000     3.40000     4.90000     6.90000     0.00000
autumn     medium     medium     7.77000     11.80000     XXXXXXX     3.23500     1168.00000     31.33300     284.00000     20.57800     14.40000     1.20000     1.00000     0.00000     0.00000     0.00000     0.00000
autumn     medium     high     8.40000     9.90000     42.63600     5.44200     49.50000     191.75000     219.90900     4.30000     1.20000     10.40000     10.80000     0.00000     7.30000     0.00000     0.00000
winter     large     high     7.40000     3.40000     12.14600     0.65800     89.60000     7.66700     111.37500     21.00000     7.60000     21.50000     21.90000     0.00000     2.40000     6.40000     10.20000
summer     large     medium     8.30000     11.62000     37.60000     2.30200     1386.25000     27.50000     66.75000     23.80000     74.20000     0.00000     1.50000     0.00000     15.30000     0.00000     2.40000
summer     medium     low     8.40000     8.20000     12.53600     4.55500     110.00000     10.66700     14.00000     1.30000     43.70000     28.00000     0.00000     0.00000     1.90000     6.20000     25.60000
winter     medium     medium     7.60000     8.50000     94.00000     0.84600     25.83300     137.60001     130.75000     0.80000     0.00000     0.00000     7.30000     0.00000     16.20000     0.00000     2.20000
spring     large     medium     7.30000     11.70000     3.13600     1.01300     38.11100     67.50000     16.66200     3.20000     19.40000     2.10000     0.00000     2.20000     0.00000     0.00000     3.40000
winter     large     medium     7.80000     4.50000     79.07700     0.30800     35.00000     209.85699     607.16699     4.30000     15.10000     2.00000     2.60000     0.00000     9.40000     0.00000     0.00000
summer     small     high     8.22000     6.30000     2.75000     1.52700     172.50000     36.00000     249.25000     20.60000     89.80000     17.10000     1.00000     0.00000     0.00000     5.90000     0.00000
autumn     medium     medium     7.79000     9.60000     125.60000     3.31600     96.66700     264.89999     102.57100     3.10000     15.50000     0.00000     1.20000     0.00000     3.10000     0.00000     0.00000
spring     small     high     7.80000     10.50000     10.93600     0.64200     160.00000     10.00000     255.28000     1.00000     0.00000     5.50000     6.30000     0.00000     22.10000     5.50000     0.00000
summer     medium     high     7.60000     10.50000     54.14300     4.05300     2082.85010     236.39999     169.00101     15.00000     69.90000     3.90000     10.10000     0.00000     6.60000     0.00000     0.00000
winter     small     low     8.06000     10.60000     8.00000     4.86000     4073.33008     104.72700     79.75000     4.66700     16.80000     5.60000     25.30000     0.00000     0.00000     0.00000     15.10000
spring     medium     low     7.50000     9.70000     12.00000     2.44300     1131.66003     34.63600     75.33300     0.80000     0.00000     3.10000     0.00000     1.60000     0.00000     0.00000     6.60000
summer     medium     high     8.66000     11.40000     53.00000     4.94000     12.50000     238.20000     146.45200     5.08300     55.50000     11.30000     5.50000     0.00000     0.00000     0.00000     3.30000
winter     large     high     7.30000     6.00000     5.88900     1.57200     10.00000     132.50000     170.00000     6.80000     5.70000     2.90000     1.40000     0.00000     2.40000     3.90000     0.00000
autumn     small     medium     9.10000     11.70000     63.62500     0.44500     98.33300     7.30000     186.50000     28.56700     1.90000     9.70000     0.00000     0.00000     7.70000     0.00000     0.00000
spring     small     low     8.90000     6.10000     4.57500     1.39000     246.36400     75.87500     200.23100     13.10000     1.20000     11.60000     4.90000     0.00000     20.80000     0.00000     0.00000
spring     medium     high     8.10000     8.50000     27.23300     7.16000     37.77800     46.66700     75.20700     65.70000     23.70000     2.10000     2.00000     0.00000     0.00000     31.80000     0.00000
autumn     large     high     8.30000     10.80000     49.90000     4.53500     2167.37012     39.00000     211.66701     20.87000     0.00000     3.40000     1.00000     1.20000     19.70000     0.00000     1.00000
winter     small     low     8.70000     9.40000     57.75000     1.53500     130.00000     41.30000     6.00000     4.50000     28.10000     4.30000     1.70000     0.00000     15.00000     0.00000     5.50000
spring     large     high     8.15000     9.80000     58.33100     5.33000     225.00000     24.00000     44.13600     5.23300     7.00000     0.00000     0.00000     3.50000     4.10000     0.00000     4.30000
autumn     medium     medium     7.70000     8.70000     43.09000     2.89900     371.11099     19.72700     269.66699     0.80000     39.10000     5.90000     0.00000     0.00000     5.30000     7.50000     2.70000
spring     medium     medium     8.10000     8.80000     44.00000     0.13000     96.83300     7.40000     85.40000     XXXXXXX     4.20000     0.00000     14.00000     0.00000     10.20000     7.10000     1.20000
autumn     large     medium     7.83000     10.60000     35.66000     4.66500     227.60001     6.00000     222.28600     2.70000     4.10000     0.00000     0.00000     1.20000     0.00000     0.00000     2.40000
spring     large     low     8.70000     10.90000     48.42900     9.77300     5738.33008     60.83300     52.87500     4.50000     1.90000     16.00000     1.00000     0.00000     1.40000     5.40000     2.40000
summer     small     medium     8.70000     8.90000     73.25000     3.97600     25.00000     26.00000     275.14301     2.00000     8.80000     19.60000     0.00000     11.00000     1.00000     0.00000     9.70000
autumn     medium     high     7.40000     11.10000     41.50000     2.81800     109.00000     85.50000     344.60001     0.50000     2.50000     0.00000     0.00000     3.50000     0.00000     0.00000     0.00000
spring     medium     high     8.43000     12.50000     22.45500     8.75900     62.50000     144.66701     287.00000     25.00000     47.10000     1.00000     10.30000     1.10000     0.00000     0.00000     7.00000
winter     medium     low     8.00000     10.10000     81.33300     0.23000     271.25000     75.00000     1.00000     88.25500     43.50000     7.30000     9.40000     0.00000     17.80000     13.20000     1.90000
winter     small     medium     8.00000     10.80000     34.50000     1.20300     153.00000     105.00000     17.33300     1.00000     64.30000     1.50000     8.00000     4.00000     0.00000     1.40000     0.00000
autumn     medium     medium     8.40000     7.90000     29.77500     3.44400     505.00000     2.50000     89.62500     92.66700     25.40000     72.60000     0.00000     0.00000     9.00000     0.00000     1.60000
winter     medium     high     7.60000     XXXXXXX     11.81800     XXXXXXX     101.00000     159.16701     244.00000     12.32000     75.80000     0.00000     4.10000     0.00000     0.00000     0.00000     0.00000
summer     large     high     8.05000     11.30000     9.05500     1.87500     723.66699     28.62500     285.71399     26.80000     39.70000     1.00000     13.50000     4.80000     34.20000     17.70000     1.40000
winter     small     medium     7.20000     9.90000     57.84800     3.90000     60.00000     1.00000     11.00000     6.50000     0.00000     14.50000     0.00000     0.00000     11.50000     11.10000     1.50000
winter     large     high     8.00000     11.60000     26.00000     2.23100     236.00000     12.75000     586.00000     0.50000     2.50000     38.80000     0.00000     6.80000     0.00000     17.20000     0.00000
spring     medium     high     8.00000     1.80000     40.16700     0.77000     105.55600     111.25000     82.44400     4.90000     31.10000     0.00000     2.00000     3.50000     0.00000     0.00000     0.00000
winter     small     medium     8.30000     10.80000     74.66700     0.70100     12.72700     4.00000     232.83299     110.45600     10.80000     0.00000     0.00000     2.10000     0.00000     0.00000     0.00000
autumn     medium     medium     8.30000     8.40000     5.83000     4.50800     131.66701     61.25000     77.43400     24.91700     12.30000     0.00000     3.90000     5.00000     0.00000     5.10000     14.40000
autumn     small     high     8.20000     12.60000     131.39999     6.20000     92.00000     1.00000     320.39999     3.00000     33.90000     4.30000     1.00000     0.00000     11.30000     0.00000     0.00000
summer     small     high     7.50000     10.80000     32.30000     3.77300     758.75000     9.66700     771.59998     2.00000     2.80000     0.00000     0.00000     2.30000     0.00000     2.20000     1.40000
winter     small     high     8.10000     9.80000     28.33300     4.17000     56.36400     166.72701     72.69600     31.00000     42.50000     20.10000     10.60000     0.00000     4.00000     1.20000     0.00000
spring     medium     medium     7.62000     8.30000     5.00000     3.90800     27.50000     267.75000     239.00000     1.10000     18.10000     4.70000     0.00000     0.00000     8.20000     1.00000     0.00000
spring     medium     low     8.70000     10.20000     XXXXXXX     2.16300     103.33300     36.90900     123.33300     30.00000     17.30000     0.00000     1.90000     1.40000     0.00000     12.70000     0.00000
spring     medium     high     8.00000     10.50000     39.10900     5.69400     33.63600     181.00000     201.77800     5.20000     2.40000     0.00000     0.00000     0.00000     0.00000     0.00000     0.00000
summer     small     high     8.30000     10.70000     48.66700     2.55000     486.50000     1.00000     6.66700     50.22500     24.80000     0.00000     0.00000     0.00000     0.00000     33.20000     6.80000
winter     medium     low     7.91000     11.17000     XXXXXXX     1.47400     83.75000     XXXXXXX     46.60000     81.54000     18.20000     36.60000     0.00000     0.00000     1.20000     5.10000     0.00000
winter     small     high     8.60000     11.60000     38.90200     9.08000     10.00000     32.00000     84.00000     0.30000     0.00000     4.60000     2.50000     0.00000     5.50000     0.00000     1.90000
spring     small     medium     8.30000     10.30000     7.33300     1.32000     96.66700     23.00000     177.62500     1.00000     2.20000     40.70000     2.50000     4.10000     1.10000     1.50000     6.10000
winter     small     high     7.40000     11.80000     20.62500     1.00300     40.00000     5.00000     121.00000     28.40000     2.20000     22.00000     1.00000     0.00000     1.20000     77.60000     0.00000
winter     medium     medium     8.30000     7.40000     26.00000     7.19500     31.33300     48.66700     88.50000     31.73800     1.90000     0.00000     1.40000     0.00000     3.10000     15.80000     18.60000
summer     medium     medium     9.00000     10.50000     11.08800     0.73500     228.75000     48.62500     140.51700     3.30000     3.30000     0.00000     3.20000     2.70000     5.20000     1.90000     2.20000
summer     large     medium     8.40000     11.80000     1.45000     1.67000     37.50000     54.00000     61.50000     3.50000     8.70000     0.00000     0.00000     0.00000     0.00000     9.60000     2.00000
autumn     large     medium     7.90000     9.80000     13.00000     6.04500     76.00000     55.00000     317.00000     46.07500     0.00000     4.10000     0.00000     0.00000     1.00000     0.00000     2.40000
spring     medium     high     7.90000     10.80000     7.00000     0.92300     132.25000     1.80000     276.00000     2.50000     54.00000     20.60000     7.00000     2.50000     8.60000     0.00000     0.00000
spring     large     low     8.10000     9.20000     39.00000     2.30400     120.00000     77.33300     69.93000     7.30000     2.10000     0.00000     2.00000     0.00000     1.70000     0.00000     0.00000
winter     small     low     7.40000     8.30000     26.76000     3.14000     430.00000     197.83299     22.90000     9.00000     1.50000     0.00000     1.20000     3.70000     3.60000     0.00000     0.00000
summer     medium     low     8.30000     6.30000     XXXXXXX     0.67300     124.00000     32.50000     50.00000     98.81700     17.00000     19.60000     0.00000     0.00000     1.20000     0.00000     1.90000
summer     large     high     5.60000     11.70000     XXXXXXX     3.07000     81.00000     261.60001     98.14300     6.16700     0.00000     0.00000     10.20000     28.80000     7.40000     0.00000     0.00000
summer     medium     high     8.50000     6.60000     10.55600     0.90000     429.20001     58.87500     120.88900     2.90000     64.90000     0.00000     0.00000     0.00000     4.80000     0.00000     7.10000
autumn     small     medium     8.10000     6.20000     10.97500     6.22500     52.20000     4.00000     254.60001     0.80000     46.60000     0.00000     1.40000     0.00000     0.00000     0.00000     0.00000
spring     small     high     7.40000     9.50000     94.40500     6.51300     34.00000     26.62500     58.37400     0.60000     12.50000     4.10000     2.10000     0.00000     0.00000     4.70000     0.00000
summer     large     high     8.24000     7.10000     40.02000     1.65100     643.00000     412.33301     23.48500     0.30000     10.30000     13.70000     4.00000     0.00000     0.00000     0.00000     0.00000
spring     large     medium     8.00000     8.10000     4.70000     5.97000     43.75000     37.00000     391.75000     0.60000     39.70000     1.40000     5.00000     1.80000     0.00000     0.00000     1.70000
summer     medium     medium     7.80000     9.70000     70.00000     1.32800     208.33299     53.00000     558.75000     3.00000     4.40000     6.40000     1.00000     2.40000     0.00000     2.60000     0.00000
winter     medium     high     8.50000     11.20000     82.85700     7.74000     161.81799     3.80000     2.50000     2.10000     86.60000     0.00000     0.00000     5.70000     4.80000     18.20000     1.90000
winter     small     high     7.30000     10.20000     101.87500     8.68800     102.50000     1.00000     141.83299     30.40000     0.00000     1.50000     1.20000     0.00000     0.00000     10.10000     3.20000
spring     large     medium     7.80000     5.40000     55.35000     3.82900     215.71400     282.16699     56.09100     32.00000     1.40000     0.00000     3.70000     1.40000     8.10000     0.00000     0.00000
winter     medium     high     7.70000     9.00000     9.00000     5.09900     244.60001     48.00000     252.50000     1.40000     6.50000     40.90000     7.50000     2.20000     5.00000     7.00000     0.00000
autumn     medium     high     8.30000     4.50000     391.50000     9.24800     91.83300     22.20000     188.66701     4.50000     0.00000     14.60000     21.70000     8.30000     0.00000     9.90000     2.10000
summer     medium     high     8.50000     11.00000     65.75000     5.45600     245.00000     20.66700     45.00000     5.80000     0.00000     12.40000     0.00000     4.60000     8.00000     32.90000     7.20000
autumn     medium     medium     8.50000     11.30000     16.00000     2.31000     6400.00000     109.00000     116.20000     XXXXXXX     7.20000     0.00000     0.00000     1.20000     5.70000     6.80000     0.00000
summer     small     medium     8.30000     11.80000     66.30000     45.65000     224.28600     20.00000     313.60001     0.30000     0.00000     0.00000     6.80000     0.00000     0.00000     0.00000     0.00000
spring     medium     high     7.93000     10.90000     127.83300     2.22000     176.66701     4.25000     228.36400     2.33800     6.70000     0.00000     2.60000     0.00000     3.90000     0.00000     0.00000
summer     medium     medium     8.80000     6.00000     21.95000     10.41600     51.11100     2.00000     432.90900     1.40000     2.00000     1.90000     2.20000     0.00000     17.90000     12.60000     0.00000
spring     medium     medium     9.70000     9.20000     53.00000     4.90800     931.83301     8.60000     6.00000     0.80000     24.80000     21.50000     0.00000     1.90000     2.70000     1.20000     0.00000
spring     large     high     9.50000     11.80000     34.03700     3.33000     34.33300     70.00000     11.81800     2.15000     82.70000     4.90000     16.00000     5.00000     0.00000     20.40000     0.00000
winter     medium     low     8.50000     8.60000     47.77800     3.68500     98.18200     54.10000     125.80000     0.20000     1.40000     5.20000     2.30000     0.00000     0.00000     0.00000     1.00000
autumn     medium     medium     8.20000     12.50000     19.22000     1.65500     103.33300     35.33300     54.91600     0.40000     2.20000     5.00000     1.80000     3.40000     2.50000     0.00000     1.40000
summer     medium     low     6.40000     9.40000     64.09300     1.87000     196.66701     47.50000     7.20000     3.00000     1.40000     12.50000     0.00000     0.00000     0.00000     0.00000     1.00000
summer     large     low     8.60000     10.29000     32.92000     3.02000     133.63600     102.00000     186.00000     54.36700     1.70000     16.00000     0.00000     0.00000     0.00000     17.00000     0.00000
spring     large     high     8.20000     5.70000     41.25000     0.10200     914.00000     19.11100     624.73297     93.68300     1.60000     21.70000     9.90000     7.70000     0.00000     32.10000     2.90000
spring     small     high     7.30000     8.80000     49.62500     1.72000     10.00000     180.66701     101.45500     18.30000     0.00000     26.50000     0.00000     0.00000     0.00000     10.60000     0.00000
winter     small     medium     7.90000     12.90000     65.33300     0.33000     255.00000     44.00000     132.54601     0.50000     1.60000     0.00000     11.50000     0.00000     0.00000     0.00000     2.70000
winter     medium     medium     8.80000     8.00000     43.97000     4.82000     101.66700     467.50000     20.75000     0.90000     0.00000     1.70000     18.90000     0.00000     34.30000     0.00000     3.90000
spring     large     high     9.10000     7.70000     XXXXXXX     0.82600     88.18200     175.66701     171.27200     34.75000     7.80000     0.00000     0.00000     0.00000     20.80000     0.00000     0.00000
winter     small     medium     8.30000     9.20000     50.00000     8.98400     20.00000     102.36400     232.89999     27.50000     17.10000     0.00000     2.90000     0.00000     0.00000     0.00000     2.50000
summer     medium     medium     7.80000     10.40000     27.40000     1.87300     134.00000     4.00000     3.00000     40.00000     15.10000     0.00000     2.50000     12.70000     2.70000     0.00000     0.00000
autumn     small     low     8.20000     11.10000     7.61300     4.93000     101.25000     49.00000     40.00000     2.00000     1.50000     0.00000     0.00000     0.00000     0.00000     2.00000     1.70000
spring     small     low     8.06000     13.40000     100.83000     0.73000     627.27301     27.25000     19.00000     16.00000     13.00000     0.00000     1.20000     0.00000     18.70000     1.50000     2.30000
summer     large     medium     7.90000     11.00000     130.67000     2.94200     215.55600     64.00000     272.22198     22.70000     58.70000     13.20000     0.00000     2.00000     1.20000     0.00000     0.00000
spring     medium     high     7.83000     6.00000     9.00000     3.92300     82.10000     234.50000     115.00000     6.80000     0.00000     12.00000     0.00000     1.20000     9.20000     0.00000     1.70000
autumn     medium     high     8.07000     10.10000     22.35000     1.47000     124.36400     82.22200     10.11100     5.60900     4.10000     16.20000     2.10000     1.70000     6.10000     42.40000     31.20000
winter     large     high     6.60000     9.60000     71.44400     3.02000     192.50000     50.88900     296.00000     22.50000     46.80000     0.00000     25.90000     0.00000     0.00000     0.00000     2.70000
spring     small     medium     7.70000     9.80000     7.25000     5.13000     197.90900     55.00000     7.00000     2.00000     17.00000     5.00000     42.80000     0.00000     19.00000     0.00000     1.70000
autumn     small     medium     8.50000     6.35000     43.00000     1.51000     20.00000     14.66700     173.75000     20.80000     32.50000     21.10000     1.00000     0.00000     0.00000     22.90000     0.00000
winter     medium     high     8.35000     13.10000     45.27300     3.20000     346.66699     16.00000     111.75000     1.10000     32.80000     2.10000     0.00000     0.00000     15.90000     0.00000     6.00000
summer     large     medium     7.90000     9.90000     2.93300     3.73000     12.50000     37.85700     86.99700     22.90000     12.30000     0.00000     0.00000     0.00000     2.20000     0.00000     1.20000
winter     small     high     8.40000     11.10000     5.32600     3.85000     76.66700     12.75000     19.00000     2.30000     52.40000     1.00000     1.00000     2.00000     0.00000     2.60000     7.80000
winter     medium     high     9.00000     10.10000     38.12500     0.75800     46.50000     10.80000     194.10001     3.20000     48.30000     0.00000     0.00000     0.00000     0.00000     0.00000     0.00000
winter     small     high     8.10000     10.70000     31.00000     0.63000     21.57100     143.71001     XXXXXXX     8.15500     50.40000     0.00000     4.80000     0.00000     0.00000     0.00000     0.00000
summer     medium     medium     7.90000     3.60000     XXXXXXX     9.71500     175.00000     37.37500     7.65400     0.60000     3.30000     3.40000     0.00000     1.90000     8.60000     0.00000     0.00000
winter     medium     medium     8.53000     5.30000     44.20500     0.86600     5.00000     221.89999     15.00000     2.50000     0.00000     0.00000     0.00000     0.00000     0.00000     0.00000     1.50000
winter     small     low     8.25000     8.10000     53.42500     0.82500     24064.00000     45.00000     56.66700     0.50000     54.40000     7.60000     0.00000     0.00000     7.50000     0.00000     0.00000
autumn     small     low     8.10000     9.80000     2.20000     6.09600     920.00000     125.66700     187.05701     12.10000     0.00000     1.70000     4.20000     0.00000     44.40000     0.00000     10.80000
winter     large     medium     7.74000     11.90000     5.27300     3.14000     102.75000     3.22200     43.50000     6.90000     3.40000     4.60000     3.00000     1.20000     0.00000     29.50000     31.60000
autumn     small     low     8.50000     9.90000     3.86000     0.81000     205.66701     21.08300     21.30000     0.50000     0.00000     10.50000     22.00000     2.20000     6.60000     5.90000     0.00000
winter     medium     high     8.27000     10.60000     32.40000     3.77800     1729.00000     8.69200     13.20000     7.30000     0.00000     0.00000     0.00000     3.00000     0.00000     11.50000     3.20000
summer     small     medium     8.55000     10.60000     136.00000     3.72600     54.77800     1.00000     47.00000     0.80000     0.00000     0.00000     2.40000     11.50000     10.60000     3.10000     0.00000
spring     medium     high     6.60000     7.60000     10.40000     1.05100     17.77800     16.00000     39.00000     2.86000     1.40000     7.50000     0.00000     2.10000     0.00000     3.60000     1.00000
spring     small     medium     7.29000     10.77000     208.36400     2.67000     103.00000     6.50000     81.55800     XXXXXXX     29.70000     0.00000     0.00000     7.80000     20.00000     0.00000     5.90000
winter     small     high     8.10000     10.80000     60.80000     0.86000     32.72700     159.50000     279.06601     14.70000     0.00000     0.00000     0.00000     1.90000     7.70000     0.00000     0.00000
spring     small     high     8.56000     10.50000     12.77800     3.73400     22.50000     72.00000     108.00000     1.10000     2.20000     31.90000     0.00000     0.00000     1.90000     0.00000     0.00000
autumn     medium     low     8.00000     11.70000     13.50000     0.23000     235.00000     59.42900     233.50000     4.00000     6.90000     0.00000     17.60000     3.70000     14.90000     5.50000     0.00000
autumn     large     medium     8.30000     4.90000     12.44400     2.58600     196.00000     19.11100     215.50000     18.37000     18.90000     3.80000     19.50000     0.00000     5.50000     13.10000     0.00000
autumn     large     high     6.60000     11.10000     17.37500     2.80500     122.50000     27.00000     105.72700     1.20000     29.50000     0.00000     1.70000     2.40000     6.40000     0.00000     0.00000
spring     large     medium     7.70000     9.40000     15.54100     1.20800     65.45500     20.00000     127.00000     72.47800     18.00000     7.00000     0.00000     0.00000     9.20000     22.30000     1.90000
winter     medium     high     8.00000     3.30000     139.98900     0.88600     647.57001     3.00000     140.22000     2.00000     13.60000     0.00000     0.00000     0.00000     1.40000     2.70000     0.00000
autumn     small     low     8.00000     10.70000     53.10200     1.73200     49.00000     84.30000     97.58000     XXXXXXX     3.30000     2.90000     19.70000     1.00000     0.00000     0.00000     4.90000
autumn     large     medium     8.00000     3.20000     61.05000     2.80000     3466.65991     27.66700     253.25000     16.00000     2.40000     0.00000     7.80000     1.70000     1.20000     0.00000     0.00000

