1)
  season   size  speed mxPH mnO2     Cl   NO3   NH4   oPO4   PO4 Chla   a1   a2  a3  a4   a5   a6
1 winter  small medium 7.35 10.0  82.86 6.238 578.0   1.25 122.0  2.3 54.4  0.0 0.0 0.0 34.2  8.3
2 spring medium   high 8.70 12.0  29.20 0.102  98.2  33.80 284.0 68.0  0.0 21.1 2.0 0.0  4.0  0.0
3 summer  large medium 7.09 11.6  40.17 2.220 346.7 246.00    NA  3.3  3.3 53.6 0.0 0.0 13.3  0.0
4 spring  small    low 7.74  4.8   1.55 0.461 142.0  32.50 138.7  0.8  2.4  5.2 0.0 0.0  0.0  1.4
5 autumn  small   high 7.75  9.7   5.27 3.561 233.7  58.22  97.6  3.2  4.1 21.5 1.7 0.0  0.0  0.0
6 summer medium   high 9.10 10.0 127.83 3.778  58.5   1.33 249.2 28.4 52.4  0.0 0.0 1.2  0.0 12.6
   a7
1 0.0
2 3.9
3 9.7
4 2.9
5 0.0
6 0.0
2)
,season,size,speed,mxPH,mnO2,Cl,NO3,NH4,oPO4,PO4,Chla,a2,a4,a6,a7
1,winter,small,medium,7.35,10,82.857,6.238,578,1.25,122,2.3,0,0,8.3,0
2,spring,medium,high,8.7,12,29.2,0.102,98.182,33.8,284,68.05,21.1,0,0,3.9
3,summer,large,medium,7.09,11.62,40.167,2.22,346.66699,246,NA,3.3,53.6,0,0,9.7
4,spring,small,low,7.74,4.8,1.549,0.461,142,32.5,138.7,0.8,5.2,0,1.4,2.9
5,autumn,small,high,7.75,9.7,5.273,3.561,233.7,58.222,97.58,3.2,21.5,0,0,0
6,summer,medium,high,9.1,10,127.833,3.778,58.5,1.333,249.25,28.4,0,1.2,12.6,0
7,spring,medium,medium,8.15,10.3,47.229,3.978,76.667,105,138.5,3.2,0,3.9,0,0
8,winter,small,high,7.9,8,9,4.99,90,53.625,771.59998,0.3,1.6,0,0,0
9,winter,large,medium,8.1,3.6,151.83299,0.758,122.85,8.692,7,3,5.4,6.9,0,0
10,winter,medium,high,7.55,9.9,12.778,1.39,178.57001,55,130.75,0.5,1.5,2.9,0,0
11,spring,large,high,8.35,10.2,64,1.87,56.364,12.75,246.66701,11.84,0,0,4.1,0
12,autumn,small,medium,7.83,11.5,16,9.715,92,NA,14.354,1,0,0,0,0
13,autumn,medium,high,8.2,9.6,53.333,1.223,21.571,60.833,213,0.3,0,7.8,8.7,0
14,summer,large,high,7.2,3.4,5.889,8.759,10,10.8,17,98.817,25.4,0,17,2.7
15,summer,medium,high,8.4,10.9,2.111,3.02,46.2,13,388.16699,5.083,21.6,5,0,6
16,autumn,large,medium,9.06,8.1,4.7,2.603,14.75,72,171.272,1.1,0,7.7,0,0
17,spring,medium,high,7.78,10.6,53.102,1.415,15,180.66701,120.889,4.5,0,1.9,21.4,0
18,summer,small,medium,7.9,NA,32.54,1.443,103.333,136.75,361,0.5,9.1,2.4,0,3.2
19,summer,small,high,7.8,9.9,10.4,7.16,486.5,49,52.875,NA,0,0,0,0
20,winter,medium,medium,8.05,9.8,41.5,1.527,133.636,564.59998,287,3.7,0,4.6,1.6,0
21,winter,medium,medium,7.8,10.7,3.5,4.825,244.60001,87.333,143.75,16,0,1.1,11.5,0
22,spring,small,low,8.3,10.5,22.455,4.053,65.455,15.6,108,21.9,0,2.3,0,0
23,spring,large,medium,9,11.1,173.75,3.245,39,48.667,44.136,7.6,6.4,5.7,0,0
24,winter,small,high,8.3,5.3,57.75,1.715,430,151.33299,58.374,1.7,1,0,0,6.6
25,winter,small,high,7.84,3.3,63.51,8.543,271.25,10,11.5,5.609,8.6,0,0,3.4
26,spring,medium,high,8.6,8.9,14.32,45.65,1990.16003,120.5,285.71399,NA,4.6,0,0,0
27,spring,large,high,8.7,5.7,12.536,0.866,112.857,44.667,222.286,2,4.3,4.9,3.9,4.9
28,autumn,small,high,7.4,8.3,77,0.63,20,144.66701,66.75,9,5.6,12.7,0,4.1
29,spring,medium,low,8,6.3,0.222,3.908,20,234.5,124.2,0.8,0,2.4,0,2.5
30,winter,large,high,7.8,11.7,56.717,2.818,134,25.167,167.89999,2.8,0,1.7,3.6,3.6
31,autumn,medium,medium,7.8,9.3,8.3,2.899,124,19.111,154.125,0.8,16,4.6,31.8,0
32,winter,medium,high,8.84,10.3,30.125,1.651,10,7.667,262.72699,2,17.1,0,0,2.2
33,winter,small,high,8.5,9.8,20.083,3.02,124.167,159.16701,127,0.3,0,1,5.1,1.2
34,summer,medium,medium,7.3,9.4,53,0.9,758.75,24,19,1.4,15.9,6.8,0,1.9
35,spring,medium,high,7.9,6.7,39,2.512,32.5,197.83299,89.625,22.5,3.8,0,3.1,7.1
36,autumn,small,medium,7.8,8.4,44,0.381,60,41.3,61.444,15.6,0,0,0,0
37,autumn,large,high,8.8,9.6,1.17,0.673,1495,82.222,146.452,4,12,0,5.1,2.1
38,summer,large,high,7.14,8.2,22.286,10.416,43.75,2.5,3,9.882,1.7,0,0,0
39,summer,small,high,8.16,10.7,54.143,2.64,245,209.85699,116.2,3.5,5,3.7,0,15.1
40,summer,small,high,7.7,10.5,7,1.519,228.75,50.889,183.66701,0.8,2.7,0,0,0
41,winter,small,low,6.8,11.2,46.167,6.096,88.182,16.833,205.875,1,12.7,2.2,0,0
42,spring,medium,high,7.91,7.1,54.19,0.825,76,19.111,175.04601,13.2,3.9,0,0,0
43,spring,small,high,7.2,4.3,40.02,4.86,60.11,46.667,56.091,12.1,40.9,0,0,2.4
44,spring,medium,medium,8.3,8.8,11.867,1.655,130,51.125,326.85699,65.7,3.1,0,0,1
45,winter,small,high,8.06,8.8,41.163,4.535,NA,6.5,57.833,3.9,28.2,3.2,5.5,0
46,winter,medium,low,8.3,12.5,10.5,0.536,128.571,412.33301,3,41,12.7,3.7,0,3.9
47,spring,small,medium,8,7.1,8,0.376,12.5,205.636,104,2,12.7,4.8,0,6
48,winter,medium,medium,8.1,12.6,9,3.976,737.5,5,232.83299,1,0,0,4.7,2.7
49,spring,medium,low,7.6,8.6,26,2.822,40,102.364,46.438,1,0,0,0,1.1
50,summer,medium,high,6.5,11.21,17.75,0.886,89.6,22.444,558.75,15,7.4,0,15.8,0
51,summer,large,high,7.79,9.6,22.35,5.442,153.75,12.75,253.25,7.9,41,0,0,1.7
52,autumn,small,high,8.66,10.7,69.75,3.351,33.636,61.25,239,50,8.7,2.2,0,0
53,summer,small,medium,8.2,11,129.375,6.188,49.5,4,279.06601,0.5,0,0,2.7,1.9
54,autumn,large,medium,9.1,9,94.405,NA,18.333,4,11.818,5.233,0,0,0,0
55,winter,medium,high,8,7.9,NA,4.459,10.5,3.8,6.5,NA,0,0,8.5,0
56,winter,small,medium,5.6,11.1,8,1.288,5,111.25,16,3,0,1.2,0,0
57,summer,small,medium,7.3,7.7,NA,1.32,227.60001,264.89999,4,NA,2.1,2,0,1.9
58,summer,small,low,8,9,65.75,0.642,46.5,13,6,NA,1.7,0,0,0
59,spring,medium,medium,8.5,11.4,43.97,2.323,345.45499,12.889,1,0.6,1.9,1.2,1.4,0
60,summer,small,medium,7.3,9.8,NA,2.231,120,1,277.33301,3,16.4,0,0,0
61,winter,small,medium,8.7,10.5,NA,5.099,22.5,26,236,13,0,0,17,12.5
62,summer,medium,high,7.5,NA,12.146,1.588,24064,428.75,27.5,NA,12,0,12.7,0
63,summer,large,medium,7.45,9,187.183,4.665,NA,3.333,82.444,2.1,0,1,16.7,0
64,autumn,large,high,7.5,11.7,13,3.31,12.5,57.6,6.75,2.86,4.3,0,2.4,1.4
65,summer,medium,low,8.53,10.1,66.3,1.474,102.75,104.5,7.2,2.9,21.5,44.6,49.4,0
66,winter,small,medium,7.44,11.7,48.667,4.82,15,8.6,75.904,5.111,2.1,0,11.1,1.2
67,spring,small,medium,8.22,9.2,3.275,3.726,28,166.72701,10.75,0.8,19.6,1.2,0,25.6
68,autumn,small,medium,7,12.1,37.6,5.132,96.667,175.66701,2.5,4.3,0,0,0,0
69,winter,medium,medium,8.5,10,82.852,3.85,1729,220.75,201.778,2,0,7.6,6.8,1.4
70,summer,small,medium,6.6,7.6,39.109,3.829,155,75,147.83299,10.5,4.9,0,0,1.9
71,winter,small,medium,8.4,6.5,130.67,0.91,16.2,151.125,77.434,34.75,2.1,4.1,0,3.3
72,spring,small,low,7.62,10.5,82.111,2.67,161.81799,4,152.33299,NA,19.6,0,10.6,0
73,spring,medium,medium,7.7,9.5,79.077,1.718,5.8,16,72.696,11.1,4,0,0,6.8
74,winter,large,low,7.8,11.8,53,3.617,28.333,35.333,88.5,1.3,5.8,0,0,1.2
75,winter,small,medium,NA,8.7,69,4.87,43.75,9,98.25,3.3,0,2.4,4.6,3.2
76,autumn,medium,high,8.7,9.4,74.667,8.688,20,238.2,40.667,18.37,0,0,0,0
77,autumn,medium,low,8.4,4.4,12.182,0.996,3466.65991,18.25,56.667,10,31.9,1.4,0,7
78,winter,large,high,7.57,11.8,125.6,0.735,65.556,36,87.125,2.5,2.6,2.1,1.2,6.1
79,spring,medium,low,8.07,3.2,12,2.304,32.5,282.16699,11.8,0.6,11.2,11.3,9.9,0
80,winter,medium,medium,7.72,9.8,11,2.316,13.5,26.6,252.5,2.8,7,6.8,6.9,0
81,summer,medium,medium,8.3,11.17,51.113,4.908,1168,1,20.812,2.338,0,1.4,0,1.4
82,spring,medium,medium,8.3,9.9,28.333,3.318,215.556,191.75,10.111,14.775,16.2,0,8.2,14.4
83,winter,large,high,7.4,10.53,55.35,1.587,82.1,221.89999,111.75,72.478,0,2.5,6.4,10.2
84,summer,medium,low,5.7,10.7,47,7.195,10,16.8,127.222,18.3,0,1.8,0,1
85,spring,small,medium,7.5,8.4,5.326,4.408,27.286,10.667,197.14301,6.167,26.5,0,0,0
86,winter,medium,high,8.87,4.9,9.055,5.97,1081.66003,137.60001,35.2,3.8,28,0,17.7,22.1
87,summer,large,medium,7.4,11.7,36.248,4.94,96.667,67.5,50.455,3.2,0,1.2,13.2,16.7
88,summer,large,medium,7.83,11.5,21.95,6.2,101,1.625,292.625,19.4,2,1.9,0,4.2
89,autumn,large,low,7.8,9.7,58.331,1.448,10,37.375,61.5,6.9,0,0,6.2,1
90,winter,medium,medium,8.1,6.5,39,0.826,505,19.727,84.46,3,0,4.3,0,31.2
91,summer,large,medium,7.6,7,32.056,3.685,101.25,267.75,303.33301,0.5,5.5,0,0,0
92,summer,small,high,7.6,7.4,26.76,5.099,176.66701,1,186,13.1,2.9,0,29.5,2.4
93,autumn,small,high,8,10.77,NA,3.765,37.778,36.909,233.5,21,21.7,0,5.9,0
94,winter,large,medium,8.1,11.1,8.69,2.443,172.5,143.71001,255.28,NA,3.1,1.6,4.5,1.5
95,spring,small,medium,8.4,12.1,194.75,3.773,84.667,2,188.66701,2.5,0,5,20.4,1.6
96,winter,medium,high,8.2,8.2,41.25,1.572,8777.59961,23,200.231,20.829,1.4,1,0,0
97,winter,medium,medium,8.3,10.8,57.75,0.308,98.333,104.222,132.54601,18.33,21.7,0,0,1.4
98,winter,small,medium,8.9,10.6,50,3.14,83.75,75.875,141.83299,13.1,0,0,0,1
99,spring,medium,medium,7.9,10.7,27.233,1.374,62.5,61.556,304,2,4.1,1,0,0
100,spring,medium,medium,9.1,10.8,85.982,5.456,192.5,48,211.66701,0.4,3.4,0,0,0
101,winter,small,medium,8.5,7.1,27.4,1.535,34.333,23,254.60001,30,0,0,0,1.4
102,autumn,medium,high,9.1,7.6,38.125,3.07,225,44,72.9,0.8,38.8,4.6,0,4.3
103,winter,medium,medium,7.5,7.3,23.25,3.33,132.25,84.3,269.66699,0.8,12.4,6.6,0,0
104,autumn,small,high,7.7,8.8,47.778,1.287,1386.25,16,84,5.62,15.2,2.6,7.1,0
105,spring,small,high,7.5,8.3,77.364,1.328,10,59.429,19,6.8,0,1.4,0,1
106,winter,large,low,8.7,4.9,48.429,9.773,429.20001,9,351.60001,0.8,16,2.7,5.4,2.4
107,spring,small,high,8.1,6.3,59.067,1.47,10,55,142,8.1,2.1,3.5,0,2.7
108,spring,medium,high,7.6,8.9,63.292,1.726,931.83301,85.5,140.22,28.567,0,3.5,2.6,0
109,winter,medium,high,7.6,11.1,65.333,6.045,723.66699,27,121,31,1,3.4,0,0
110,autumn,small,high,8.21,13.4,101.875,3.316,96.833,1,75.207,0.5,4.1,0,0,2.3
111,spring,medium,high,7.8,9.9,0.8,1.534,153,64,17.333,2.7,8.9,0,7.5,0
112,spring,medium,high,8.58,9.2,44.205,3.444,647.57001,41.5,173.75,NA,72.6,1,0,0
113,winter,medium,high,8.7,10.4,40.226,0.663,8,38.75,16.662,26.8,0,0,0,2.2
114,winter,small,low,8.8,8.1,10.207,0.267,10,346.16699,46.6,1.1,36.6,0,22.9,0
115,autumn,medium,low,8,4.5,57.848,5.33,217.75,1,22.9,2,6.7,0,4.5,0
116,spring,small,medium,7.6,7.7,3,1.67,102.5,12.75,34,NA,0,2.1,77.6,0
117,autumn,medium,medium,8.6,11.3,3.86,3.78,105.556,196.62,275.14301,4.9,0,0,0,2
118,autumn,small,medium,8.3,11.6,61.05,3.923,12.727,3.545,13.2,0.5,0,0,0,0
119,autumn,medium,medium,7.6,5.3,10.078,8.984,131.66701,102.333,125.8,24.917,0,0,42.1,1.5
120,spring,small,low,8.2,6.6,131.39999,6.225,18,45.9,320.39999,1.1,0,0,0,1.4
121,autumn,large,medium,6.6,10.2,NA,3.833,175,71,137.778,110.456,18.4,0,2.2,1.2
122,winter,small,high,8.3,11.7,4.083,1.203,371.11099,61.182,14,17.2,1,4,1.6,5.2
123,spring,small,medium,9.5,8.5,NA,6.64,208.33299,181,85,6.429,1.9,0,13.1,0
124,autumn,medium,high,8.6,5.5,7.838,3.2,170.909,4.25,85.4,46.075,0,0,0,0
125,spring,small,high,8.25,9.7,10.936,2.102,205.66701,24.667,98.143,5.2,40.7,1.7,32.1,1
126,winter,medium,high,8,10.7,81.333,4.17,224.286,28.625,235.66701,0.2,5.4,0,0,0
127,winter,medium,low,7.61,11.8,31.091,0.701,246.364,467.5,232.89999,50.225,0,0,1.5,3.3
128,spring,medium,medium,8.5,6.9,391.5,3.734,110,32,6,0.3,0,0,1,31.6
129,summer,small,high,9.7,11.7,43.09,2.942,42,187,11,1.1,38.5,4,0,0
130,winter,medium,high,7.4,10.8,29.5,1.335,25.833,34.636,102.571,17.2,14.5,1.9,0,0
131,winter,medium,high,8.3,10.8,26,1.875,31.333,48.625,23.485,88.255,0,6.2,2.6,0
132,summer,large,high,8.7,6.2,11.088,0.23,92.375,10.583,391.75,2.15,0,1.7,22.3,2.2
133,spring,large,high,7.8,9.8,7.333,1.32,37.5,100,221.278,8.957,7.3,0,9.6,2.4
134,summer,medium,medium,7.9,11.8,23.825,3.414,54.75,51.75,317,93.683,28,0,0,2.1
135,spring,small,medium,7.8,11.9,30.523,0.81,196,159.5,276,81.54,20.6,0,0,0
136,spring,large,high,8.43,9.2,NA,5.13,255,58.875,58.623,7.3,0,13.4,0,0
137,autumn,medium,low,8,5.8,35.66,2.8,10,34.5,26,16,11.3,0,0,0
138,winter,medium,low,7.925,6.8,11,5.694,27.5,62.625,115,11.6,0,8.3,0,5.5
139,summer,medium,low,7.93,10.1,31,1.921,308.75,7.3,69.93,2,0,0,1.5,0
140,winter,medium,low,8.43,8.2,10.556,0.846,165,30.75,102.333,4.5,10.5,0,1.9,1.2
141,summer,small,high,8.27,6.2,10.975,4.698,123.333,16,214,6.4,32.8,0,64.6,2.2
142,winter,medium,medium,7.4,9.5,4.326,6.513,2167.37012,3,NA,7.3,0,1.9,4.7,2.7
143,spring,small,high,7.19,7.1,5.83,0.23,643,2,49.333,21.22,9.6,4.3,1.4,0
144,winter,small,high,8,3.6,NA,0.05,920,27.25,586,3.6,1.4,0,1.8,0
145,summer,medium,medium,8.47,10.2,70,4.03,196.66701,276.85001,61.6,54.367,0,0,0,0
146,summer,large,high,7.29,10.5,64.093,7.74,34,64.389,170,1.2,1.9,0,18.2,18.6
147,summer,medium,medium,8,10.2,11.818,5.164,197.909,2,13.6,30.4,22,0,12.4,0
148,spring,small,high,8.1,5.4,38.902,0.941,206.53799,2.5,296,32,0,0,1.5,0
149,autumn,large,medium,7.7,9,1.45,0.77,49,31.333,14,6.8,1.2,2.2,1.2,0
150,spring,large,high,7.8,10.5,32.92,0.921,91.833,22.2,218,20.87,14.6,0,9.9,30.1
151,winter,medium,medium,8.5,11,35.75,2.273,236,144,18.293,22.7,8,0,32.9,7.2
152,winter,medium,medium,8,12.5,88,2.31,38.111,104.727,39,NA,0,0,0,0
153,autumn,small,high,8.15,9.8,7,3.73,35,18.667,111.375,3.1,0,2.2,0,0
154,autumn,medium,low,7.9,6,6.3,0.445,25,109,228.364,5.8,13.2,0,42.7,0
155,winter,large,medium,8.6,5.9,100.83,1.172,11.111,9.667,75.333,25,0,0,2,5.8
156,spring,large,high,8.4,6,45.273,3.235,1911,66.4,54.916,12.32,4.1,0,0,0
157,spring,medium,high,8.3,10.9,34.037,2.163,122.5,26.625,47,3,3.4,1.2,16.6,0
158,spring,small,low,8.5,10.5,13.5,0.13,118.571,54.1,76.333,1.5,0,2.6,0,0
159,summer,large,medium,8,8.1,3.136,0.658,51.111,20.667,6.667,1.3,0,2,7.9,0
160,summer,medium,high,8.3,6,NA,1.212,18.429,47.5,56.667,6.5,0,0,0,0
161,winter,large,low,7.4,10.29,29.775,1.873,160,16,432.909,20.6,0,3.5,8.3,0
162,spring,large,medium,8.2,10.68,87,NA,32.727,102,624.73297,2.1,0,11.5,0,0
163,summer,medium,low,7.7,8.5,42.636,1.72,4073.33008,3.222,101.455,5.555,13.7,2.2,15.7,1.7
164,summer,medium,medium,8.1,12.9,49.9,1.013,421.66699,1.8,186.5,31.738,20.1,0,0,7.8
165,winter,small,medium,7.3,3.2,16,0.672,101.667,14.667,123.333,0.9,1.7,1.3,0,3.9
166,autumn,medium,low,8.2,6.35,60.8,0.73,66.667,173,11,4.5,0,0,0,10.8
167,spring,small,low,8,11.1,53.425,4.508,137.27299,51.111,15,3.6,4.6,1,0,2.9
168,autumn,large,low,6.4,11.1,63.625,0.735,120,27.5,43.5,40,0,0,17.1,0
169,spring,medium,high,8.2,11.4,15,2.302,51.429,12,40,8.155,11.6,28.8,33.2,1.7
170,winter,medium,medium,8.06,11.8,73.25,3.9,627.27301,36.3,6,6.209,5.9,0,0,1.4
171,winter,medium,high,8.24,6.1,95.367,1.42,17.778,27.667,272.22198,5.2,0,3,17.2,0
172,spring,small,high,8.4,6.2,9,5.078,370,37.857,177.625,23.8,6,5.3,5.9,1.4
173,autumn,small,low,7.9,4.5,104.818,5.414,124.364,7.4,140.517,1.4,8,0,42.4,6.1
174,spring,large,medium,8,10.8,71.444,3.14,60,6,60,17.491,4.6,0,0,1.9
175,summer,small,medium,8.4,10.6,94,5.41,137,37,18,53.1,7.6,5,3.3,1.6
176,autumn,medium,medium,8.6,11.3,43,1.51,5738.33008,12,116.2,20.8,15.7,0,0,1.9
177,autumn,small,low,7.9,10.3,4.575,3.678,146.66701,39,71,5.45,1.5,0,0,0
178,spring,large,high,8.1,13.1,2.933,7.83,6400,132.5,86.997,22.9,9.7,3.7,0,0
179,winter,small,medium,7.9,9.5,34.5,1.051,32,38.625,219.909,15.3,14.7,0,0,1.9
180,winter,small,high,9,9.4,4.545,0.406,72.6,7.75,194.10001,27.5,3.9,4.4,0,0
181,autumn,medium,high,8.56,7.8,7.613,4.188,103.333,70,6.2,4.3,3.8,0,1.2,1
182,summer,small,high,7.9,10.1,7.25,1.003,235,77.333,7.654,14.7,5,0,0,1.6
183,autumn,medium,low,8.5,8.4,49.625,2.954,53.846,60,23,11.7,1.2,3.4,0,1.4
184,spring,small,medium,8.5,11.6,22.32,4.555,40,45,244,24.556,2.9,4.6,6.7,0
185,autumn,medium,medium,8.1,9.8,2.2,0.699,54.778,54,187.05701,92.667,1.7,0,0,0
186,winter,large,high,8.3,10.8,208.364,9.248,109,20,265.25,3,0,1,0,0
187,winter,large,high,8.1,9.9,50,2.978,1131.66003,21.083,21.3,5.5,0,0,0,0
188,winter,small,high,6.6,6,32.4,2.805,461.875,20,313.60001,75,0,2.2,15.8,0
189,winter,medium,medium,8.55,10.8,136,2.55,81,51.111,607.16699,3,5.6,1.7,52.5,0
190,winter,large,high,6.6,1.5,7,0.923,10,78.333,45,22.5,7.5,0,17.8,0
191,summer,small,high,8.5,9.8,15.541,4.071,103,NA,81.558,NA,0,0,10.1,5.9
192,winter,medium,medium,8.1,7.9,32.3,0.86,125.333,182.42,169.00101,0.6,1,0,0,2.1
193,summer,large,medium,8.3,11.3,20.625,6.54,52.2,97.333,50,9.384,0,0,0,1.7
194,autumn,small,medium,7.77,10.7,6.167,9.08,239,236.39999,91.111,1.3,0,0,5.5,3.2
195,summer,large,medium,8.1,11.3,12.444,2.586,380,125.667,215.5,2,13.2,0,6.8,0
196,summer,medium,medium,8.4,10.4,17.375,4.93,215.714,27,79.75,5.544,12,11,0,2.9
197,spring,large,high,7.4,10.6,19.22,1.208,914,53,105.727,4.667,7,0,10.3,1
198,summer,medium,medium,8.1,9.4,139.989,2.68,3515,3,344.60001,20.578,10.4,0,7,0
199,autumn,large,medium,8.4,1.8,2.75,1.732,2082.8501,39,20.75,4.3,12.5,0,0,0
200,autumn,medium,high,8.7,11,5,0.33,27.069,261.60001,6,27.618,4.7,0,0,2.4
3)
winter     small     medium     7.35000     10.00000     82.85700     6.23800     578.00000     1.25000     122.00000     2.30000     54.40000     0.00000     0.00000     0.00000     34.20000     8.30000     0.00000
spring     medium     high     8.70000     12.00000     29.20000     0.10200     98.18200     33.80000     284.00000     68.05000     0.00000     21.10000     2.00000     0.00000     4.00000     0.00000     3.90000
summer     large     medium     7.09000     11.62000     40.16700     2.22000     346.66699     246.00000     XXXXXXX     3.30000     3.30000     53.60000     0.00000     0.00000     13.30000     0.00000     9.70000
spring     small     low     7.74000     4.80000     1.54900     0.46100     142.00000     32.50000     138.70000     0.80000     2.40000     5.20000     0.00000     0.00000     0.00000     1.40000     2.90000
autumn     small     high     7.75000     9.70000     5.27300     3.56100     233.70000     58.22200     97.58000     3.20000     4.10000     21.50000     1.70000     0.00000     0.00000     0.00000     0.00000
summer     medium     high     9.10000     10.00000     127.83300     3.77800     58.50000     1.33300     249.25000     28.40000     52.40000     0.00000     0.00000     1.20000     0.00000     12.60000     0.00000
spring     medium     medium     8.15000     10.30000     47.22900     3.97800     76.66700     105.00000     138.50000     3.20000     1.10000     0.00000     2.60000     3.90000     0.00000     0.00000     0.00000
winter     small     high     7.90000     8.00000     9.00000     4.99000     90.00000     53.62500     771.59998     0.30000     24.00000     1.60000     3.90000     0.00000     15.30000     0.00000     0.00000
winter     large     medium     8.10000     3.60000     151.83299     0.75800     122.85000     8.69200     7.00000     3.00000     5.30000     5.40000     1.00000     6.90000     9.20000     0.00000     0.00000
I love this class
spring     large     high     8.35000     10.20000     64.00000     1.87000     56.36400     12.75000     246.66701     11.84000     0.00000     0.00000     0.00000     0.00000     5.20000     4.10000     0.00000
autumn     small     medium     7.83000     11.50000     16.00000     9.71500     92.00000     XXXXXXX     14.35400     1.00000     2.20000     0.00000     0.00000     0.00000     0.00000     0.00000     0.00000
autumn     medium     high     8.20000     9.60000     53.33300     1.22300     21.57100     60.83300     213.00000     0.30000     43.50000     0.00000     0.00000     7.80000     1.20000     8.70000     0.00000
summer     large     high     7.20000     3.40000     5.88900     8.75900     10.00000     10.80000     17.00000     98.81700     0.00000     25.40000     3.40000     0.00000     1.20000     17.00000     2.70000
summer     medium     high     8.40000     10.90000     2.11100     3.02000     46.20000     13.00000     388.16699     5.08300     16.50000     21.60000     1.20000     5.00000     0.00000     0.00000     6.00000
autumn     large     medium     9.06000     8.10000     4.70000     2.60300     14.75000     72.00000     171.27200     1.10000     0.00000     0.00000     3.30000     7.70000     0.00000     0.00000     0.00000
spring     medium     high     7.78000     10.60000     53.10200     1.41500     15.00000     180.66701     120.88900     4.50000     2.90000     0.00000     1.00000     1.90000     3.90000     21.40000     0.00000
summer     small     medium     7.90000     XXXXXXX     32.54000     1.44300     103.33300     136.75000     361.00000     0.50000     81.90000     9.10000     0.00000     2.40000     3.40000     0.00000     3.20000
summer     small     high     7.80000     9.90000     10.40000     7.16000     486.50000     49.00000     52.87500     XXXXXXX     13.60000     0.00000     2.40000     0.00000     0.00000     0.00000     0.00000
winter     medium     medium     8.05000     9.80000     41.50000     1.52700     133.63600     564.59998     287.00000     3.70000     35.50000     0.00000     13.60000     4.60000     10.60000     1.60000     0.00000
winter     medium     medium     7.80000     10.70000     3.50000     4.82500     244.60001     87.33300     143.75000     16.00000     17.10000     0.00000     1.20000     1.10000     4.00000     11.50000     0.00000
spring     small     low     8.30000     10.50000     22.45500     4.05300     65.45500     15.60000     108.00000     21.90000     1.90000     0.00000     0.00000     2.30000     0.00000     0.00000     0.00000
spring     large     medium     9.00000     11.10000     173.75000     3.24500     39.00000     48.66700     44.13600     7.60000     4.00000     6.40000     10.60000     5.70000     27.60000     0.00000     0.00000
winter     small     high     8.30000     5.30000     57.75000     1.71500     430.00000     151.33299     58.37400     1.70000     12.70000     1.00000     3.50000     0.00000     0.00000     0.00000     6.60000
winter     small     high     7.84000     3.30000     63.51000     8.54300     271.25000     10.00000     11.50000     5.60900     13.00000     8.60000     0.00000     0.00000     16.20000     0.00000     3.40000
spring     medium     high     8.60000     8.90000     14.32000     45.65000     1990.16003     120.50000     285.71399     XXXXXXX     4.10000     4.60000     8.80000     0.00000     9.50000     0.00000     0.00000
spring     large     high     8.70000     5.70000     12.53600     0.86600     112.85700     44.66700     222.28600     2.00000     69.90000     4.30000     0.00000     4.90000     6.70000     3.90000     4.90000
autumn     small     high     7.40000     8.30000     77.00000     0.63000     20.00000     144.66701     66.75000     9.00000     25.40000     5.60000     1.70000     12.70000     2.50000     0.00000     4.10000
spring     medium     low     8.00000     6.30000     0.22200     3.90800     20.00000     234.50000     124.20000     0.80000     31.10000     0.00000     4.10000     2.40000     0.00000     0.00000     2.50000
winter     large     high     7.80000     11.70000     56.71700     2.81800     134.00000     25.16700     167.89999     2.80000     6.70000     0.00000     14.60000     1.70000     0.00000     3.60000     3.60000
autumn     medium     medium     7.80000     9.30000     8.30000     2.89900     124.00000     19.11100     154.12500     0.80000     3.80000     16.00000     1.20000     4.60000     7.50000     31.80000     0.00000
winter     medium     high     8.84000     10.30000     30.12500     1.65100     10.00000     7.66700     262.72699     2.00000     39.10000     17.10000     1.40000     0.00000     28.80000     0.00000     2.20000
winter     small     high     8.50000     9.80000     20.08300     3.02000     124.16700     159.16701     127.00000     0.30000     17.00000     0.00000     10.30000     1.00000     5.50000     5.10000     1.20000
summer     medium     medium     7.30000     9.40000     53.00000     0.90000     758.75000     24.00000     19.00000     1.40000     1.70000     15.90000     0.00000     6.80000     2.60000     0.00000     1.90000
spring     medium     high     7.90000     6.70000     39.00000     2.51200     32.50000     197.83299     89.62500     22.50000     55.50000     3.80000     3.30000     0.00000     7.70000     3.10000     7.10000
autumn     small     medium     7.80000     8.40000     44.00000     0.38100     60.00000     41.30000     61.44400     15.60000     18.30000     0.00000     0.00000     0.00000     0.00000     0.00000     0.00000
autumn     large     high     8.80000     9.60000     1.17000     0.67300     1495.00000     82.22200     146.45200     4.00000     0.00000     12.00000     23.20000     0.00000     0.00000     5.10000     2.10000
summer     large     high     7.14000     8.20000     22.28600     10.41600     43.75000     2.50000     3.00000     9.88200     10.80000     1.70000     0.00000     0.00000     0.00000     0.00000     0.00000
summer     small     high     8.16000     10.70000     54.14300     2.64000     245.00000     209.85699     116.20000     3.50000     2.00000     5.00000     0.00000     3.70000     0.00000     0.00000     15.10000
summer     small     high     7.70000     10.50000     7.00000     1.51900     228.75000     50.88900     183.66701     0.80000     0.00000     2.70000     7.50000     0.00000     44.40000     0.00000     0.00000
winter     small     low     6.80000     11.20000     46.16700     6.09600     88.18200     16.83300     205.87500     1.00000     0.00000     12.70000     5.00000     2.20000     0.00000     0.00000     0.00000
spring     medium     high     7.91000     7.10000     54.19000     0.82500     76.00000     19.11100     175.04601     13.20000     0.00000     3.90000     10.10000     0.00000     0.00000     0.00000     0.00000
spring     small     high     7.20000     4.30000     40.02000     4.86000     60.11000     46.66700     56.09100     12.10000     75.80000     40.90000     0.00000     0.00000     35.60000     0.00000     2.40000
spring     medium     medium     8.30000     8.80000     11.86700     1.65500     130.00000     51.12500     326.85699     65.70000     8.80000     3.10000     1.40000     0.00000     1.00000     0.00000     1.00000
winter     small     high     8.06000     8.80000     41.16300     4.53500     XXXXXXX     6.50000     57.83300     3.90000     0.00000     28.20000     6.80000     3.20000     0.00000     5.50000     0.00000
winter     medium     low     8.30000     12.50000     10.50000     0.53600     128.57100     412.33301     3.00000     41.00000     42.50000     12.70000     0.00000     3.70000     9.00000     0.00000     3.90000
spring     small     medium     8.00000     7.10000     8.00000     0.37600     12.50000     205.63600     104.00000     2.00000     1.90000     12.70000     0.00000     4.80000     0.00000     0.00000     6.00000
winter     medium     medium     8.10000     12.60000     9.00000     3.97600     737.50000     5.00000     232.83299     1.00000     7.20000     0.00000     0.00000     0.00000     0.00000     4.70000     2.70000
spring     medium     low     7.60000     8.60000     26.00000     2.82200     40.00000     102.36400     46.43800     1.00000     3.10000     0.00000     25.90000     0.00000     11.50000     0.00000     1.10000
summer     medium     high     6.50000     11.21000     17.75000     0.88600     89.60000     22.44400     558.75000     15.00000     19.40000     7.40000     24.80000     0.00000     8.00000     15.80000     0.00000
summer     large     high     7.79000     9.60000     22.35000     5.44200     153.75000     12.75000     253.25000     7.90000     0.00000     41.00000     18.90000     0.00000     7.50000     0.00000     1.70000
autumn     small     high     8.66000     10.70000     69.75000     3.35100     33.63600     61.25000     239.00000     50.00000     0.00000     8.70000     0.00000     2.20000     0.00000     0.00000     0.00000
summer     small     medium     8.20000     11.00000     129.37500     6.18800     49.50000     4.00000     279.06601     0.50000     15.10000     0.00000     42.80000     0.00000     0.00000     2.70000     1.90000
autumn     large     medium     9.10000     9.00000     94.40500     XXXXXXX     18.33300     4.00000     11.81800     5.23300     7.80000     0.00000     0.00000     0.00000     2.70000     0.00000     0.00000
winter     medium     high     8.00000     7.90000     XXXXXXX     4.45900     10.50000     3.80000     6.50000     XXXXXXX     1.20000     0.00000     19.50000     0.00000     0.00000     8.50000     0.00000
winter     small     medium     5.60000     11.10000     8.00000     1.28800     5.00000     111.25000     16.00000     3.00000     23.20000     0.00000     0.00000     1.20000     0.00000     0.00000     0.00000
summer     small     medium     7.30000     7.70000     XXXXXXX     1.32000     227.60001     264.89999     4.00000     XXXXXXX     56.80000     2.10000     1.00000     2.00000     0.00000     0.00000     1.90000
summer     small     low     8.00000     9.00000     65.75000     0.64200     46.50000     13.00000     6.00000     XXXXXXX     0.00000     1.70000     7.00000     0.00000     7.30000     0.00000     0.00000
spring     medium     medium     8.50000     11.40000     43.97000     2.32300     345.45499     12.88900     1.00000     0.60000     58.70000     1.90000     1.40000     1.20000     19.00000     1.40000     0.00000
summer     small     medium     7.30000     9.80000     XXXXXXX     2.23100     120.00000     1.00000     277.33301     3.00000     18.90000     16.40000     0.00000     0.00000     0.00000     0.00000     0.00000
winter     small     medium     8.70000     10.50000     XXXXXXX     5.09900     22.50000     26.00000     236.00000     13.00000     4.10000     0.00000     0.00000     0.00000     9.20000     17.00000     12.50000
summer     medium     high     7.50000     XXXXXXX     12.14600     1.58800     24064.00000     428.75000     27.50000     XXXXXXX     12.50000     12.00000     4.90000     0.00000     0.00000     12.70000     0.00000
summer     large     medium     7.45000     9.00000     187.18300     4.66500     XXXXXXX     3.33300     82.44400     2.10000     0.00000     0.00000     0.00000     1.00000     4.80000     16.70000     0.00000
autumn     large     high     7.50000     11.70000     13.00000     3.31000     12.50000     57.60000     6.75000     2.86000     66.00000     4.30000     8.00000     0.00000     5.50000     2.40000     1.40000
summer     medium     low     8.53000     10.10000     66.30000     1.47400     102.75000     104.50000     7.20000     2.90000     15.80000     21.50000     1.60000     44.60000     18.70000     49.40000     0.00000
winter     small     medium     7.44000     11.70000     48.66700     4.82000     15.00000     8.60000     75.90400     5.11100     64.90000     2.10000     1.70000     0.00000     6.50000     11.10000     1.20000
spring     small     medium     8.22000     9.20000     3.27500     3.72600     28.00000     166.72701     10.75000     0.80000     14.60000     19.60000     0.00000     1.20000     22.50000     0.00000     25.60000
autumn     small     medium     7.00000     12.10000     37.60000     5.13200     96.66700     175.66701     2.50000     4.30000     64.20000     0.00000     0.00000     0.00000     3.10000     0.00000     0.00000
winter     medium     medium     8.50000     10.00000     82.85200     3.85000     1729.00000     220.75000     201.77800     2.00000     0.00000     0.00000     0.00000     7.60000     0.00000     6.80000     1.40000
summer     small     medium     6.60000     7.60000     39.10900     3.82900     155.00000     75.00000     147.83299     10.50000     1.70000     4.90000     10.80000     0.00000     3.20000     0.00000     1.90000
winter     small     medium     8.40000     6.50000     130.67000     0.91000     16.20000     151.12500     77.43400     34.75000     24.30000     2.10000     7.80000     4.10000     9.00000     0.00000     3.30000
spring     small     low     7.62000     10.50000     82.11100     2.67000     161.81799     4.00000     152.33299     XXXXXXX     3.60000     19.60000     0.00000     0.00000     0.00000     10.60000     0.00000
spring     medium     medium     7.70000     9.50000     79.07700     1.71800     5.80000     16.00000     72.69600     11.10000     1.90000     4.00000     2.50000     0.00000     2.70000     0.00000     6.80000
winter     large     low     7.80000     11.80000     53.00000     3.61700     28.33300     35.33300     88.50000     1.30000     15.50000     5.80000     4.70000     0.00000     4.10000     0.00000     1.20000
winter     small     medium     XXXXXXX     8.70000     69.00000     4.87000     43.75000     9.00000     98.25000     3.30000     11.30000     0.00000     17.60000     2.40000     11.50000     4.60000     3.20000
autumn     medium     high     8.70000     9.40000     74.66700     8.68800     20.00000     238.20000     40.66700     18.37000     2.20000     0.00000     0.00000     0.00000     1.90000     0.00000     0.00000
autumn     medium     low     8.40000     4.40000     12.18200     0.99600     3466.65991     18.25000     56.66700     10.00000     50.60000     31.90000     1.50000     1.40000     2.40000     0.00000     7.00000
winter     large     high     7.57000     11.80000     125.60000     0.73500     65.55600     36.00000     87.12500     2.50000     3.30000     2.60000     0.00000     2.10000     0.00000     1.20000     6.10000
spring     medium     low     8.07000     3.20000     12.00000     2.30400     32.50000     282.16699     11.80000     0.60000     14.70000     11.20000     6.10000     11.30000     0.00000     9.90000     0.00000
winter     medium     medium     7.72000     9.80000     11.00000     2.31600     13.50000     26.60000     252.50000     2.80000     5.70000     7.00000     0.00000     6.80000     4.90000     6.90000     0.00000
summer     medium     medium     8.30000     11.17000     51.11300     4.90800     1168.00000     1.00000     20.81200     2.33800     31.80000     0.00000     7.50000     1.40000     0.00000     0.00000     1.40000
spring     medium     medium     8.30000     9.90000     28.33300     3.31800     215.55600     191.75000     10.11100     14.77500     1.20000     16.20000     0.00000     0.00000     0.00000     8.20000     14.40000
winter     large     high     7.40000     10.53000     55.35000     1.58700     82.10000     221.89999     111.75000     72.47800     1.50000     0.00000     1.10000     2.50000     0.00000     6.40000     10.20000
summer     medium     low     5.70000     10.70000     47.00000     7.19500     10.00000     16.80000     127.22200     18.30000     16.60000     0.00000     0.00000     1.80000     1.10000     0.00000     1.00000
spring     small     medium     7.50000     8.40000     5.32600     4.40800     27.28600     10.66700     197.14301     6.16700     43.70000     26.50000     0.00000     0.00000     1.90000     0.00000     0.00000
winter     medium     high     8.87000     4.90000     9.05500     5.97000     1081.66003     137.60001     35.20000     3.80000     0.00000     28.00000     6.60000     0.00000     0.00000     17.70000     22.10000
summer     large     medium     7.40000     11.70000     36.24800     4.94000     96.66700     67.50000     50.45500     3.20000     2.80000     0.00000     0.00000     1.20000     19.70000     13.20000     16.70000
summer     large     medium     7.83000     11.50000     21.95000     6.20000     101.00000     1.62500     292.62500     19.40000     89.80000     2.00000     9.00000     1.90000     2.10000     0.00000     4.20000
autumn     large     low     7.80000     9.70000     58.33100     1.44800     10.00000     37.37500     61.50000     6.90000     12.60000     0.00000     0.00000     0.00000     3.50000     6.20000     1.00000
winter     medium     medium     8.10000     6.50000     39.00000     0.82600     505.00000     19.72700     84.46000     3.00000     4.40000     0.00000     2.10000     4.30000     0.00000     0.00000     31.20000
summer     large     medium     7.60000     7.00000     32.05600     3.68500     101.25000     267.75000     303.33301     0.50000     82.70000     5.50000     1.70000     0.00000     9.40000     0.00000     0.00000
summer     small     high     7.60000     7.40000     26.76000     5.09900     176.66701     1.00000     186.00000     13.10000     0.00000     2.90000     4.80000     0.00000     20.80000     29.50000     2.40000
autumn     small     high     8.00000     10.77000     XXXXXXX     3.76500     37.77800     36.90900     233.50000     21.00000     29.50000     21.70000     2.00000     0.00000     7.40000     5.90000     0.00000
winter     large     medium     8.10000     11.10000     8.69000     2.44300     172.50000     143.71001     255.28000     XXXXXXX     0.00000     3.10000     0.00000     1.60000     20.00000     4.50000     1.50000
spring     small     medium     8.40000     12.10000     194.75000     3.77300     84.66700     2.00000     188.66701     2.50000     0.00000     0.00000     5.50000     5.00000     10.20000     20.40000     1.60000
winter     medium     high     8.20000     8.20000     41.25000     1.57200     8777.59961     23.00000     200.23100     20.82900     0.00000     1.40000     1.40000     1.00000     0.00000     0.00000     0.00000
winter     medium     medium     8.30000     10.80000     57.75000     0.30800     98.33300     104.22200     132.54601     18.33000     6.50000     21.70000     1.20000     0.00000     7.70000     0.00000     1.40000
winter     small     medium     8.90000     10.60000     50.00000     3.14000     83.75000     75.87500     141.83299     13.10000     1.20000     0.00000     0.00000     0.00000     1.00000     0.00000     1.00000
spring     medium     medium     7.90000     10.70000     27.23300     1.37400     62.50000     61.55600     304.00000     2.00000     14.40000     4.10000     7.30000     1.00000     0.00000     0.00000     0.00000
spring     medium     medium     9.10000     10.80000     85.98200     5.45600     192.50000     48.00000     211.66701     0.40000     0.00000     3.40000     7.80000     0.00000     17.80000     0.00000     0.00000
winter     small     medium     8.50000     7.10000     27.40000     1.53500     34.33300     23.00000     254.60001     30.00000     28.10000     0.00000     11.80000     0.00000     1.20000     0.00000     1.40000
autumn     medium     high     9.10000     7.60000     38.12500     3.07000     225.00000     44.00000     72.90000     0.80000     18.10000     38.80000     21.70000     4.60000     0.00000     0.00000     4.30000
winter     medium     medium     7.50000     7.30000     23.25000     3.33000     132.25000     84.30000     269.66699     0.80000     39.70000     12.40000     1.80000     6.60000     1.00000     0.00000     0.00000
autumn     small     high     7.70000     8.80000     47.77800     1.28700     1386.25000     16.00000     84.00000     5.62000     8.70000     15.20000     0.00000     2.60000     6.10000     7.10000     0.00000
spring     small     high     7.50000     8.30000     77.36400     1.32800     10.00000     59.42900     19.00000     6.80000     0.00000     0.00000     2.60000     1.40000     12.40000     0.00000     1.00000
winter     large     low     8.70000     4.90000     48.42900     9.77300     429.20001     9.00000     351.60001     0.80000     12.30000     16.00000     0.00000     2.70000     1.40000     5.40000     2.40000
spring     small     high     8.10000     6.30000     59.06700     1.47000     10.00000     55.00000     142.00000     8.10000     2.20000     2.10000     5.00000     3.50000     20.80000     0.00000     2.70000
spring     medium     high     7.60000     8.90000     63.29200     1.72600     931.83301     85.50000     140.22000     28.56700     23.70000     0.00000     19.60000     3.50000     8.60000     2.60000     0.00000
winter     medium     high     7.60000     11.10000     65.33300     6.04500     723.66699     27.00000     121.00000     31.00000     4.40000     1.00000     0.00000     3.40000     1.20000     0.00000     0.00000
autumn     small     high     8.21000     13.40000     101.87500     3.31600     96.83300     1.00000     75.20700     0.50000     30.30000     4.10000     0.00000     0.00000     0.00000     0.00000     2.30000
spring     medium     high     7.80000     9.90000     0.80000     1.53400     153.00000     64.00000     17.33300     2.70000     25.50000     8.90000     10.20000     0.00000     1.20000     7.50000     0.00000
spring     medium     high     8.58000     9.20000     44.20500     3.44400     647.57001     41.50000     173.75000     XXXXXXX     46.90000     72.60000     0.00000     1.00000     0.00000     0.00000     0.00000
winter     medium     high     8.70000     10.40000     40.22600     0.66300     8.00000     38.75000     16.66200     26.80000     10.30000     0.00000     4.10000     0.00000     2.90000     0.00000     2.20000
winter     small     low     8.80000     8.10000     10.20700     0.26700     10.00000     346.16699     46.60000     1.10000     46.80000     36.60000     22.00000     0.00000     0.00000     22.90000     0.00000
autumn     medium     low     8.00000     4.50000     57.84800     5.33000     217.75000     1.00000     22.90000     2.00000     14.40000     6.70000     0.00000     0.00000     5.70000     4.50000     0.00000
spring     small     medium     7.60000     7.70000     3.00000     1.67000     102.50000     12.75000     34.00000     XXXXXXX     2.50000     0.00000     0.00000     2.10000     0.00000     77.60000     0.00000
autumn     medium     medium     8.60000     11.30000     3.86000     3.78000     105.55600     196.62000     275.14301     4.90000     0.00000     0.00000     1.20000     0.00000     0.00000     0.00000     2.00000
autumn     small     medium     8.30000     11.60000     61.05000     3.92300     12.72700     3.54500     13.20000     0.50000     86.60000     0.00000     1.20000     0.00000     1.20000     0.00000     0.00000
autumn     medium     medium     7.60000     5.30000     10.07800     8.98400     131.66701     102.33300     125.80000     24.91700     51.80000     0.00000     0.00000     0.00000     0.00000     42.10000     1.50000
spring     small     low     8.20000     6.60000     131.39999     6.22500     18.00000     45.90000     320.39999     1.10000     1.60000     0.00000     1.90000     0.00000     0.00000     0.00000     1.40000
autumn     large     medium     6.60000     10.20000     XXXXXXX     3.83300     175.00000     71.00000     137.77800     110.45600     1.40000     18.40000     0.00000     0.00000     0.00000     2.20000     1.20000
winter     small     high     8.30000     11.70000     4.08300     1.20300     371.11099     61.18200     14.00000     17.20000     1.20000     1.00000     0.00000     4.00000     0.00000     1.60000     5.20000
spring     small     medium     9.50000     8.50000     XXXXXXX     6.64000     208.33299     181.00000     85.00000     6.42900     74.20000     1.90000     3.90000     0.00000     0.00000     13.10000     0.00000
autumn     medium     high     8.60000     5.50000     7.83800     3.20000     170.90900     4.25000     85.40000     46.07500     9.20000     0.00000     1.90000     0.00000     1.90000     0.00000     0.00000
spring     small     high     8.25000     9.70000     10.93600     2.10200     205.66701     24.66700     98.14300     5.20000     9.20000     40.70000     3.30000     1.70000     8.90000     32.10000     1.00000
winter     medium     high     8.00000     10.70000     81.33300     4.17000     224.28600     28.62500     235.66701     0.20000     24.80000     5.40000     3.10000     0.00000     34.30000     0.00000     0.00000
winter     medium     low     7.61000     11.80000     31.09100     0.70100     246.36400     467.50000     232.89999     50.22500     18.20000     0.00000     35.10000     0.00000     2.20000     1.50000     3.30000
spring     medium     medium     8.50000     6.90000     391.50000     3.73400     110.00000     32.00000     6.00000     0.30000     3.40000     0.00000     2.40000     0.00000     0.00000     1.00000     31.60000
summer     small     high     9.70000     11.70000     43.09000     2.94200     42.00000     187.00000     11.00000     1.10000     41.00000     38.50000     16.00000     4.00000     6.10000     0.00000     0.00000
winter     medium     high     7.40000     10.80000     29.50000     1.33500     25.83300     34.63600     102.57100     17.20000     4.20000     14.50000     1.00000     1.90000     2.40000     0.00000     0.00000
winter     medium     high     8.30000     10.80000     26.00000     1.87500     31.33300     48.62500     23.48500     88.25500     0.00000     0.00000     25.30000     6.20000     3.90000     2.60000     0.00000
summer     large     high     8.70000     6.20000     11.08800     0.23000     92.37500     10.58300     391.75000     2.15000     29.70000     0.00000     20.20000     1.70000     4.80000     22.30000     2.20000
spring     large     high     7.80000     9.80000     7.33300     1.32000     37.50000     100.00000     221.27800     8.95700     2.40000     7.30000     1.40000     0.00000     2.90000     9.60000     2.40000
summer     medium     medium     7.90000     11.80000     23.82500     3.41400     54.75000     51.75000     317.00000     93.68300     0.00000     28.00000     0.00000     0.00000     22.10000     0.00000     2.10000
spring     small     medium     7.80000     11.90000     30.52300     0.81000     196.00000     159.50000     276.00000     81.54000     54.00000     20.60000     2.10000     0.00000     14.90000     0.00000     0.00000
spring     large     high     8.43000     9.20000     XXXXXXX     5.13000     255.00000     58.87500     58.62300     7.30000     12.30000     0.00000     0.00000     13.40000     1.70000     0.00000     0.00000
autumn     medium     low     8.00000     5.80000     35.66000     2.80000     10.00000     34.50000     26.00000     16.00000     1.50000     11.30000     1.60000     0.00000     3.60000     0.00000     0.00000
winter     medium     low     7.92500     6.80000     11.00000     5.69400     27.50000     62.62500     115.00000     11.60000     32.80000     0.00000     2.50000     8.30000     1.40000     0.00000     5.50000
summer     medium     low     7.93000     10.10000     31.00000     1.92100     308.75000     7.30000     69.93000     2.00000     1.10000     0.00000     14.00000     0.00000     0.00000     1.50000     0.00000
winter     medium     low     8.43000     8.20000     10.55600     0.84600     165.00000     30.75000     102.33300     4.50000     1.40000     10.50000     3.00000     0.00000     5.00000     1.90000     1.20000
summer     small     high     8.27000     6.20000     10.97500     4.69800     123.33300     16.00000     214.00000     6.40000     12.20000     32.80000     0.00000     0.00000     1.20000     64.60000     2.20000
winter     medium     medium     7.40000     9.50000     4.32600     6.51300     2167.37012     3.00000     XXXXXXX     7.30000     1.20000     0.00000     2.00000     1.90000     0.00000     4.70000     2.70000
spring     small     high     7.19000     7.10000     5.83000     0.23000     643.00000     2.00000     49.33300     21.22000     16.80000     9.60000     4.00000     4.30000     0.00000     1.40000     0.00000
winter     small     high     8.00000     3.60000     XXXXXXX     0.05000     920.00000     27.25000     586.00000     3.60000     2.20000     1.40000     1.50000     0.00000     0.00000     1.80000     0.00000
summer     medium     medium     8.47000     10.20000     70.00000     4.03000     196.66701     276.85001     61.60000     54.36700     3.30000     0.00000     0.00000     0.00000     0.00000     0.00000     0.00000
summer     large     high     7.29000     10.50000     64.09300     7.74000     34.00000     64.38900     170.00000     1.20000     0.00000     1.90000     1.90000     0.00000     9.90000     18.20000     18.60000
summer     medium     medium     8.00000     10.20000     11.81800     5.16400     197.90900     2.00000     13.60000     30.40000     0.00000     22.00000     2.70000     0.00000     0.00000     12.40000     0.00000
spring     small     high     8.10000     5.40000     38.90200     0.94100     206.53799     2.50000     296.00000     32.00000     46.20000     0.00000     0.00000     0.00000     3.10000     1.50000     0.00000
autumn     large     medium     7.70000     9.00000     1.45000     0.77000     49.00000     31.33300     14.00000     6.80000     2.80000     1.20000     1.00000     2.20000     15.00000     1.20000     0.00000
spring     large     high     7.80000     10.50000     32.92000     0.92100     91.83300     22.20000     218.00000     20.87000     1.60000     14.60000     3.20000     0.00000     0.00000     9.90000     30.10000
winter     medium     medium     8.50000     11.00000     35.75000     2.27300     236.00000     144.00000     18.29300     22.70000     0.00000     8.00000     0.00000     0.00000     8.00000     32.90000     7.20000
winter     medium     medium     8.00000     12.50000     88.00000     2.31000     38.11100     104.72700     39.00000     XXXXXXX     0.00000     0.00000     0.00000     0.00000     5.80000     0.00000     0.00000
autumn     small     high     8.15000     9.80000     7.00000     3.73000     35.00000     18.66700     111.37500     3.10000     32.10000     0.00000     0.00000     2.20000     8.20000     0.00000     0.00000
autumn     medium     low     7.90000     6.00000     6.30000     0.44500     25.00000     109.00000     228.36400     5.80000     10.30000     13.20000     3.70000     0.00000     0.00000     42.70000     0.00000
winter     large     medium     8.60000     5.90000     100.83000     1.17200     11.11100     9.66700     75.33300     25.00000     19.00000     0.00000     0.00000     0.00000     11.30000     2.00000     5.80000
spring     large     high     8.40000     6.00000     45.27300     3.23500     1911.00000     66.40000     54.91600     12.32000     24.80000     4.10000     1.00000     0.00000     0.00000     0.00000     0.00000
spring     medium     high     8.30000     10.90000     34.03700     2.16300     122.50000     26.62500     47.00000     3.00000     18.10000     3.40000     0.00000     1.20000     8.70000     16.60000     0.00000
spring     small     low     8.50000     10.50000     13.50000     0.13000     118.57100     54.10000     76.33300     1.50000     46.60000     0.00000     2.90000     2.60000     2.50000     0.00000     0.00000
summer     large     medium     8.00000     8.10000     3.13600     0.65800     51.11100     20.66700     6.66700     1.30000     7.60000     0.00000     22.90000     2.00000     0.00000     7.90000     0.00000
summer     medium     high     8.30000     6.00000     XXXXXXX     1.21200     18.42900     47.50000     56.66700     6.50000     1.40000     0.00000     0.00000     0.00000     1.70000     0.00000     0.00000
winter     large     low     7.40000     10.29000     29.77500     1.87300     160.00000     16.00000     432.90900     20.60000     3.40000     0.00000     0.00000     3.50000     0.00000     8.30000     0.00000
spring     large     medium     8.20000     10.68000     87.00000     XXXXXXX     32.72700     102.00000     624.73297     2.10000     1.90000     0.00000     2.00000     11.50000     0.00000     0.00000     0.00000
summer     medium     low     7.70000     8.50000     42.63600     1.72000     4073.33008     3.22200     101.45500     5.55500     5.90000     13.70000     0.00000     2.20000     0.00000     15.70000     1.70000
summer     medium     medium     8.10000     12.90000     49.90000     1.01300     421.66699     1.80000     186.50000     31.73800     3.40000     20.10000     2.30000     0.00000     8.60000     0.00000     7.80000
winter     small     medium     7.30000     3.20000     16.00000     0.67200     101.66700     14.66700     123.33300     0.90000     0.00000     1.70000     13.50000     1.30000     17.90000     0.00000     3.90000
autumn     medium     low     8.20000     6.35000     60.80000     0.73000     66.66700     173.00000     11.00000     4.50000     0.00000     0.00000     2.20000     0.00000     6.60000     0.00000     10.80000
spring     small     low     8.00000     11.10000     53.42500     4.50800     137.27299     51.11100     15.00000     3.60000     7.00000     4.60000     2.90000     1.00000     5.50000     0.00000     2.90000
autumn     large     low     6.40000     11.10000     63.62500     0.73500     120.00000     27.50000     43.50000     40.00000     33.90000     0.00000     2.50000     0.00000     0.00000     17.10000     0.00000
spring     medium     high     8.20000     11.40000     15.00000     2.30200     51.42900     12.00000     40.00000     8.15500     52.20000     11.60000     0.00000     28.80000     11.20000     33.20000     1.70000
winter     medium     medium     8.06000     11.80000     73.25000     3.90000     627.27301     36.30000     6.00000     6.20900     66.90000     5.90000     0.00000     0.00000     5.60000     0.00000     1.40000
winter     medium     high     8.24000     6.10000     95.36700     1.42000     17.77800     27.66700     272.22198     5.20000     1.40000     0.00000     0.00000     3.00000     5.90000     17.20000     0.00000
spring     small     high     8.40000     6.20000     9.00000     5.07800     370.00000     37.85700     177.62500     23.80000     16.80000     6.00000     8.80000     5.30000     0.00000     5.90000     1.40000
autumn     small     low     7.90000     4.50000     104.81800     5.41400     124.36400     7.40000     140.51700     1.40000     0.00000     8.00000     2.10000     0.00000     0.00000     42.40000     6.10000
spring     large     medium     8.00000     10.80000     71.44400     3.14000     60.00000     6.00000     60.00000     17.49100     39.70000     4.60000     0.00000     0.00000     0.00000     0.00000     1.90000
summer     small     medium     8.40000     10.60000     94.00000     5.41000     137.00000     37.00000     18.00000     53.10000     64.30000     7.60000     9.90000     5.00000     0.00000     3.30000     1.60000
autumn     medium     medium     8.60000     11.30000     43.00000     1.51000     5738.33008     12.00000     116.20000     20.80000     32.50000     15.70000     3.70000     0.00000     0.00000     0.00000     1.90000
autumn     small     low     7.90000     10.30000     4.57500     3.67800     146.66701     39.00000     71.00000     5.45000     0.00000     1.50000     12.90000     0.00000     11.30000     0.00000     0.00000
spring     large     high     8.10000     13.10000     2.93300     7.83000     6400.00000     132.50000     86.99700     22.90000     3.70000     9.70000     0.00000     3.70000     1.20000     0.00000     0.00000
winter     small     medium     7.90000     9.50000     34.50000     1.05100     32.00000     38.62500     219.90900     15.30000     1.70000     14.70000     9.40000     0.00000     1.40000     0.00000     1.90000
winter     small     high     9.00000     9.40000     4.54500     0.40600     72.60000     7.75000     194.10001     27.50000     48.30000     3.90000     1.20000     4.40000     1.20000     0.00000     0.00000
autumn     medium     high     8.56000     7.80000     7.61300     4.18800     103.33300     70.00000     6.20000     4.30000     50.40000     3.80000     1.00000     0.00000     0.00000     1.20000     1.00000
summer     small     high     7.90000     10.10000     7.25000     1.00300     235.00000     77.33300     7.65400     14.70000     1.40000     5.00000     0.00000     0.00000     8.60000     0.00000     1.60000
autumn     medium     low     8.50000     8.40000     49.62500     2.95400     53.84600     60.00000     23.00000     11.70000     17.30000     1.20000     19.70000     3.40000     0.00000     0.00000     1.40000
spring     small     medium     8.50000     11.60000     22.32000     4.55500     40.00000     45.00000     244.00000     24.55600     0.00000     2.90000     0.00000     4.60000     8.10000     6.70000     0.00000
autumn     medium     medium     8.10000     9.80000     2.20000     0.69900     54.77800     54.00000     187.05701     92.66700     0.00000     1.70000     0.00000     0.00000     4.10000     0.00000     0.00000
winter     large     high     8.30000     10.80000     208.36400     9.24800     109.00000     20.00000     265.25000     3.00000     1.70000     0.00000     6.30000     1.00000     2.70000     0.00000     0.00000
winter     large     high     8.10000     9.90000     50.00000     2.97800     1131.66003     21.08300     21.30000     5.50000     0.00000     0.00000     4.20000     0.00000     0.00000     0.00000     0.00000
winter     small     high     6.60000     6.00000     32.40000     2.80500     461.87500     20.00000     313.60001     75.00000     0.00000     0.00000     5.60000     2.20000     15.90000     15.80000     0.00000
winter     medium     medium     8.55000     10.80000     136.00000     2.55000     81.00000     51.11100     607.16699     3.00000     2.50000     5.60000     21.90000     1.70000     0.00000     52.50000     0.00000
winter     large     high     6.60000     1.50000     7.00000     0.92300     10.00000     78.33300     45.00000     22.50000     3.60000     7.50000     1.00000     0.00000     0.00000     17.80000     0.00000
summer     small     high     8.50000     9.80000     15.54100     4.07100     103.00000     XXXXXXX     81.55800     XXXXXXX     15.10000     0.00000     0.00000     0.00000     11.70000     10.10000     5.90000
winter     medium     medium     8.10000     7.90000     32.30000     0.86000     125.33300     182.42000     169.00101     0.60000     37.30000     1.00000     3.00000     0.00000     6.60000     0.00000     2.10000
summer     large     medium     8.30000     11.30000     20.62500     6.54000     52.20000     97.33300     50.00000     9.38400     2.10000     0.00000     11.50000     0.00000     0.00000     0.00000     1.70000
autumn     small     medium     7.77000     10.70000     6.16700     9.08000     239.00000     236.39999     91.11100     1.30000     6.90000     0.00000     0.00000     0.00000     6.40000     5.50000     3.20000
summer     large     medium     8.10000     11.30000     12.44400     2.58600     380.00000     125.66700     215.50000     2.00000     17.00000     13.20000     1.00000     0.00000     0.00000     6.80000     0.00000
summer     medium     medium     8.40000     10.40000     17.37500     4.93000     215.71400     27.00000     79.75000     5.54400     20.30000     12.00000     1.70000     11.00000     5.40000     0.00000     2.90000
spring     large     high     7.40000     10.60000     19.22000     1.20800     914.00000     53.00000     105.72700     4.66700     47.10000     7.00000     0.00000     0.00000     5.30000     10.30000     1.00000
summer     medium     medium     8.10000     9.40000     139.98900     2.68000     3515.00000     3.00000     344.60001     20.57800     0.00000     10.40000     5.40000     0.00000     0.00000     7.00000     0.00000
autumn     large     medium     8.40000     1.80000     2.75000     1.73200     2082.85010     39.00000     20.75000     4.30000     3.30000     12.50000     1.20000     0.00000     0.00000     0.00000     0.00000
autumn     medium     high     8.70000     11.00000     5.00000     0.33000     27.06900     261.60001     6.00000     27.61800     2.40000     4.70000     1.00000     0.00000     1.40000     0.00000     2.40000

