1)
  season   size  speed mxPH mnO2    Cl  NO3    NH4  oPO4   PO4  Chla   a1   a2  a3   a4   a5   a6
1 winter medium medium 8.00  9.4 11.00 6.24  643.0 105.0 124.2 54.37  2.9  4.7 0.0  4.3 11.7 21.4
2 spring  small medium 8.70 11.1 29.20 1.87 1495.0  33.8  76.3  1.30 32.5 15.7 0.0  2.4  0.0  0.0
3 winter  small   high 8.00  3.4 44.00 5.33   62.5  21.1  46.4    NA 18.9  0.0 4.8 11.5  0.0  0.0
4 spring medium medium 8.53  4.8 15.54 0.91 1386.2 137.6 296.0 24.56  2.4  0.0 0.0  6.6  1.7  0.0
5 summer  small    low 8.66 11.4  3.27 1.42   96.7 197.8 170.0 20.87 55.5  3.8 0.0  0.0  9.9  4.1
6 autumn medium   high 7.19 10.1  4.33 3.68   89.6  77.3 116.2  5.62  1.2 11.3 1.0  4.0  3.6  0.0
   a7
1 0.0
2 1.9
3 0.0
4 0.0
5 1.0
6 0.0
2)
,season,size,speed,mxPH,mnO2,Cl,NO3,NH4,oPO4,PO4,Chla,a2,a4,a6,a7
1,winter,medium,medium,8,9.4,11,6.238,643,105,124.2,54.367,4.7,4.3,21.4,0
2,spring,small,medium,8.7,11.1,29.2,1.87,1495,33.8,76.333,1.3,15.7,2.4,0,1.9
3,winter,small,high,8,3.4,44,5.33,62.5,21.083,46.438,NA,0,11.5,0,0
4,spring,medium,medium,8.53,4.8,15.541,0.91,1386.25,137.60001,296,24.556,0,6.6,0,0
5,summer,small,low,8.66,11.4,3.275,1.42,96.667,197.83299,170,20.87,3.8,0,4.1,1
6,autumn,medium,high,7.19,10.1,4.326,3.678,89.6,77.333,116.2,5.62,11.3,4,0,0
7,summer,large,medium,8.1,7.6,17.75,5.132,43.75,36.3,7.654,NA,1,0,0,0
8,summer,medium,medium,8.5,8.5,4.545,2.954,8,35.333,152.33299,4.5,4.6,0,0,0
9,winter,medium,medium,7.5,7.8,136,1.32,122.85,16,104,4.3,4.6,1.7,0,1.4
10,summer,medium,high,8.1,11.62,32.92,2.273,132.25,246,47,5.8,12.7,0,0,3.9
11,summer,medium,medium,8.4,11.6,12.536,2.67,101,12.75,253.25,6.209,0,0,0,5.5
12,summer,small,high,8.3,9.6,16,6.188,28,NA,14.354,1,4.3,1.3,0,31.6
13,winter,small,medium,8.2,9.4,81.333,3.833,92,104.5,213,NA,0,7.8,0,0
14,summer,small,high,7.91,9.8,77.364,8.759,10,57.6,173.75,30.4,0,1,0,2.7
15,summer,large,high,7.61,9.6,12.146,1.448,6400,3,624.73297,NA,5,0,16.6,2.9
16,winter,large,high,7.55,11.1,4.7,3.773,197.909,97.333,194.10001,4,1,1.6,10.1,2.2
17,spring,medium,medium,7.78,8.3,47.778,4.535,39,18.667,175.04601,16,53.6,0,6.8,0
18,autumn,medium,high,7.14,10.3,NA,1.732,103.333,191.75,183.66701,2.1,3.9,1.9,0,1.5
19,summer,small,low,9,6.5,65.75,0.445,271.25,16,391.75,2,4.1,0,1.9,0
20,autumn,small,medium,7.7,11,49.625,3.685,245,4,287,6.8,0,4.6,0,1.4
21,summer,small,medium,7.83,3.2,9.055,2.231,12.5,14.667,84,14.775,0,2.1,11.5,1.4
22,spring,small,high,7.57,9.2,22.455,1.715,105.556,144,285.71399,20.829,0,0,0,14.4
23,autumn,large,low,7.75,8.7,63.51,0.63,102.75,125.667,18,2.8,25.4,1.2,12.4,0
24,winter,large,high,7.2,5.3,9,0.735,2167.37012,39,233.5,13.1,0,1,0,3.2
25,spring,large,high,7.79,7.1,29.5,1.587,235,28.625,11.5,11.6,0,3.5,10.3,0
26,spring,medium,high,8.21,9.7,12.182,3.976,165,9,84.46,3,0,0,1.6,5.8
27,autumn,medium,high,7.4,6.3,26,0.461,11.111,3.8,61.444,NA,40.7,1.9,0,0
28,autumn,small,high,6.8,10.7,77,6.2,160,9,NA,75,0,3.4,0,3.9
29,spring,small,high,8,1.8,5.273,1.003,20,36.909,186,0.8,0,0,0,0
30,autumn,medium,medium,8.2,6.7,53,8.543,205.66701,7.3,771.59998,0.5,0,0,42.1,3.6
31,autumn,medium,medium,7.4,9.3,8.3,5.099,49,19.111,211.66701,2.1,6.7,0,0,7.8
32,winter,medium,medium,8.7,10.3,26,3.78,133.636,132.5,108,25,1,0,0,0
33,winter,medium,high,7.4,5.4,53.333,3.02,124.167,175.66701,6,21.22,28,0,42.7,10.8
34,spring,small,high,8.4,11.7,53,NA,12.727,1,87.125,1.7,0,6.8,0,0
35,winter,small,high,8.27,8.6,45.273,3.316,18.429,220.75,102.571,5.45,12.7,7.6,0,2.2
36,summer,small,medium,8.7,8.4,130.67,4.99,308.75,1.625,265.25,7.3,0,0,0,1
37,winter,large,medium,8.3,10.9,NA,5.456,98.333,196.62,85,20.578,1.4,3.9,0,2.1
38,autumn,small,medium,8.4,8.2,5,2.818,101.667,2.5,607.16699,9.882,1.7,6.8,0,0
39,winter,medium,high,8.1,6.8,54.143,2.102,65.556,32,82.444,3.7,11.6,3.7,0,30.1
40,winter,small,high,7.5,10.5,64,3.351,228.75,182.42,254.60001,50,0,0,22.3,2.7
41,winter,small,medium,8.84,9.6,46.167,6.096,192.5,39,361,0.3,7.5,0,0,0
42,spring,large,high,7.8,11.4,NA,0.923,22.5,2,50,13.2,3.1,0,0,0
43,winter,large,high,8.3,13.1,39,5.099,1911,10.583,127.222,22.5,40.9,44.6,5.5,0
44,summer,small,high,8.3,8.8,3.86,7.83,51.429,276.85001,6,11.84,7,0,7.9,0
45,winter,medium,high,8.3,7.6,69.75,4.555,42,10.8,57.833,3.9,3.4,0,0,1.2
46,winter,medium,high,7.9,9.2,7,0.536,38.111,53.625,586,18.33,0,3.2,0,0
47,summer,small,medium,8.1,10.6,40.167,0.376,35,205.636,4,0.9,12.7,2.2,2,9.7
48,summer,medium,low,8.1,4.3,9,1.374,49.5,5,56.667,3,4.9,0,0,0
49,spring,medium,low,7.8,11.8,15,5.13,142,109,146.452,2,0,1,0,2.1
50,summer,small,medium,7.8,7.7,30.523,0.886,370,22.444,20.812,1.3,7.4,0,1.5,0
51,autumn,large,high,8.15,8.1,9,9.08,33.636,12.75,72.9,0.2,0,0,0,1.4
52,summer,large,medium,7.9,6.9,63.625,6.225,170.909,54.1,46.6,4.5,8.7,0,17.1,1.1
53,winter,medium,high,8.5,11,43.09,1.172,28.333,46.667,116.2,0.5,0,0,0,1.4
54,summer,large,medium,8.3,11.8,66.3,3.765,130,51.111,140.22,0.8,0,0,0,0
55,winter,medium,medium,8,9.2,1.17,1.288,10.5,428.75,344.60001,1.4,0,4.1,0,5.9
56,autumn,small,medium,8.7,4.9,32.54,2.586,5,282.16699,205.875,28.4,1.7,0,0,0
57,autumn,large,high,8.06,7.7,23.825,1.32,3515,62.625,292.625,2,2.7,0,0,1.9
58,summer,medium,medium,8.58,9,6.3,0.642,15,61.182,6,NA,5.4,1,0,1.4
59,spring,medium,high,6.6,11.7,43.97,3.414,43.75,60.833,219.909,7.3,5.5,0,29.5,0
60,autumn,small,low,8.5,12.1,NA,0.825,98.182,27,79.75,NA,12,1.7,6.7,0
61,spring,small,medium,8.6,10.5,61.05,5.97,46.5,264.89999,388.16699,65.7,3.8,0,0,6.1
62,spring,small,high,9.1,NA,47,0.267,66.667,78.333,111.75,4.3,9.6,0,0,0
63,spring,small,high,7.45,8.8,187.183,5.414,NA,25.167,56.091,0.3,0,0,1.4,0
64,winter,medium,high,7.9,9.7,8,1.203,15,41.5,6.75,8.1,4.3,0,0,1.9
65,summer,large,high,7.9,11.3,NA,1.474,120,24,7.2,2.9,0,5,1.4,2.4
66,spring,large,medium,7.44,11.7,3.136,0.73,131.66701,72,75.904,6.167,1.4,1.2,0,0
67,summer,medium,low,NA,10.1,2.75,3.85,112.857,1.25,77.434,0.5,2.1,4.9,17.2,0
68,autumn,large,medium,8.1,12.1,32.056,0.921,10,48.625,141.83299,34.75,14.7,0,0,1.2
69,winter,large,medium,8.2,9.8,20.625,0.941,244.60001,7.667,143.75,18.37,0,0,0,1.7
70,autumn,small,medium,7.83,10.3,39.109,2.512,34,412.33301,236,1,0,0,0,0
71,spring,medium,medium,8.7,6.2,101.875,3.31,58.5,151.125,22.9,1,0,0,0,3.3
72,winter,large,low,7.7,11.1,NA,0.663,647.57001,120.5,34,4.667,0,0,10.6,0
73,summer,medium,low,5.7,6.6,69,5.442,461.875,6.5,72.696,7.9,0,6.9,15.7,0
74,winter,large,high,7.6,8.5,22.32,0.81,8777.59961,8.6,130.75,22.7,5.8,2.2,5.1,1.2
75,spring,small,medium,8.5,10.4,129.375,4.87,134,100,235.66701,72.478,0,3.4,0,0
76,autumn,small,high,7.4,9.4,35.75,3.908,54.75,NA,10.111,9,0,28.8,17,1.2
77,autumn,large,medium,9.06,8.4,87,0.996,224.286,18.25,11,17.2,8,0,1.5,1
78,winter,medium,low,7.7,5.9,173.75,3.778,72.6,2,558.75,13,0,5.7,0,2.2
79,spring,small,medium,8.07,8.1,6.167,0.735,124,37.375,317,3.6,0,4.8,3.1,1
80,winter,medium,medium,7.6,10.8,7.333,4.698,40,1.8,85.4,7.6,21.6,1,8.7,4.2
81,autumn,medium,high,8.43,10.7,10.078,0.05,1168,31.333,60,4.5,0,1.7,15.8,6
82,winter,medium,medium,7.3,9.9,47.229,4.93,233.7,61.556,102.333,3.1,13.7,0,8.2,2.1
83,winter,medium,high,8.8,9.5,41.5,5.41,3466.65991,64.389,19,10.5,21.5,1,0,0
84,summer,medium,medium,8.1,10.7,51.113,3.14,10,60,69.93,18.3,0,1.8,0,31.2
85,winter,medium,medium,7,10.77,41.163,4.408,737.5,55,214,12.32,3.9,2.2,6.2,0
86,spring,small,low,8.35,4.9,NA,0.846,153.75,45,35.2,2,0,7.7,4.7,22.1
87,summer,small,medium,7.4,11.7,30.125,3.73,128.571,67.5,98.25,15.6,0,0,13.2,16.7
88,spring,small,high,5.6,6,64.093,4.665,5738.33008,49,91.111,10,0,0,0,2.4
89,summer,small,medium,7.6,11.3,20.083,1.013,81,16.833,58.374,68.05,0,0,9.9,0
90,winter,large,medium,8.7,9.9,125.6,5.164,239,6,303.33301,0.8,4.1,0,6.4,6.8
91,spring,large,low,7.8,10.7,70,3.318,101.25,12.889,101.455,19.4,1.9,0,1.8,0
92,winter,medium,medium,8.4,9,57.848,8.688,124.364,59.429,45,3.8,8.9,1.2,1.2,0
93,winter,large,high,8,10.8,27.4,1.873,122.5,44,10.75,1.1,21.5,1.2,5.9,0
94,summer,large,low,8.87,8.2,NA,0.701,175,51.111,49.333,23.8,10.4,2.6,17.7,3.4
95,spring,medium,medium,7.9,11.8,3,1.443,120,159.5,54.916,24.917,0,2.4,20.4,3.3
96,winter,medium,high,8,6,5.889,2.68,217.75,23,89.625,0.5,1.5,4.4,0,1.9
97,spring,large,high,8,6.2,12.444,7.195,96.833,104.222,186.5,22.9,0,0,5.9,0
98,summer,medium,low,8.9,10.6,22.286,2.323,54.778,75.875,200.231,4.3,16.2,0,0,0
99,spring,medium,high,6.6,10.7,27.233,1.588,380,51.75,272.22198,2,0,0,8.5,0
100,winter,small,low,7.8,3.2,85.982,1.208,52.2,38.75,111.375,0.4,9.7,1.2,1.5,1
101,winter,small,high,7.7,5.3,131.39999,1.535,102.5,23,239,0.6,0,0,15.8,1.9
102,spring,medium,medium,7.8,6.2,56.717,3.07,21.571,102.364,154.125,6.8,28.2,2.4,0,0
103,autumn,medium,high,7.5,10.8,50,2.899,371.11099,84.3,269.66699,2.3,0,4,0,2.9
104,winter,large,low,6.4,6.35,34.5,0.13,178.57001,85.5,39,92.667,15.2,2.6,7.1,0
105,autumn,medium,medium,7.8,10,38.125,1.921,227.60001,261.60001,246.66701,1.5,2.1,0,3.6,12.5
106,spring,small,medium,6.6,7.3,48.429,8.984,429.20001,144.66701,279.06601,2.5,2.9,0,5.4,0
107,spring,small,high,8.1,10.5,22.35,4.508,25,75,40,3.2,19.6,0,0,3.9
108,summer,small,high,8.7,11.1,NA,3.561,505,27.5,7,28.567,0,3.5,1,0
109,autumn,small,high,8.43,11.5,43,4.825,723.66699,1,15,12.1,17.1,12.7,0,1.4
110,winter,medium,high,8,6,0.8,2.443,10,4.25,NA,0.8,38.8,0,0,0
111,summer,medium,high,8.16,10.8,8.69,1.534,51.111,4,17.333,NA,2,0,31.8,0
112,spring,medium,low,8.25,7.9,44.205,3.444,5.8,166.72701,26,2.8,21.1,0,0,0
113,autumn,small,high,8.1,9.4,11.818,10.416,206.53799,7.4,16.662,0.8,12.5,0,0,7.1
114,winter,medium,low,8.05,1.5,53.425,0.33,1081.66003,37.857,16,0.8,3.4,0,1.4,0
115,autumn,medium,medium,8,9.9,5.326,3.9,10,54,11,3,14.5,0,4.5,1.5
116,summer,small,high,9.7,11.21,3.5,0.406,10,8.692,249.25,NA,0,0,0,0
117,winter,small,medium,8.6,9.9,21.95,1.51,914,143.71001,6.2,4.9,7,0,0,2
118,winter,large,medium,8.3,10.2,74.667,2.55,246.364,3.333,115,3.2,0,0,0,0
119,summer,large,low,8.3,11.7,10.207,1.328,60,36,71,2.5,5.6,0,0,1.9
120,spring,medium,high,8.2,10.2,36.248,7.16,24064,26,252.5,3,0,5,13.1,2.4
121,autumn,small,low,7.72,13.4,0.222,3.33,123.333,55,27.5,5.233,0,0,2.6,0
122,spring,large,medium,7.93,11.17,42.636,5.078,56.364,10,14,3.5,20.1,0,1.6,5.2
123,spring,small,low,8.1,12.5,12,3.14,27.5,181,222.286,6.429,0,3.7,0,10.2
124,winter,small,medium,7.5,10.7,7.838,2.163,430,26.625,138.5,41,0,0,12.7,0
125,winter,large,low,8,10.29,41.25,5.694,84.667,1,50.455,1.1,1.6,0,52.5,0
126,winter,small,medium,7.77,10.5,4.575,4.17,486.5,19.111,140.517,0.5,0,11,33.2,0
127,winter,small,medium,8.4,11.8,57.75,1.726,931.83301,87.333,6.667,50.225,36.6,1.4,17,6.1
128,spring,medium,high,8.6,7.9,14.32,3.734,10,12.75,326.85699,0.5,19.6,3.5,0,6.6
129,winter,small,high,8.3,9.8,40.02,4.188,96.667,41.3,177.625,5.111,31.9,0,0,2.4
130,winter,small,high,9.1,11.7,55.35,1.335,25.833,34.636,13.6,11.1,22,5.3,49.4,1.7
131,winter,medium,medium,7.6,10.8,13,2.64,31.333,187,304,2.338,5.4,1.1,0,18.6
132,winter,large,high,9,10.5,11.088,0.23,92.375,3,66.75,2.7,41,0,0,2.7
133,winter,medium,medium,8.4,11.5,1.45,1.67,37.5,37,221.278,15.3,7.3,1.9,0,4.9
134,autumn,small,medium,7.4,NA,94.405,6.045,13.5,151.33299,11.8,0.3,1.7,8.3,0,0
135,spring,small,medium,7.9,11.9,7,3.617,196,34.5,276,5.544,20.6,2.1,7.5,0
136,autumn,medium,high,7.2,8.3,39,4.86,46.2,58.875,58.623,3.3,1,0,22.9,0
137,winter,medium,low,8.24,11,35.66,1.212,10,58.222,6,16,2.6,0,0,0
138,spring,small,medium,7.925,6.3,11,0.826,83.75,32.5,13.2,1.4,21.7,0,0,0
139,spring,medium,low,8.22,10,31,1.655,20,24.667,98.143,2,26.5,3.7,2.7,2.7
140,winter,small,medium,9.1,8.8,10.556,0.9,137.27299,30.75,61.5,1,1.5,0,0,0
141,autumn,small,medium,8.56,8.4,10.975,1.415,225,2,197.14301,6.4,1.9,0,9.6,1.6
142,spring,medium,high,7.8,8.9,65.333,6.513,88.182,13,432.909,0.6,1.2,1.9,4.7,3.2
143,spring,medium,high,7.84,7.1,37.6,0.658,578,180.66701,14,14.7,38.5,4.3,3.3,0
144,winter,small,high,8,4.5,79.077,0.308,920,346.16699,52.875,6.5,4,6.2,0,2.5
145,summer,medium,high,8.47,4.4,10.936,4.03,196.66701,3.222,147.83299,3,6,0,1.2,1.9
146,autumn,medium,high,7.29,8.1,48.667,7.74,161.81799,26.6,232.83299,NA,4.1,0,0,0
147,winter,medium,high,7.3,10.2,38.902,6.54,4073.33008,7.75,123.333,98.817,0,0,0,2.4
148,spring,medium,high,9.5,10.6,40.226,3.829,60,2.5,105.727,32,0,0,0,0
149,spring,medium,high,7.5,10.68,4.083,0.77,758.75,3.545,3,22.5,28,0,1.2,0
150,autumn,small,low,7.8,10.5,26.76,9.248,91.833,22.2,188.66701,2.15,0,0,9.9,6
151,autumn,medium,high,8.5,10.7,29.775,6.64,236,15.6,18.293,0.8,12.4,2.9,32.9,0
152,autumn,medium,high,7.74,3.6,88,2.31,90,236.39999,255.28,53.1,0,1.2,0,0
153,spring,medium,low,7.8,4.5,194.75,45.65,32.5,20,313.60001,27.618,4.6,2.2,2.6,0
154,spring,medium,low,7.9,10.2,127.833,1.875,37.778,44.667,228.364,1.2,0,0,0,4.1
155,winter,small,medium,7.09,9.8,100.83,1.651,16.2,12,75.207,15,1.9,0,0,0
156,winter,medium,medium,7.6,11.2,94,3.235,1131.66003,16,1,0.8,15.9,0,0,7.2
157,winter,small,medium,8.3,9.8,34.037,0.673,34.333,1,277.33301,21,5.9,2.3,16.7,0
158,spring,medium,low,7.9,10.5,13.5,2.316,110,45.9,40.667,3.3,0,1.7,0,15.1
159,autumn,large,medium,8,5.8,19.22,1.572,32.5,20.667,218,3.2,14.6,0,0,1.4
160,winter,medium,low,7.4,10.6,82.857,4.908,27.286,47.5,244,30,0,0,11.1,0
161,summer,large,high,6.6,9.7,73.25,4.053,345.45499,102,320.39999,20.6,0,0,12.6,1.6
162,winter,medium,high,8.1,5.7,16,0.102,32.727,70,43.5,93.683,21.7,0,42.4,0
163,autumn,small,high,8.8,9.5,7.613,1.72,103.333,209.85699,169.00101,5.555,0,0,8.3,1.2
164,spring,small,medium,7.9,12.6,82.852,2.805,421.66699,136.75,132.54601,21.9,0,0,18.2,0
165,spring,medium,high,7.9,10.4,63.292,4.82,215.714,467.5,127,13.1,0,0,0,0
166,spring,small,high,8.6,9,32.3,9.773,76.667,173,171.272,88.255,0,0,64.6,0
167,spring,medium,high,9.1,10.8,11.867,3.978,1990.16003,111.25,232.89999,3.6,8.6,0,4.5,2.9
168,spring,medium,medium,7.6,11.1,8,3.923,60.11,16.8,121,40,9.1,0,0,0
169,spring,medium,low,8.2,6,7,2.302,18.333,221.89999,275.14301,6.9,0,0,5.1,1.7
170,autumn,large,low,7.3,11.1,31.091,1.47,627.27301,10.667,142,9.384,0,11.3,7,7
171,summer,small,medium,8.3,6.1,10.5,0.23,255,27.667,23.485,11.7,13.2,2,0,0
172,spring,large,medium,8.15,12.9,391.5,4.94,153,1,23,110.456,12,2.2,6.9,1.7
173,winter,medium,medium,8.1,10.9,104.818,0.758,118.571,82.222,97.58,5.609,0,0,0,0
174,autumn,small,high,8.6,7.4,71.444,1.223,18,50.889,137.778,17.491,0,2.7,0,1.6
175,summer,medium,medium,7.62,7.1,23.25,1.519,14.75,102.333,6.5,27.5,1.2,0,0,0
176,winter,medium,medium,8.5,7.1,32.4,1.718,12.5,159.16701,17,20.8,72.6,0,8.3,1
177,spring,small,medium,7.6,9.8,59.067,2.22,346.66699,16,262.72699,1.1,5.6,0,2.4,0
178,summer,large,high,8,8.9,2.933,1.527,103,234.5,86.997,81.54,10.5,0,0,25.6
179,spring,small,high,8.4,9.8,82.111,3.02,53.846,38.625,19,5.5,8,0,0,0
180,winter,large,medium,8.5,10.1,58.331,3.2,176.66701,564.59998,201.778,NA,0,2,77.6,0
181,summer,medium,medium,6.5,10.53,151.83299,2.942,137,27,61.6,1.1,7.6,13.4,0,0
182,summer,large,medium,7.8,3.6,7.25,9.715,155,267.75,125.8,0.6,2.1,0,0,0
183,autumn,medium,medium,8.06,3.3,1.549,1.051,32,66.4,75.333,1.3,0,0,0,0
184,winter,medium,high,7.35,8,54.19,0.672,40,48,56.667,8.155,11.2,4.6,0,0
185,summer,small,medium,7.3,10,2.2,NA,20,61.25,187.05701,0.3,1.7,1.4,0,0
186,winter,large,medium,8.4,10.8,2.111,0.866,109,53,2.5,46.075,0,5,4.6,2.3
187,summer,small,high,8.2,11.6,49.9,2.978,146.66701,48.667,21.3,5.083,2.9,1.4,2.2,3.2
188,winter,medium,high,8.7,8.2,53.102,2.603,1729,51.125,351.60001,8.957,2.1,2.2,3.9,0
189,spring,small,medium,8.55,11.3,NA,3.726,82.1,12,88.5,3,18.4,4.6,17.8,0
190,autumn,large,high,8.5,9.5,12.778,3.245,17.778,13,44.136,2.86,6.4,0,0,0
191,summer,small,medium,8.5,6.5,95.367,4.071,10,27.25,81.558,26.8,16,0,0,1
192,spring,medium,medium,8.5,12.5,60.8,0.86,125.333,19.727,122,5.2,5,3,0,0
193,autumn,large,high,8,11.3,50,2.8,172.5,1.333,120.889,31,32.8,0,0,0
194,summer,small,high,8.3,12,208.364,2.304,NA,104.727,3,17.2,16.4,0,5.5,4.3
195,summer,medium,low,8.1,9.8,57.75,1.39,215.556,71,215.5,2,13.2,2.5,6.8,0
196,summer,large,low,8.4,9,17.375,4.459,2082.8501,9.667,284,2,12,4.6,0,0
197,summer,large,medium,7.7,7,10.4,0.699,65.455,20,138.7,5.2,5.2,0,0,1
198,summer,large,high,8.2,9.9,139.989,2.822,208.33299,4,11.818,3,3.1,0,0,1.4
199,autumn,large,medium,8.3,5.5,5.83,1.287,76,238.2,20.75,NA,16,1,0,2.2
200,autumn,medium,high,8.3,11.8,28.333,0.381,27.069,64,167.89999,31.738,0,0,32.1,0
3)
winter     medium     medium     8.00000     9.40000     11.00000     6.23800     643.00000     105.00000     124.20000     54.36700     2.90000     4.70000     0.00000     4.30000     11.70000     21.40000     0.00000
spring     small     medium     8.70000     11.10000     29.20000     1.87000     1495.00000     33.80000     76.33300     1.30000     32.50000     15.70000     0.00000     2.40000     0.00000     0.00000     1.90000
winter     small     high     8.00000     3.40000     44.00000     5.33000     62.50000     21.08300     46.43800     XXXXXXX     18.90000     0.00000     4.80000     11.50000     0.00000     0.00000     0.00000
spring     medium     medium     8.53000     4.80000     15.54100     0.91000     1386.25000     137.60001     296.00000     24.55600     2.40000     0.00000     0.00000     6.60000     1.70000     0.00000     0.00000
summer     small     low     8.66000     11.40000     3.27500     1.42000     96.66700     197.83299     170.00000     20.87000     55.50000     3.80000     0.00000     0.00000     9.90000     4.10000     1.00000
autumn     medium     high     7.19000     10.10000     4.32600     3.67800     89.60000     77.33300     116.20000     5.62000     1.20000     11.30000     1.00000     4.00000     3.60000     0.00000     0.00000
summer     large     medium     8.10000     7.60000     17.75000     5.13200     43.75000     36.30000     7.65400     XXXXXXX     1.20000     1.00000     3.20000     0.00000     5.80000     0.00000     0.00000
summer     medium     medium     8.50000     8.50000     4.54500     2.95400     8.00000     35.33300     152.33299     4.50000     0.00000     4.60000     3.90000     0.00000     15.30000     0.00000     0.00000
winter     medium     medium     7.50000     7.80000     136.00000     1.32000     122.85000     16.00000     104.00000     4.30000     56.80000     4.60000     1.70000     1.70000     8.20000     0.00000     1.40000
I love this class
summer     medium     medium     8.40000     11.60000     12.53600     2.67000     101.00000     12.75000     253.25000     6.20900     8.70000     0.00000     0.00000     0.00000     0.00000     0.00000     5.50000
summer     small     high     8.30000     9.60000     16.00000     6.18800     28.00000     XXXXXXX     14.35400     1.00000     32.10000     4.30000     1.20000     1.30000     20.00000     0.00000     31.60000
winter     small     medium     8.20000     9.40000     81.33300     3.83300     92.00000     104.50000     213.00000     XXXXXXX     0.00000     0.00000     10.80000     7.80000     22.10000     0.00000     0.00000
summer     small     high     7.91000     9.80000     77.36400     8.75900     10.00000     57.60000     173.75000     30.40000     24.80000     0.00000     11.80000     1.00000     1.90000     0.00000     2.70000
summer     large     high     7.61000     9.60000     12.14600     1.44800     6400.00000     3.00000     624.73297     XXXXXXX     1.90000     5.00000     3.50000     0.00000     1.10000     16.60000     2.90000
winter     large     high     7.55000     11.10000     4.70000     3.77300     197.90900     97.33300     194.10001     4.00000     9.20000     1.00000     1.40000     1.60000     0.00000     10.10000     2.20000
spring     medium     medium     7.78000     8.30000     47.77800     4.53500     39.00000     18.66700     175.04601     16.00000     2.20000     53.60000     0.00000     0.00000     0.00000     6.80000     0.00000
autumn     medium     high     7.14000     10.30000     XXXXXXX     1.73200     103.33300     191.75000     183.66701     2.10000     1.10000     3.90000     8.00000     1.90000     0.00000     0.00000     1.50000
summer     small     low     9.00000     6.50000     65.75000     0.44500     271.25000     16.00000     391.75000     2.00000     39.70000     4.10000     3.30000     0.00000     0.00000     1.90000     0.00000
autumn     small     medium     7.70000     11.00000     49.62500     3.68500     245.00000     4.00000     287.00000     6.80000     35.50000     0.00000     13.60000     4.60000     1.20000     0.00000     1.40000
summer     small     medium     7.83000     3.20000     9.05500     2.23100     12.50000     14.66700     84.00000     14.77500     0.00000     0.00000     0.00000     2.10000     4.10000     11.50000     1.40000
spring     small     high     7.57000     9.20000     22.45500     1.71500     105.55600     144.00000     285.71399     20.82900     3.10000     0.00000     0.00000     0.00000     6.10000     0.00000     14.40000
autumn     large     low     7.75000     8.70000     63.51000     0.63000     102.75000     125.66700     18.00000     2.80000     32.80000     25.40000     2.00000     1.20000     27.60000     12.40000     0.00000
winter     large     high     7.20000     5.30000     9.00000     0.73500     2167.37012     39.00000     233.50000     13.10000     2.50000     0.00000     0.00000     1.00000     0.00000     0.00000     3.20000
spring     large     high     7.79000     7.10000     29.50000     1.58700     235.00000     28.62500     11.50000     11.60000     5.30000     0.00000     0.00000     3.50000     1.40000     10.30000     0.00000
spring     medium     high     8.21000     9.70000     12.18200     3.97600     165.00000     9.00000     84.46000     3.00000     17.30000     0.00000     0.00000     0.00000     13.30000     1.60000     5.80000
autumn     medium     high     7.40000     6.30000     26.00000     0.46100     11.11100     3.80000     61.44400     XXXXXXX     3.30000     40.70000     13.50000     1.90000     7.70000     0.00000     0.00000
autumn     small     high     6.80000     10.70000     77.00000     6.20000     160.00000     9.00000     XXXXXXX     75.00000     30.30000     0.00000     35.10000     3.40000     2.70000     0.00000     3.90000
spring     small     high     8.00000     1.80000     5.27300     1.00300     20.00000     36.90900     186.00000     0.80000     31.10000     0.00000     7.50000     0.00000     0.00000     0.00000     0.00000
autumn     medium     medium     8.20000     6.70000     53.00000     8.54300     205.66701     7.30000     771.59998     0.50000     3.30000     0.00000     4.70000     0.00000     0.00000     42.10000     3.60000
autumn     medium     medium     7.40000     9.30000     8.30000     5.09900     49.00000     19.11100     211.66701     2.10000     1.40000     6.70000     1.70000     0.00000     7.50000     0.00000     7.80000
winter     medium     medium     8.70000     10.30000     26.00000     3.78000     133.63600     132.50000     108.00000     25.00000     2.20000     1.00000     1.90000     0.00000     1.00000     0.00000     0.00000
winter     medium     high     7.40000     5.40000     53.33300     3.02000     124.16700     175.66701     6.00000     21.22000     0.00000     28.00000     1.90000     0.00000     2.50000     42.70000     10.80000
spring     small     high     8.40000     11.70000     53.00000     XXXXXXX     12.72700     1.00000     87.12500     1.70000     13.60000     0.00000     0.00000     6.80000     2.60000     0.00000     0.00000
winter     small     high     8.27000     8.60000     45.27300     3.31600     18.42900     220.75000     102.57100     5.45000     0.00000     12.70000     0.00000     7.60000     0.00000     0.00000     2.20000
summer     small     medium     8.70000     8.40000     130.67000     4.99000     308.75000     1.62500     265.25000     7.30000     18.30000     0.00000     0.00000     0.00000     0.00000     0.00000     1.00000
winter     large     medium     8.30000     10.90000     XXXXXXX     5.45600     98.33300     196.62000     85.00000     20.57800     0.00000     1.40000     5.60000     3.90000     4.00000     0.00000     2.10000
autumn     small     medium     8.40000     8.20000     5.00000     2.81800     101.66700     2.50000     607.16699     9.88200     86.60000     1.70000     2.00000     6.80000     0.00000     0.00000     0.00000
winter     medium     high     8.10000     6.80000     54.14300     2.10200     65.55600     32.00000     82.44400     3.70000     2.00000     11.60000     7.30000     3.70000     8.10000     0.00000     30.10000
winter     small     high     7.50000     10.50000     64.00000     3.35100     228.75000     182.42000     254.60001     50.00000     43.50000     0.00000     7.50000     0.00000     0.00000     22.30000     2.70000
winter     small     medium     8.84000     9.60000     46.16700     6.09600     192.50000     39.00000     361.00000     0.30000     0.00000     7.50000     2.90000     0.00000     7.70000     0.00000     0.00000
spring     large     high     7.80000     11.40000     XXXXXXX     0.92300     22.50000     2.00000     50.00000     13.20000     1.60000     3.10000     19.60000     0.00000     9.40000     0.00000     0.00000
winter     large     high     8.30000     13.10000     39.00000     5.09900     1911.00000     10.58300     127.22200     22.50000     0.00000     40.90000     0.00000     44.60000     0.00000     5.50000     0.00000
summer     small     high     8.30000     8.80000     3.86000     7.83000     51.42900     276.85001     6.00000     11.84000     7.20000     7.00000     2.40000     0.00000     0.00000     7.90000     0.00000
winter     medium     high     8.30000     7.60000     69.75000     4.55500     42.00000     10.80000     57.83300     3.90000     0.00000     3.40000     1.40000     0.00000     0.00000     0.00000     1.20000
winter     medium     high     7.90000     9.20000     7.00000     0.53600     38.11100     53.62500     586.00000     18.33000     16.60000     0.00000     1.20000     3.20000     2.90000     0.00000     0.00000
summer     small     medium     8.10000     10.60000     40.16700     0.37600     35.00000     205.63600     4.00000     0.90000     2.40000     12.70000     4.90000     2.20000     0.00000     2.00000     9.70000
summer     medium     low     8.10000     4.30000     9.00000     1.37400     49.50000     5.00000     56.66700     3.00000     1.90000     4.90000     0.00000     0.00000     0.00000     0.00000     0.00000
spring     medium     low     7.80000     11.80000     15.00000     5.13000     142.00000     109.00000     146.45200     2.00000     6.70000     0.00000     0.00000     1.00000     0.00000     0.00000     2.10000
summer     small     medium     7.80000     7.70000     30.52300     0.88600     370.00000     22.44400     20.81200     1.30000     15.80000     7.40000     0.00000     0.00000     0.00000     1.50000     0.00000
autumn     large     high     8.15000     8.10000     9.00000     9.08000     33.63600     12.75000     72.90000     0.20000     11.30000     0.00000     0.00000     0.00000     0.00000     0.00000     1.40000
summer     large     medium     7.90000     6.90000     63.62500     6.22500     170.90900     54.10000     46.60000     4.50000     7.80000     8.70000     10.30000     0.00000     0.00000     17.10000     1.10000
winter     medium     high     8.50000     11.00000     43.09000     1.17200     28.33300     46.66700     116.20000     0.50000     0.00000     0.00000     4.10000     0.00000     10.20000     0.00000     1.40000
summer     large     medium     8.30000     11.80000     66.30000     3.76500     130.00000     51.11100     140.22000     0.80000     24.00000     0.00000     22.90000     0.00000     2.70000     0.00000     0.00000
winter     medium     medium     8.00000     9.20000     1.17000     1.28800     10.50000     428.75000     344.60001     1.40000     1.20000     0.00000     19.50000     4.10000     0.00000     0.00000     5.90000
autumn     small     medium     8.70000     4.90000     32.54000     2.58600     5.00000     282.16699     205.87500     28.40000     4.00000     1.70000     0.00000     0.00000     6.60000     0.00000     0.00000
autumn     large     high     8.06000     7.70000     23.82500     1.32000     3515.00000     62.62500     292.62500     2.00000     3.80000     2.70000     9.90000     0.00000     19.70000     0.00000     1.90000
summer     medium     medium     8.58000     9.00000     6.30000     0.64200     15.00000     61.18200     6.00000     XXXXXXX     3.40000     5.40000     10.10000     1.00000     0.00000     0.00000     1.40000
spring     medium     high     6.60000     11.70000     43.97000     3.41400     43.75000     60.83300     219.90900     7.30000     1.40000     5.50000     24.80000     0.00000     8.00000     29.50000     0.00000
autumn     small     low     8.50000     12.10000     XXXXXXX     0.82500     98.18200     27.00000     79.75000     XXXXXXX     47.10000     12.00000     0.00000     1.70000     0.00000     6.70000     0.00000
spring     small     medium     8.60000     10.50000     61.05000     5.97000     46.50000     264.89999     388.16699     65.70000     9.20000     3.80000     0.00000     0.00000     0.00000     0.00000     6.10000
spring     small     high     9.10000     XXXXXXX     47.00000     0.26700     66.66700     78.33300     111.75000     4.30000     33.90000     9.60000     1.20000     0.00000     0.00000     0.00000     0.00000
spring     small     high     7.45000     8.80000     187.18300     5.41400     XXXXXXX     25.16700     56.09100     0.30000     5.70000     0.00000     0.00000     0.00000     0.00000     1.40000     0.00000
winter     medium     high     7.90000     9.70000     8.00000     1.20300     15.00000     41.50000     6.75000     8.10000     20.30000     4.30000     0.00000     0.00000     0.00000     0.00000     1.90000
summer     large     high     7.90000     11.30000     XXXXXXX     1.47400     120.00000     24.00000     7.20000     2.90000     1.20000     0.00000     7.80000     5.00000     2.20000     1.40000     2.40000
spring     large     medium     7.44000     11.70000     3.13600     0.73000     131.66701     72.00000     75.90400     6.16700     14.40000     1.40000     14.00000     1.20000     0.00000     0.00000     0.00000
summer     medium     low     XXXXXXX     10.10000     2.75000     3.85000     112.85700     1.25000     77.43400     0.50000     23.70000     2.10000     42.80000     4.90000     0.00000     17.20000     0.00000
autumn     large     medium     8.10000     12.10000     32.05600     0.92100     10.00000     48.62500     141.83299     34.75000     12.70000     14.70000     0.00000     0.00000     0.00000     0.00000     1.20000
winter     large     medium     8.20000     9.80000     20.62500     0.94100     244.60001     7.66700     143.75000     18.37000     1.90000     0.00000     0.00000     0.00000     3.40000     0.00000     1.70000
autumn     small     medium     7.83000     10.30000     39.10900     2.51200     34.00000     412.33301     236.00000     1.00000     10.30000     0.00000     1.00000     0.00000     0.00000     0.00000     0.00000
spring     medium     medium     8.70000     6.20000     101.87500     3.31000     58.50000     151.12500     22.90000     1.00000     0.00000     0.00000     4.10000     0.00000     2.50000     0.00000     3.30000
winter     large     low     7.70000     11.10000     XXXXXXX     0.66300     647.57001     120.50000     34.00000     4.66700     0.00000     0.00000     8.80000     0.00000     0.00000     10.60000     0.00000
summer     medium     low     5.70000     6.60000     69.00000     5.44200     461.87500     6.50000     72.69600     7.90000     89.80000     0.00000     3.30000     6.90000     0.00000     15.70000     0.00000
winter     large     high     7.60000     8.50000     22.32000     0.81000     8777.59961     8.60000     130.75000     22.70000     52.20000     5.80000     1.80000     2.20000     6.60000     5.10000     1.20000
spring     small     medium     8.50000     10.40000     129.37500     4.87000     134.00000     100.00000     235.66701     72.47800     12.30000     0.00000     2.90000     3.40000     35.60000     0.00000     0.00000
autumn     small     high     7.40000     9.40000     35.75000     3.90800     54.75000     XXXXXXX     10.11100     9.00000     2.20000     0.00000     6.60000     28.80000     3.20000     17.00000     1.20000
autumn     large     medium     9.06000     8.40000     87.00000     0.99600     224.28600     18.25000     11.00000     17.20000     12.50000     8.00000     18.90000     0.00000     11.30000     1.50000     1.00000
winter     medium     low     7.70000     5.90000     173.75000     3.77800     72.60000     2.00000     558.75000     13.00000     0.00000     0.00000     2.30000     5.70000     10.60000     0.00000     2.20000
spring     small     medium     8.07000     8.10000     6.16700     0.73500     124.00000     37.37500     317.00000     3.60000     3.30000     0.00000     0.00000     4.80000     5.50000     3.10000     1.00000
winter     medium     medium     7.60000     10.80000     7.33300     4.69800     40.00000     1.80000     85.40000     7.60000     75.80000     21.60000     0.00000     1.00000     0.00000     8.70000     4.20000
autumn     medium     high     8.43000     10.70000     10.07800     0.05000     1168.00000     31.33300     60.00000     4.50000     0.00000     0.00000     3.70000     1.70000     0.00000     15.80000     6.00000
winter     medium     medium     7.30000     9.90000     47.22900     4.93000     233.70000     61.55600     102.33300     3.10000     17.10000     13.70000     7.00000     0.00000     5.30000     8.20000     2.10000
winter     medium     high     8.80000     9.50000     41.50000     5.41000     3466.65991     64.38900     19.00000     10.50000     50.60000     21.50000     21.90000     1.00000     2.40000     0.00000     0.00000
summer     medium     medium     8.10000     10.70000     51.11300     3.14000     10.00000     60.00000     69.93000     18.30000     39.10000     0.00000     0.00000     1.80000     5.20000     0.00000     31.20000
winter     medium     medium     7.00000     10.77000     41.16300     4.40800     737.50000     55.00000     214.00000     12.32000     43.70000     3.90000     0.00000     2.20000     4.10000     6.20000     0.00000
spring     small     low     8.35000     4.90000     XXXXXXX     0.84600     153.75000     45.00000     35.20000     2.00000     0.00000     0.00000     0.00000     7.70000     0.00000     4.70000     22.10000
summer     small     medium     7.40000     11.70000     30.12500     3.73000     128.57100     67.50000     98.25000     15.60000     0.00000     0.00000     1.90000     0.00000     8.60000     13.20000     16.70000
spring     small     high     5.60000     6.00000     64.09300     4.66500     5738.33008     49.00000     91.11100     10.00000     7.60000     0.00000     2.60000     0.00000     15.00000     0.00000     2.40000
summer     small     medium     7.60000     11.30000     20.08300     1.01300     81.00000     16.83300     58.37400     68.05000     0.00000     0.00000     0.00000     0.00000     11.50000     9.90000     0.00000
winter     large     medium     8.70000     9.90000     125.60000     5.16400     239.00000     6.00000     303.33301     0.80000     54.00000     4.10000     3.00000     0.00000     8.60000     6.40000     6.80000
spring     large     low     7.80000     10.70000     70.00000     3.31800     101.25000     12.88900     101.45500     19.40000     0.00000     1.90000     6.30000     0.00000     15.90000     1.80000     0.00000
winter     medium     medium     8.40000     9.00000     57.84800     8.68800     124.36400     59.42900     45.00000     3.80000     1.40000     8.90000     1.60000     1.20000     9.20000     1.20000     0.00000
winter     large     high     8.00000     10.80000     27.40000     1.87300     122.50000     44.00000     10.75000     1.10000     50.40000     21.50000     11.50000     1.20000     11.20000     5.90000     0.00000
summer     large     low     8.87000     8.20000     XXXXXXX     0.70100     175.00000     51.11100     49.33300     23.80000     12.60000     10.40000     1.20000     2.60000     0.00000     17.70000     3.40000
spring     medium     medium     7.90000     11.80000     3.00000     1.44300     120.00000     159.50000     54.91600     24.91700     6.50000     0.00000     1.00000     2.40000     0.00000     20.40000     3.30000
winter     medium     high     8.00000     6.00000     5.88900     2.68000     217.75000     23.00000     89.62500     0.50000     1.50000     1.50000     9.40000     4.40000     5.90000     0.00000     1.90000
spring     large     high     8.00000     6.20000     12.44400     7.19500     96.83300     104.22200     186.50000     22.90000     0.00000     0.00000     0.00000     0.00000     1.90000     5.90000     0.00000
summer     medium     low     8.90000     10.60000     22.28600     2.32300     54.77800     75.87500     200.23100     4.30000     81.90000     16.20000     0.00000     0.00000     0.00000     0.00000     0.00000
spring     medium     high     6.60000     10.70000     27.23300     1.58800     380.00000     51.75000     272.22198     2.00000     82.70000     0.00000     0.00000     0.00000     0.00000     8.50000     0.00000
winter     small     low     7.80000     3.20000     85.98200     1.20800     52.20000     38.75000     111.37500     0.40000     0.00000     9.70000     2.50000     1.20000     7.50000     1.50000     1.00000
winter     small     high     7.70000     5.30000     131.39999     1.53500     102.50000     23.00000     239.00000     0.60000     0.00000     0.00000     0.00000     0.00000     4.80000     15.80000     1.90000
spring     medium     medium     7.80000     6.20000     56.71700     3.07000     21.57100     102.36400     154.12500     6.80000     7.00000     28.20000     0.00000     2.40000     2.90000     0.00000     0.00000
autumn     medium     high     7.50000     10.80000     50.00000     2.89900     371.11099     84.30000     269.66699     2.30000     1.20000     0.00000     0.00000     4.00000     1.20000     0.00000     2.90000
winter     large     low     6.40000     6.35000     34.50000     0.13000     178.57001     85.50000     39.00000     92.66700     3.30000     15.20000     0.00000     2.60000     1.20000     7.10000     0.00000
autumn     medium     medium     7.80000     10.00000     38.12500     1.92100     227.60001     261.60001     246.66701     1.50000     51.80000     2.10000     1.00000     0.00000     0.00000     3.60000     12.50000
spring     small     medium     6.60000     7.30000     48.42900     8.98400     429.20001     144.66701     279.06601     2.50000     29.70000     2.90000     20.20000     0.00000     9.00000     5.40000     0.00000
spring     small     high     8.10000     10.50000     22.35000     4.50800     25.00000     75.00000     40.00000     3.20000     14.40000     19.60000     3.70000     0.00000     19.00000     0.00000     3.90000
summer     small     high     8.70000     11.10000     XXXXXXX     3.56100     505.00000     27.50000     7.00000     28.56700     0.00000     0.00000     0.00000     3.50000     6.40000     1.00000     0.00000
autumn     small     high     8.43000     11.50000     43.00000     4.82500     723.66699     1.00000     15.00000     12.10000     1.70000     17.10000     5.40000     12.70000     0.00000     0.00000     1.40000
winter     medium     high     8.00000     6.00000     0.80000     2.44300     10.00000     4.25000     XXXXXXX     0.80000     3.60000     38.80000     0.00000     0.00000     18.70000     0.00000     0.00000
summer     medium     high     8.16000     10.80000     8.69000     1.53400     51.11100     4.00000     17.33300     XXXXXXX     64.30000     2.00000     22.00000     0.00000     1.20000     31.80000     0.00000
spring     medium     low     8.25000     7.90000     44.20500     3.44400     5.80000     166.72701     26.00000     2.80000     17.00000     21.10000     2.50000     0.00000     22.50000     0.00000     0.00000
autumn     small     high     8.10000     9.40000     11.81800     10.41600     206.53799     7.40000     16.66200     0.80000     46.90000     12.50000     2.00000     0.00000     0.00000     0.00000     7.10000
winter     medium     low     8.05000     1.50000     53.42500     0.33000     1081.66003     37.85700     16.00000     0.80000     0.00000     3.40000     3.10000     0.00000     0.00000     1.40000     0.00000
autumn     medium     medium     8.00000     9.90000     5.32600     3.90000     10.00000     54.00000     11.00000     3.00000     28.10000     14.50000     0.00000     0.00000     1.00000     4.50000     1.50000
summer     small     high     9.70000     11.21000     3.50000     0.40600     10.00000     8.69200     249.25000     XXXXXXX     2.50000     0.00000     1.70000     0.00000     0.00000     0.00000     0.00000
winter     small     medium     8.60000     9.90000     21.95000     1.51000     914.00000     143.71001     6.20000     4.90000     4.40000     7.00000     1.20000     0.00000     5.70000     0.00000     2.00000
winter     large     medium     8.30000     10.20000     74.66700     2.55000     246.36400     3.33300     115.00000     3.20000     2.80000     0.00000     1.20000     0.00000     0.00000     0.00000     0.00000
summer     large     low     8.30000     11.70000     10.20700     1.32800     60.00000     36.00000     71.00000     2.50000     19.40000     5.60000     0.00000     0.00000     20.80000     0.00000     1.90000
spring     medium     high     8.20000     10.20000     36.24800     7.16000     24064.00000     26.00000     252.50000     3.00000     0.00000     0.00000     1.00000     5.00000     5.40000     13.10000     2.40000
autumn     small     low     7.72000     13.40000     0.22200     3.33000     123.33300     55.00000     27.50000     5.23300     0.00000     0.00000     0.00000     0.00000     6.50000     2.60000     0.00000
spring     large     medium     7.93000     11.17000     42.63600     5.07800     56.36400     10.00000     14.00000     3.50000     46.20000     20.10000     21.70000     0.00000     9.20000     1.60000     5.20000
spring     small     low     8.10000     12.50000     12.00000     3.14000     27.50000     181.00000     222.28600     6.42900     18.10000     0.00000     0.00000     3.70000     4.90000     0.00000     10.20000
winter     small     medium     7.50000     10.70000     7.83800     2.16300     430.00000     26.62500     138.50000     41.00000     6.90000     0.00000     1.40000     0.00000     1.20000     12.70000     0.00000
winter     large     low     8.00000     10.29000     41.25000     5.69400     84.66700     1.00000     50.45500     1.10000     25.40000     1.60000     1.50000     0.00000     11.50000     52.50000     0.00000
winter     small     medium     7.77000     10.50000     4.57500     4.17000     486.50000     19.11100     140.51700     0.50000     24.80000     0.00000     0.00000     11.00000     0.00000     33.20000     0.00000
winter     small     medium     8.40000     11.80000     57.75000     1.72600     931.83301     87.33300     6.66700     50.22500     18.20000     36.60000     0.00000     1.40000     1.20000     17.00000     6.10000
spring     medium     high     8.60000     7.90000     14.32000     3.73400     10.00000     12.75000     326.85699     0.50000     15.50000     19.60000     1.20000     3.50000     7.30000     0.00000     6.60000
winter     small     high     8.30000     9.80000     40.02000     4.18800     96.66700     41.30000     177.62500     5.11100     13.00000     31.90000     1.00000     0.00000     1.40000     0.00000     2.40000
winter     small     high     9.10000     11.70000     55.35000     1.33500     25.83300     34.63600     13.60000     11.10000     5.90000     22.00000     6.80000     5.30000     1.20000     49.40000     1.70000
winter     medium     medium     7.60000     10.80000     13.00000     2.64000     31.33300     187.00000     304.00000     2.33800     4.10000     5.40000     3.90000     1.10000     12.40000     0.00000     18.60000
winter     large     high     9.00000     10.50000     11.08800     0.23000     92.37500     3.00000     66.75000     2.70000     3.40000     41.00000     25.90000     0.00000     2.70000     0.00000     2.70000
winter     medium     medium     8.40000     11.50000     1.45000     1.67000     37.50000     37.00000     221.27800     15.30000     16.80000     7.30000     5.00000     1.90000     9.00000     0.00000     4.90000
autumn     small     medium     7.40000     XXXXXXX     94.40500     6.04500     13.50000     151.33299     11.80000     0.30000     0.00000     1.70000     2.70000     8.30000     0.00000     0.00000     0.00000
spring     small     medium     7.90000     11.90000     7.00000     3.61700     196.00000     34.50000     276.00000     5.54400     64.90000     20.60000     2.10000     2.10000     2.10000     7.50000     0.00000
autumn     medium     high     7.20000     8.30000     39.00000     4.86000     46.20000     58.87500     58.62300     3.30000     48.30000     1.00000     19.70000     0.00000     1.70000     22.90000     0.00000
winter     medium     low     8.24000     11.00000     35.66000     1.21200     10.00000     58.22200     6.00000     16.00000     66.00000     2.60000     2.00000     0.00000     0.00000     0.00000     0.00000
spring     small     medium     7.92500     6.30000     11.00000     0.82600     83.75000     32.50000     13.20000     1.40000     14.60000     21.70000     0.00000     0.00000     3.10000     0.00000     0.00000
spring     medium     low     8.22000     10.00000     31.00000     1.65500     20.00000     24.66700     98.14300     2.00000     16.50000     26.50000     1.70000     3.70000     16.20000     2.70000     2.70000
winter     small     medium     9.10000     8.80000     10.55600     0.90000     137.27299     30.75000     61.50000     1.00000     2.10000     1.50000     1.00000     0.00000     3.90000     0.00000     0.00000
autumn     small     medium     8.56000     8.40000     10.97500     1.41500     225.00000     2.00000     197.14301     6.40000     46.60000     1.90000     1.40000     0.00000     3.50000     9.60000     1.60000
spring     medium     high     7.80000     8.90000     65.33300     6.51300     88.18200     13.00000     432.90900     0.60000     19.00000     1.20000     10.20000     1.90000     0.00000     4.70000     3.20000
spring     medium     high     7.84000     7.10000     37.60000     0.65800     578.00000     180.66701     14.00000     14.70000     42.50000     38.50000     0.00000     4.30000     0.00000     3.30000     0.00000
winter     small     high     8.00000     4.50000     79.07700     0.30800     920.00000     346.16699     52.87500     6.50000     18.10000     4.00000     0.00000     6.20000     0.00000     0.00000     2.50000
summer     medium     high     8.47000     4.40000     10.93600     4.03000     196.66701     3.22200     147.83299     3.00000     10.80000     6.00000     0.00000     0.00000     20.80000     1.20000     1.90000
autumn     medium     high     7.29000     8.10000     48.66700     7.74000     161.81799     26.60000     232.83299     XXXXXXX     0.00000     4.10000     1.40000     0.00000     0.00000     0.00000     0.00000
winter     medium     high     7.30000     10.20000     38.90200     6.54000     4073.33008     7.75000     123.33300     98.81700     0.00000     0.00000     0.00000     0.00000     0.00000     0.00000     2.40000
spring     medium     high     9.50000     10.60000     40.22600     3.82900     60.00000     2.50000     105.72700     32.00000     23.20000     0.00000     6.10000     0.00000     14.90000     0.00000     0.00000
spring     medium     high     7.50000     10.68000     4.08300     0.77000     758.75000     3.54500     3.00000     22.50000     12.20000     28.00000     3.00000     0.00000     5.00000     1.20000     0.00000
autumn     small     low     7.80000     10.50000     26.76000     9.24800     91.83300     22.20000     188.66701     2.15000     12.30000     0.00000     1.00000     0.00000     0.00000     9.90000     6.00000
autumn     medium     high     8.50000     10.70000     29.77500     6.64000     236.00000     15.60000     18.29300     0.80000     4.40000     12.40000     17.60000     2.90000     8.00000     32.90000     0.00000
autumn     medium     high     7.74000     3.60000     88.00000     2.31000     90.00000     236.39999     255.28000     53.10000     2.80000     0.00000     0.00000     1.20000     0.00000     0.00000     0.00000
spring     medium     low     7.80000     4.50000     194.75000     45.65000     32.50000     20.00000     313.60001     27.61800     0.00000     4.60000     0.00000     2.20000     28.80000     2.60000     0.00000
spring     medium     low     7.90000     10.20000     127.83300     1.87500     37.77800     44.66700     228.36400     1.20000     1.40000     0.00000     0.00000     0.00000     3.90000     0.00000     4.10000
winter     small     medium     7.09000     9.80000     100.83000     1.65100     16.20000     12.00000     75.20700     15.00000     0.00000     1.90000     7.80000     0.00000     34.30000     0.00000     0.00000
winter     medium     medium     7.60000     11.20000     94.00000     3.23500     1131.66003     16.00000     1.00000     0.80000     1.70000     15.90000     0.00000     0.00000     0.00000     0.00000     7.20000
winter     small     medium     8.30000     9.80000     34.03700     0.67300     34.33300     1.00000     277.33301     21.00000     10.30000     5.90000     16.00000     2.30000     1.40000     16.70000     0.00000
spring     medium     low     7.90000     10.50000     13.50000     2.31600     110.00000     45.90000     40.66700     3.30000     46.80000     0.00000     0.00000     1.70000     1.20000     0.00000     15.10000
autumn     large     medium     8.00000     5.80000     19.22000     1.57200     32.50000     20.66700     218.00000     3.20000     41.00000     14.60000     14.60000     0.00000     0.00000     0.00000     1.40000
winter     medium     low     7.40000     10.60000     82.85700     4.90800     27.28600     47.50000     244.00000     30.00000     0.00000     0.00000     0.00000     0.00000     9.50000     11.10000     0.00000
summer     large     high     6.60000     9.70000     73.25000     4.05300     345.45499     102.00000     320.39999     20.60000     2.20000     0.00000     0.00000     0.00000     6.70000     12.60000     1.60000
winter     medium     high     8.10000     5.70000     16.00000     0.10200     32.72700     70.00000     43.50000     93.68300     0.00000     21.70000     0.00000     0.00000     0.00000     42.40000     0.00000
autumn     small     high     8.80000     9.50000     7.61300     1.72000     103.33300     209.85699     169.00101     5.55500     66.90000     0.00000     0.00000     0.00000     0.00000     8.30000     1.20000
spring     small     medium     7.90000     12.60000     82.85200     2.80500     421.66699     136.75000     132.54601     21.90000     58.70000     0.00000     23.20000     0.00000     0.00000     18.20000     0.00000
spring     medium     high     7.90000     10.40000     63.29200     4.82000     215.71400     467.50000     127.00000     13.10000     0.00000     0.00000     0.00000     0.00000     17.90000     0.00000     0.00000
spring     small     high     8.60000     9.00000     32.30000     9.77300     76.66700     173.00000     171.27200     88.25500     16.80000     0.00000     8.80000     0.00000     1.20000     64.60000     0.00000
spring     medium     high     9.10000     10.80000     11.86700     3.97800     1990.16003     111.25000     232.89999     3.60000     74.20000     8.60000     1.70000     0.00000     0.00000     4.50000     2.90000
spring     medium     medium     7.60000     11.10000     8.00000     3.92300     60.11000     16.80000     121.00000     40.00000     8.80000     9.10000     2.50000     0.00000     0.00000     0.00000     0.00000
spring     medium     low     8.20000     6.00000     7.00000     2.30200     18.33300     221.89999     275.14301     6.90000     1.50000     0.00000     0.00000     0.00000     0.00000     5.10000     1.70000
autumn     large     low     7.30000     11.10000     31.09100     1.47000     627.27301     10.66700     142.00000     9.38400     25.50000     0.00000     0.00000     11.30000     17.80000     7.00000     7.00000
summer     small     medium     8.30000     6.10000     10.50000     0.23000     255.00000     27.66700     23.48500     11.70000     1.90000     13.20000     0.00000     2.00000     7.40000     0.00000     0.00000
spring     large     medium     8.15000     12.90000     391.50000     4.94000     153.00000     1.00000     23.00000     110.45600     4.10000     12.00000     2.20000     2.20000     2.40000     6.90000     1.70000
winter     medium     medium     8.10000     10.90000     104.81800     0.75800     118.57100     82.22200     97.58000     5.60900     0.00000     0.00000     2.10000     0.00000     5.50000     0.00000     0.00000
autumn     small     high     8.60000     7.40000     71.44400     1.22300     18.00000     50.88900     137.77800     17.49100     39.70000     0.00000     0.00000     2.70000     5.50000     0.00000     1.60000
summer     medium     medium     7.62000     7.10000     23.25000     1.51900     14.75000     102.33300     6.50000     27.50000     31.80000     1.20000     1.10000     0.00000     1.00000     0.00000     0.00000
winter     medium     medium     8.50000     7.10000     32.40000     1.71800     12.50000     159.16701     17.00000     20.80000     15.10000     72.60000     5.00000     0.00000     0.00000     8.30000     1.00000
spring     small     medium     7.60000     9.80000     59.06700     2.22000     346.66699     16.00000     262.72699     1.10000     1.10000     5.60000     12.90000     0.00000     11.30000     2.40000     0.00000
summer     large     high     8.00000     8.90000     2.93300     1.52700     103.00000     234.50000     86.99700     81.54000     3.70000     10.50000     0.00000     0.00000     1.90000     0.00000     25.60000
spring     small     high     8.40000     9.80000     82.11100     3.02000     53.84600     38.62500     19.00000     5.50000     52.40000     8.00000     0.00000     0.00000     0.00000     0.00000     0.00000
winter     large     medium     8.50000     10.10000     58.33100     3.20000     176.66701     564.59998     201.77800     XXXXXXX     1.70000     0.00000     0.00000     2.00000     44.40000     77.60000     0.00000
summer     medium     medium     6.50000     10.53000     151.83299     2.94200     137.00000     27.00000     61.60000     1.10000     4.20000     7.60000     1.00000     13.40000     0.00000     0.00000     0.00000
summer     large     medium     7.80000     3.60000     7.25000     9.71500     155.00000     267.75000     125.80000     0.60000     24.30000     2.10000     0.00000     0.00000     8.60000     0.00000     0.00000
autumn     medium     medium     8.06000     3.30000     1.54900     1.05100     32.00000     66.40000     75.33300     1.30000     4.10000     0.00000     4.00000     0.00000     0.00000     0.00000     0.00000
winter     medium     high     7.35000     8.00000     54.19000     0.67200     40.00000     48.00000     56.66700     8.15500     54.40000     11.20000     1.60000     4.60000     0.00000     0.00000     0.00000
summer     small     medium     7.30000     10.00000     2.20000     XXXXXXX     20.00000     61.25000     187.05701     0.30000     0.00000     1.70000     3.40000     1.40000     5.60000     0.00000     0.00000
winter     large     medium     8.40000     10.80000     2.11100     0.86600     109.00000     53.00000     2.50000     46.07500     1.70000     0.00000     2.10000     5.00000     1.40000     4.60000     2.30000
summer     small     high     8.20000     11.60000     49.90000     2.97800     146.66701     48.66700     21.30000     5.08300     69.90000     2.90000     4.20000     1.40000     0.00000     2.20000     3.20000
winter     medium     high     8.70000     8.20000     53.10200     2.60300     1729.00000     51.12500     351.60001     8.95700     1.40000     2.10000     3.30000     2.20000     34.20000     3.90000     0.00000
spring     small     medium     8.55000     11.30000     XXXXXXX     3.72600     82.10000     12.00000     88.50000     3.00000     14.70000     18.40000     2.40000     4.60000     4.80000     17.80000     0.00000
autumn     large     high     8.50000     9.50000     12.77800     3.24500     17.77800     13.00000     44.13600     2.86000     3.60000     6.40000     0.00000     0.00000     0.00000     0.00000     0.00000
summer     small     medium     8.50000     6.50000     95.36700     4.07100     10.00000     27.25000     81.55800     26.80000     3.40000     16.00000     1.50000     0.00000     0.00000     0.00000     1.00000
spring     medium     medium     8.50000     12.50000     60.80000     0.86000     125.33300     19.72700     122.00000     5.20000     37.30000     5.00000     5.50000     3.00000     0.00000     0.00000     0.00000
autumn     large     high     8.00000     11.30000     50.00000     2.80000     172.50000     1.33300     120.88900     31.00000     29.50000     32.80000     10.60000     0.00000     4.00000     0.00000     0.00000
summer     small     high     8.30000     12.00000     208.36400     2.30400     XXXXXXX     104.72700     3.00000     17.20000     15.10000     16.40000     0.00000     0.00000     3.10000     5.50000     4.30000
summer     medium     low     8.10000     9.80000     57.75000     1.39000     215.55600     71.00000     215.50000     2.00000     64.20000     13.20000     25.30000     2.50000     6.10000     6.80000     0.00000
summer     large     low     8.40000     9.00000     17.37500     4.45900     2082.85010     9.66700     284.00000     2.00000     0.00000     12.00000     2.60000     4.60000     8.70000     0.00000     0.00000
summer     large     medium     7.70000     7.00000     10.40000     0.69900     65.45500     20.00000     138.70000     5.20000     18.00000     5.20000     0.00000     0.00000     0.00000     0.00000     1.00000
summer     large     high     8.20000     9.90000     139.98900     2.82200     208.33299     4.00000     11.81800     3.00000     0.00000     3.10000     0.00000     0.00000     0.00000     0.00000     1.40000
autumn     large     medium     8.30000     5.50000     5.83000     1.28700     76.00000     238.20000     20.75000     XXXXXXX     1.60000     16.00000     1.20000     1.00000     0.00000     0.00000     2.20000
autumn     medium     high     8.30000     11.80000     28.33300     0.38100     27.06900     64.00000     167.89999     31.73800     2.40000     0.00000     9.00000     0.00000     8.90000     32.10000     0.00000

