1)
"","season","size","speed","mxPH","mnO2","Cl","NO3","NH4","oPO4","PO4","Chla","a1","a2","a3","a4","a5","a6","a7"
"1","autumn","large","high",7.93,9.4,49.625,5.13,103,34.636,75.904,50,29.5,12,0,0,34.2,0,0
"3","summer","medium","medium",7.09,11.1,40.02,5.33,1168,97.333,46.438,4.5,24.8,0,0,0,0,0,0
"4","winter","medium","high",8.4,10.5,65.333,6.64,461.875,61.182,79.75,16,2.2,0,5.6,0,20.8,0,1.6
"5","autumn","small","medium",8,9,5.273,2.899,132.25,26.625,108,10.5,0,16,2.1,0,7.5,4.1,1
"6","spring","small","medium",7.19,10,9,1.587,10,13,97.58,28.4,3.3,0,1.8,4,5,2.7,0
"7","summer","large","high",8.15,10.3,47.229,3.678,235,144,138.5,11.6,7.6,7.6,3.2,6.2,5.8,0,0
"8","summer","small","high",8.2,10.6,8,0.23,8,44.667,60,18.3,0,5.5,4,5.3,2.5,2,3.9
"10","winter","small","medium",7.4,9.2,4.575,1.39,46.2,144.66701,285.71399,1,17,12,1,0,0,0,0
"11","summer","small","high",8.4,3.4,87,5.078,13.5,53,6.75,4.3,19.4,0,2.6,1.7,6.4,15.8,0
"12","summer","small","low",8.5,8.1,16,1.003,5738.33008,33.8,205.875,46.075,32.1,28,2.5,1,0,0,2.1
"13","autumn","medium","high",7.74,9.6,64,1.474,84.667,564.59998,287,17.2,43.5,13.7,0,3.4,1.2,5.1,0
"14","summer","medium","medium",7.9,10.2,129.375,4.99,10,159.16701,7.654,68.05,0,6.4,3,0,27.6,4.6,6
"15","spring","small","low",7.72,9.6,51.113,1.448,208.33299,45,17,2,16.5,0,9,0,0,0,0
"17","winter","large","medium",7.78,11.3,7,1.51,66.667,61.25,75.207,1.5,46.2,28.2,5,2.2,0,6.8,0
"18","autumn","small","medium",8.07,10.4,10.556,1.873,196.66701,35.333,138.7,0.5,28.1,4.7,3.1,1.9,7.4,0,3.2
"19","summer","small","low",9,8.1,38.902,0.445,24064,48.625,277.33301,0.8,81.9,0,9.9,1.9,0,17.1,3.2
"20","summer","small","medium",8.5,10.7,5,2.822,25,60,87.125,3,15.1,1,0,4.6,18.7,0,0
"21","winter","small","medium",8.3,7.8,3.5,0.673,90,18.667,586,7.9,1.6,21.7,0,0,8.1,42.4,10.2
"22","winter","medium","high",8.3,9.2,22.455,0.735,914,15.6,72.9,0.5,3.1,8,0,0,7.7,0,0
"23","autumn","large","medium",7.75,3.3,194.75,3.351,1081.66003,151.125,130.75,7.6,23.2,7.3,1.6,7.7,1.9,0,0
"24","autumn","medium","high",7.2,9.6,50,1.715,43.75,180.66701,61.6,1.7,0,0,3.3,0,6.4,0,0
"25","spring","medium","medium",7.84,10.6,11,8.759,11.111,39,188.66701,1.4,0,4,0,0,0,0,3.4
"26","autumn","medium","medium",7.4,10.3,53.333,0.996,165,22.2,771.59998,3,50.4,0,8.8,0,5.9,10.1,0
"27","spring","small","high",8,12.9,11.867,3.02,176.66701,10.8,284,20.829,54.4,0,0,4.9,0,0,2.9
"28","autumn","small","medium",6.8,10.1,77,0.63,28.333,4.25,326.85699,75,30.3,21.1,1.7,0,2.7,11.5,0
"29","autumn","small","medium",8,9.4,38.125,3.908,12.5,36.3,120.889,0.8,31.1,22,19.6,0,0,0,1.4
"30","winter","medium","medium",6.6,7.6,187.183,0.81,120,19.727,173.75,0.5,46.8,2.7,0,0,0,16.6,3.6
"31","winter","small","medium",7.8,7.9,29.775,3.33,4073.33008,19.111,18.293,65.7,1.9,2.1,11.5,0,0,0,1.4
"32","winter","medium","low",9.1,8.6,104.818,1.172,60,13,17.333,92.667,47.1,9.6,0,0,0,11.1,2.2
"33","summer","large","high",7.3,11.4,130.67,2.304,124.167,120.5,140.22,21.22,0,0,1.9,0,2.5,0,6.1
"34","autumn","small","medium",8.4,10.7,53,6.513,3515,51.111,116.2,31.738,5.7,9.1,0,1.2,0,0,1
"35","spring","small","high",8.27,6.7,59.067,0.86,27.286,7.3,303.33301,26.8,5.3,40.7,3.3,3.5,3.4,31.8,0
"36","summer","large","medium",8.7,8.9,32.92,0.381,92,187,253.25,13,18.3,0,3,0,0,1.4,1
"37","summer","medium","high",8.8,3.2,44,1.921,178.57001,1.625,175.04601,27.618,15.8,0,18.9,0,7.3,1.5,0
"38","summer","medium","medium",7.35,7,4.545,10.416,12.727,2.5,3,1.1,12.6,1.7,0,11.5,0,0,0
"39","winter","medium","medium",8.3,9.7,11.088,3.31,65.556,196.62,170,1.1,3.6,0,0,3.7,0,0,0
"40","winter","medium","high",8.5,10.5,41.25,3.78,2082.8501,102.364,183.66701,1.1,0,0,2.5,0,0,0,1.9
"41","winter","medium","low",8,5.5,46.167,6.096,102.75,16.833,14.354,3.7,0,0,5,0,0,6.7,5.2
"42","winter","medium","high",7.91,7.1,7.25,0.941,371.11099,10.583,27.5,2.8,0,16.2,0,6.9,9.2,21.4,0
"44","spring","small","low",8.1,8.8,173.75,7.83,51.429,276.85001,122,11.84,46.9,26.5,1,0,2.9,0,2.7
"45","summer","small","medium",8.6,8.5,36.248,4.555,32.727,105,57.833,6.4,3.4,2.9,3.4,0,2.4,5.5,0
"46","winter","medium","medium",7.7,12.5,10.5,0.73,28,16.8,43.5,3.2,1.5,1.5,0,3.2,0,0,0
"47","autumn","large","medium",8,7.1,20.625,1.203,737.5,24.667,292.625,0.8,2.4,5,42.8,2.1,11.7,29.5,0
"48","autumn","small","high",7.5,6,9,2.323,72.6,71,56.091,1.2,1.2,0,0,0,4,0,0
"49","autumn","large","medium",7.9,10.3,15,3.02,239,27,84.46,1.4,9.2,0,1,1.2,0,0,0
"50","spring","small","medium",8,11.1,4.326,0.886,370,55,20.812,4.667,14.6,7.4,0,0,10.2,64.6,9.7
"51","winter","medium","medium",7.9,11.8,10.207,5.442,192.5,64.389,6,0.3,0,0,0,2.2,1.2,0,1.7
"52","winter","small","high",6.6,7.9,12.182,8.688,88.182,151.33299,186.5,3.1,24,8.7,14.6,2.2,5.4,10.3,1.1
"53","autumn","large","low",7.9,6.3,55.35,2.818,153,7.75,34,0.5,15.1,0,1.4,0,0,0,0
"54","summer","large","medium",7.2,9,6.167,0.308,18.333,75,269.66699,8.155,7.8,21.7,0,2.9,1.7,0,0
"56","winter","small","high",5.6,4.9,6.3,3.14,227.60001,39,194.10001,3,0,0,1.2,0,0,2.6,0
"59","winter","medium","high",7.8,11.7,34.037,7.74,10,2,102.333,20.8,1.4,1.9,24.8,1.3,0,0,30.1
"66","winter","large","high",7.44,11.7,5.326,2.64,15,51.125,211.66701,6.9,0,0,1.7,12.7,1.4,0,2.2
"67","summer","medium","high",8.1,10.7,3.275,1.67,112.857,84.3,10.75,53.1,10.3,2.1,1.2,0,6.5,8.7,1
"68","winter","small","medium",7,9.9,32.056,0.921,10,77.333,2.5,8.957,1.1,16.4,1.2,0,0,0,0
"69","winter","large","low",8.2,11.5,15.541,2.316,56.364,246,22.9,2.7,0,0,14,7.6,0,0,2.1
"71","summer","large","high",8.7,8.5,5.83,3.829,486.5,3.545,77.434,34.75,0,2.1,1,0,0,0,0
"72","spring","medium","high",7.7,10.5,43.09,0.663,2167.37012,7.4,232.83299,5.2,16.6,12.7,0,1.2,1.4,10.6,1.4
"73","winter","medium","high",8.43,7.7,69,1.223,10,16,105.727,0.5,14.7,72.6,0,0,0,3.9,0
"74","spring","large","high",8.5,6.2,94.405,2.603,15,136.75,304,5.2,52.2,0,0,3.4,9.5,0,14.4
"77","summer","large","high",9.06,7.3,26,1.013,217.75,58.222,116.2,54.367,64.9,0,0,1.4,0,0,1.9
"78","autumn","small","high",9.1,11.21,8.3,0.735,153.75,9,40.667,28.567,10.8,3.1,23.2,4.3,0,0,0
"79","summer","small","medium",8.1,6.1,21.95,0.658,35,2,75.333,3.6,58.7,4.6,6.8,0,2.7,0,0
"80","spring","medium","low",6.4,10.8,53.425,9.773,430,67.5,58.374,4.9,75.8,11.3,22,6.8,2.2,6.9,1.2
"82","spring","large","high",9.7,5.4,28.333,3.414,1386.25,191.75,219.909,0.8,7.2,41,10.8,0,0,0,2.2
"83","spring","medium","high",7.83,10.8,1.549,0.866,128.571,7.667,249.25,3,55.5,21.5,16,1,2.4,0,1
"84","summer","medium","medium",5.7,11.17,12.146,4.665,345.45499,27.5,11.818,2.338,2.2,4.1,0,1.8,5.2,7.5,0
"85","spring","medium","high",7.6,8.2,94,2.273,62.5,182.42,72.696,6.8,43.7,4.6,8,0,0,0,25.6
"86","winter","large","low",7.6,4.9,65.75,3.734,81,137.60001,88.5,17.2,0,8.6,1.2,0,16.2,0,22.1
"87","winter","large","medium",8.21,9,79.077,3.73,38.111,111.25,171.272,3.3,39.1,28,0,0,0,13.2,2.4
"88","winter","large","high",7.29,12.1,48.667,2.22,125.333,27.25,154.125,4.3,14.4,0,0,3.7,4.1,0,2.4
"89","summer","small","medium",6.6,9.8,53.102,1.527,172.5,100,61.5,8.1,6.7,7.5,0,0,0,0,0
"90","spring","medium","medium",7.79,11.3,125.6,4.508,60,12.75,262.72699,2,18.2,0,0,0,5.5,8.5,0
"91","spring","small","medium",7.8,8.3,77.364,3.318,54.778,64,104,19.4,1.5,3.9,6.3,6.8,15,6.2,0
"93","winter","small","high",7.14,10.77,20.083,3.685,102.5,12,132.54601,72.478,0,5.6,35.1,1.7,1.7,32.1,1.7
"94","spring","large","high",8.1,6.8,71.444,2.443,21.571,36,11.8,23.8,0,3.1,0,1.6,8.2,17,1
"95","spring","medium","medium",7.9,11.8,3,5.41,205.66701,1,125.8,2.5,1.2,0,11.8,0,0,20.4,3.3
"96","spring","small","high",8.8,10.8,31,4.053,10,467.5,141.83299,20.6,1.9,0,5.4,4.4,3.1,0,0
"97","spring","medium","high",8.5,11.7,57.75,1.42,98.333,104.222,361,81.54,0,0,0,0,0,5.1,0
"98","summer","small","low",8.06,11.3,131.39999,0.826,83.75,282.16699,4,5.555,3.7,1,7.3,28.8,35.6,0,0
"99","summer","medium","high",8.3,10.7,7,6.238,37.778,51.75,49.333,2,12.5,2.1,0,0,1,8.2,0
"100","spring","medium","medium",9.1,12.6,85.982,0.536,155,26.6,121,32,4.4,12.4,0,0,17.8,1.2,0
"101","spring","large","high",7.4,11.7,63.625,1.535,505,23,265.25,30,1.7,1.4,2.3,6.6,4.8,0,0
"102","autumn","medium","high",7.8,11.5,12.778,4.908,246.364,104.727,607.16699,12.1,5.9,1.7,0,4.6,0,1.8,4.3
"103","spring","small","medium",7.5,1.5,8.69,5.97,60.11,41.5,13.2,17.491,39.7,0,1,0,2.6,0,0
"104","winter","large","low",7.7,5.7,12.536,0.13,3466.65991,16,19,0.8,8.7,15.2,0,0,9.4,7.1,0
"105","summer","medium","medium",9.1,6,12.444,0.267,5,38.75,317,9,18.1,2,2.6,0,1.2,3.6,0
"106","autumn","medium","medium",7.8,10,48.429,6.045,429.20001,8.692,201.778,14.775,3.6,2.9,20.2,2.6,0,5.4,7
"107","autumn","small","high",8.2,10.1,73.25,1.47,58.5,55,146.452,5.62,1.9,19.6,0,1,1,0,4.1
"108","summer","medium","high",7.5,8.1,41.5,1.726,124,85.5,344.60001,5.111,23.7,0,1.9,0,0,0,0
"111","winter","medium","medium",7.4,11,63.51,8.543,51.111,32.5,197.14301,1,64.3,1.5,0,0,0,15.8,0
"112","summer","medium","high",8.1,10.5,44.205,3.444,133.636,10,26,2.8,25.4,12.7,0,1,8,0,0
"114","summer","small","low",8.1,7.1,34.5,1.875,118.571,37.857,18,1.1,14.4,1,1.4,0,0,17.7,1.2
"115","winter","medium","medium",7.5,10.2,56.717,3.9,175,20,50.455,20.578,4.2,14.5,3.3,0,1.2,4.5,16.7
"117","spring","small","high",8.2,11.62,40.167,1.718,105.556,3,6,4,0,7,1.2,1.2,3.6,22.3,2
"118","winter","small","medium",8.16,9.9,74.667,3.923,10.5,70,127.222,3.2,86.6,0,0,4,0,0,2.4
"119","autumn","medium","low",8.3,12.5,27.233,3.773,6400,102.333,432.909,24.917,11.3,20.6,3.5,0,20.8,0,0
"120","autumn","medium","high",7.7,6.5,54.19,1.651,643,1,320.39999,27.5,0,4.3,0,0,3.2,0,0
"121","spring","small","high",8.4,11.6,10.936,7.16,123.333,47.5,85.4,2,12.3,4.1,0,2.2,14.9,2.2,1.4
"124","winter","small","medium",8,11.2,7.838,2.163,34.333,36.909,127,41,13.6,3.4,4.8,0,0,16.7,0
"125","summer","large","high",8.3,9.7,2.933,5.694,10,1,7.2,15,31.8,0,0,0,8.9,4.7,0
"126","summer","small","medium",8.55,10.7,81.333,0.376,109,32,6.667,2.86,1.4,6.7,0,0,11.3,33.2,0
"127","autumn","medium","medium",7.61,11.7,31.091,5.099,225,87.333,46.6,1,1.4,36.6,0,0,0,0,1.2
"128","winter","small","high",8.6,6.9,3.136,0.846,101.25,59.429,6,0.3,0,4.6,2,2.1,5.5,17,6.6
"129","summer","large","high",8.3,9,69.75,2.954,96.667,23,177.625,13.1,0,1.9,0,2.7,0,0,0
"130","winter","medium","high",7.6,8.2,13,1.335,25.833,41.3,13.6,11.1,1.2,0,1.4,2.4,44.4,0,0
"132","autumn","medium","low",7.8,10.8,54.143,0.23,92.375,24,66.75,3.8,29.7,20.1,0,0,2.7,1.9,1.5
"133","winter","large","high",7.8,9.8,1.45,0.33,37.5,54,221.278,15.3,0,25.4,2,0,9,0,2.4
"134","autumn","large","medium",7.45,9.8,26.76,0.461,54.75,45.9,246.66701,1.3,0,1.7,0,11,1.2,0,0
"135","winter","small","high",8.7,11.9,101.875,1.534,160,1.8,276,15.6,89.8,9.7,1,0,0,0,31.2
"136","winter","medium","high",8.1,9.9,39,4.87,196,58.875,58.623,7.3,1.2,3.8,2,0,5.5,0,1.5
"137","winter","large","high",8.7,7.4,35.66,0.05,8777.59961,1,6,16,7,0,2.9,3.7,20,0,1.9
"139","summer","small","high",8.58,5.9,127.833,4.071,308.75,234.5,98.143,2,3.4,3.9,19.5,1.9,0,0,0
"140","winter","small","medium",8.5,11.6,10.4,1.732,1990.16003,30.75,143.75,0.3,6.5,2.6,0,1.1,5.3,15.7,1.4
"141","autumn","small","medium",8.1,6.2,391.5,4.698,224.286,261.60001,11,6.167,46.6,1,1.7,0,3.5,12.7,3.9
"142","summer","medium","high",7.4,10.53,208.364,6.2,931.83301,21.083,102.571,110.456,0,0,1.9,0,1.1,4.7,2.7
"143","spring","small","high",7.9,7.1,22.35,8.984,137,12.889,14,25,56.8,38.5,10.1,1.7,11.5,0,0
"144","spring","medium","high",8,10.9,60.8,5.456,920,5,85,5.8,54,1.4,0,3.9,0,0,0
"145","autumn","large","high",8.47,9.9,70,3.561,103.333,4,147.83299,2.15,41,6,0,0,0,0,31.6
"146","winter","medium","high",7.8,4.3,64.093,1.051,142,12.75,84,0.6,1.9,0,1.4,5.7,9.9,18.2,0
"147","spring","large","high",8.05,10.68,11,4.459,120,46.667,391.75,30.4,0,1.9,0,13.4,0,0,1.6
"148","spring","medium","low",8.4,3.6,40.226,0.91,31.333,2.5,214,0.4,1.7,0,0,0,1,0,0
"149","summer","medium","high",7.7,8.7,88,1.519,244.60001,48,252.5,3.3,39.7,10.5,1,2.2,0,42.7,2.7
"150","spring","medium","high",7.8,10.2,1.17,3.316,122.85,9,11.5,3.5,12.3,5.6,4.9,8.3,7.7,17.2,6
"151","winter","small","high",8.3,11,53,9.08,236,205.636,1,22.7,0,40.9,0,0,0,0,1.9
"152","winter","medium","medium",8.5,10.9,151.83299,2.31,197.909,66.4,124.2,4.5,1.2,0,9.4,0,5.7,2.4,0
"153","winter","small","high",8.5,11.8,66.3,4.86,5.8,37,3,3.9,2.4,0,0,0,7.5,5.5,0
"154","spring","medium","low",7.62,12,8,3.245,49,267.75,142,12.32,1.4,0,3.7,5,3.9,6.4,0
"155","summer","medium","high",8,9.2,100.83,2.55,101,209.85699,255.28,1.3,17.1,0,21.9,1.2,34.3,0,0
"156","spring","small","high",7.9,11.7,49.9,3.235,134,102,272.22198,3,10.3,8.9,21.7,1.7,0,8.3,0
"157","spring","medium","low",7.6,11.8,37.6,3.765,170.909,48.667,236,18.37,51.8,3.4,0,4.6,8.7,0,0
"159","winter","large","low",8.1,10.6,19.22,1.655,96.833,20.667,54.916,14.7,6.9,0,7,1,15.3,0,0
"160","winter","small","low",6.5,10.5,30.125,0.406,271.25,61.556,167.89999,6.5,12.7,0,7.5,0,0,0,0
"161","winter","medium","low",8.6,10.29,4.7,1.572,43.75,8.6,10.111,0.9,1.7,0,1.5,0,6.7,0,1.9
"162","spring","small","medium",8.1,4.8,30.523,0.102,96.667,62.625,624.73297,93.683,0,0,0,1.4,0,3.1,12.5
"163","summer","large","low",8.4,8.8,4.083,2.586,103.333,53.625,213,0.2,24.8,0,13.6,0,0,0,1.7
"164","spring","medium","high",8.3,11.1,17.375,5.414,758.75,109,233.5,21.9,0,16,2.1,5,8.6,0,0
"165","summer","large","high",7.4,3.2,16,4.82,32.5,34.5,16,22.5,18.1,1.7,13.5,0,17.9,0,4.2
"166","autumn","small","high",9.5,9.5,43.97,1.328,33.636,16,169.00101,0.5,64.2,0,4.1,0,6.6,12.4,0
"167","spring","large","low",8.53,10,10.078,1.588,137.27299,10.667,232.89999,3.6,74.2,11.2,2.9,0,3.1,1.2,2.9
"168","summer","medium","medium",8,10.5,27.4,1.443,1131.66003,3.8,313.60001,40,0,0,2.5,0,1.2,0,2.2
"169","winter","small","low",8.2,5.3,82.111,3.617,130,221.89999,40,5.233,0,0,0,0,9,7,10.8
"170","autumn","large","medium",8.9,10.8,22.286,4.93,627.27301,57.6,19,0.3,12.2,53.6,5.5,0,8.6,52.5,0
"171","winter","small","medium",8.24,9.4,95.367,9.715,27.5,82.222,69.93,3,69.9,13.2,25.9,2,1.4,9.9,0
"172","autumn","medium","medium",7.5,4.4,47.778,0.701,32.5,346.16699,15,6.8,16.8,21.5,8.8,0,0,5.9,0
"173","autumn","small","high",8.2,4.5,26,2.942,124.364,27.667,186,5.609,3.3,11.6,6.6,0,15.9,0,0
"174","spring","medium","medium",8,6.6,12,2.512,101.667,50.889,137.778,5.5,25.5,0,0,4.1,0,0,2.1
"175","summer","medium","low",7.4,5.3,5.889,4.94,89.6,197.83299,7,2,42.5,1.2,1.1,0,19,0,0
"176","spring","medium","high",8.06,6.35,43,1.415,380,3.333,11,7.3,32.5,5.8,3.7,1,0,8.3,1.9
"177","autumn","medium","low",8.4,9.8,39,5.132,53.846,173,200.231,6.209,0,31.9,12.9,4.3,11.3,0,1
"178","spring","medium","high",7.83,9.3,7.613,2.67,12.5,54.1,152.33299,22.9,0,12.7,0,0,4.9,0,1.2
"179","winter","large","medium",7.3,1.8,32.54,7.195,49.5,38.625,50,5.083,52.4,8,4.7,2.4,13.3,0,1.4
"180","spring","medium","high",9,8.9,58.331,3.976,91.833,3.222,52.875,98.817,48.3,0,1.2,0,1.4,1.2,1.4
"182","summer","large","medium",8.1,9.9,63.292,4.03,42,175.66701,71,10,1.4,5,0,0,9.2,1.4,0
"183","winter","small","high",7.6,10.1,7,0.9,98.182,49,351.60001,11.7,17.3,4.1,19.7,0,4.1,0,3.9
"184","spring","large","low",8.25,9.5,9.055,0.825,40,16,56.667,1,33.9,12,0,1.9,19.7,0,2.3
"185","summer","small","medium",7.9,9.8,2.2,0.699,131.66701,22.444,187.05701,4.5,17,0,0,0,5.6,0,3.2
"186","winter","small","high",8.4,10.8,2.75,3.726,421.66699,44,89.625,9.384,32.8,0,0,3.5,2.1,32.9,2.9
"187","autumn","small","medium",6.6,12.1,3.86,6.225,346.66699,132.5,21.3,0.8,3.3,0,0,0,22.1,77.6,0
"188","winter","medium","medium",7.9,8.2,32.4,2.805,1729,1.333,82.444,22.5,13,5.9,0,2.2,8.6,0,2.5
"189","spring","small","high",8,9.8,13.5,3.14,82.1,51.111,47,21,2.5,0,2.4,1.4,4.8,5.9,0
"190","autumn","large","medium",8.66,6,17.75,4.535,17.778,4,45,20.87,0,17.1,10.3,0,0,0,0
"191","spring","medium","high",8.1,11.4,82.852,4.825,578,6,81.558,0.8,1.1,0,0,0,0,0,5.9
"192","summer","medium","high",8.56,5.8,57.75,1.374,18.429,12,279.06601,50.225,3.3,32.8,2.1,0,6.6,0,1.4
"193","spring","small","high",8.35,11.3,7.333,6.54,10,72,228.364,88.255,4.1,0,0,0,0,42.1,0
"194","spring","medium","medium",8.1,11.1,0.222,3.978,146.66701,236.39999,91.111,13.1,0,14.7,1.2,0,4,1.5,0
"195","winter","medium","medium",8.7,10.8,139.989,1.72,14.75,19.111,215.5,2,18.9,13.2,10.2,0,6.1,6.8,6.8
"197","summer","small","medium",8,11.8,50,2.302,65.455,20,296,0.8,18,0,0,2.3,10.6,4.5,0
"198","autumn","large","medium",8.22,9.7,29.5,2.68,215.556,27,239,1.3,19,10.4,0,3.5,2.9,0,0
"200","autumn","medium","medium",7.3,6,47,2.8,27.069,159.5,140.517,5.544,8.8,0,7.8,0,0,0,5.8
2)
"","x"
"1",55
"2",76
"3",113
3)
"","season","size","speed","mxPH","mnO2","Cl","NO3","NH4","oPO4","PO4","Chla","a1","a2","a3","a4","a5","a6","a7"
"1","autumn","large","high",7.93,9.4,49.625,5.13,103,34.636,75.904,50,29.5,12,0,0,34.2,0,0
"2","autumn","small","high",8.3,8.4,61.05,1.288,245,40.15,558.75,18.33,35.5,15.7,4.1,2,8,0,1.9
"3","summer","medium","medium",7.09,11.1,40.02,5.33,1168,97.333,46.438,4.5,24.8,0,0,0,0,0,0
"4","winter","medium","high",8.4,10.5,65.333,6.64,461.875,61.182,79.75,16,2.2,0,5.6,0,20.8,0,1.6
"5","autumn","small","medium",8,9,5.273,2.899,132.25,26.625,108,10.5,0,16,2.1,0,7.5,4.1,1
"6","spring","small","medium",7.19,10,9,1.587,10,13,97.58,28.4,3.3,0,1.8,4,5,2.7,0
"7","summer","large","high",8.15,10.3,47.229,3.678,235,144,138.5,11.6,7.6,7.6,3.2,6.2,5.8,0,0
"8","summer","small","high",8.2,10.6,8,0.23,8,44.667,60,18.3,0,5.5,4,5.3,2.5,2,3.9
"9","summer","small","medium",8.7,11,32.73,1.32,16.2,26,123.333,0.6,50.6,0,1.7,0,0,0,0
"10","winter","small","medium",7.4,9.2,4.575,1.39,46.2,144.66701,285.71399,1,17,12,1,0,0,0,0
"11","summer","small","high",8.4,3.4,87,5.078,13.5,53,6.75,4.3,19.4,0,2.6,1.7,6.4,15.8,0
"12","summer","small","low",8.5,8.1,16,1.003,5738.33008,33.8,205.875,46.075,32.1,28,2.5,1,0,0,2.1
"13","autumn","medium","high",7.74,9.6,64,1.474,84.667,564.59998,287,17.2,43.5,13.7,0,3.4,1.2,5.1,0
"14","summer","medium","medium",7.9,10.2,129.375,4.99,10,159.16701,7.654,68.05,0,6.4,3,0,27.6,4.6,6
"15","spring","small","low",7.72,9.6,51.113,1.448,208.33299,45,17,2,16.5,0,9,0,0,0,0
"16","autumn","small","high",7.55,3.6,32.73,3.07,647.57001,220.75,98.25,9.882,24.3,0,0,5,28.8,9.9,0
"17","winter","large","medium",7.78,11.3,7,1.51,66.667,61.25,75.207,1.5,46.2,28.2,5,2.2,0,6.8,0
"18","autumn","small","medium",8.07,10.4,10.556,1.873,196.66701,35.333,138.7,0.5,28.1,4.7,3.1,1.9,7.4,0,3.2
"19","summer","small","low",9,8.1,38.902,0.445,24064,48.625,277.33301,0.8,81.9,0,9.9,1.9,0,17.1,3.2
"20","summer","small","medium",8.5,10.7,5,2.822,25,60,87.125,3,15.1,1,0,4.6,18.7,0,0
"21","winter","small","medium",8.3,7.8,3.5,0.673,90,18.667,586,7.9,1.6,21.7,0,0,8.1,42.4,10.2
"22","winter","medium","high",8.3,9.2,22.455,0.735,914,15.6,72.9,0.5,3.1,8,0,0,7.7,0,0
"23","autumn","large","medium",7.75,3.3,194.75,3.351,1081.66003,151.125,130.75,7.6,23.2,7.3,1.6,7.7,1.9,0,0
"24","autumn","medium","high",7.2,9.6,50,1.715,43.75,180.66701,61.6,1.7,0,0,3.3,0,6.4,0,0
"25","spring","medium","medium",7.84,10.6,11,8.759,11.111,39,188.66701,1.4,0,4,0,0,0,0,3.4
"26","autumn","medium","medium",7.4,10.3,53.333,0.996,165,22.2,771.59998,3,50.4,0,8.8,0,5.9,10.1,0
"27","spring","small","high",8,12.9,11.867,3.02,176.66701,10.8,284,20.829,54.4,0,0,4.9,0,0,2.9
"28","autumn","small","medium",6.8,10.1,77,0.63,28.333,4.25,326.85699,75,30.3,21.1,1.7,0,2.7,11.5,0
"29","autumn","small","medium",8,9.4,38.125,3.908,12.5,36.3,120.889,0.8,31.1,22,19.6,0,0,0,1.4
"30","winter","medium","medium",6.6,7.6,187.183,0.81,120,19.727,173.75,0.5,46.8,2.7,0,0,0,16.6,3.6
"31","winter","small","medium",7.8,7.9,29.775,3.33,4073.33008,19.111,18.293,65.7,1.9,2.1,11.5,0,0,0,1.4
"32","winter","medium","low",9.1,8.6,104.818,1.172,60,13,17.333,92.667,47.1,9.6,0,0,0,11.1,2.2
"33","summer","large","high",7.3,11.4,130.67,2.304,124.167,120.5,140.22,21.22,0,0,1.9,0,2.5,0,6.1
"34","autumn","small","medium",8.4,10.7,53,6.513,3515,51.111,116.2,31.738,5.7,9.1,0,1.2,0,0,1
"35","spring","small","high",8.27,6.7,59.067,0.86,27.286,7.3,303.33301,26.8,5.3,40.7,3.3,3.5,3.4,31.8,0
"36","summer","large","medium",8.7,8.9,32.92,0.381,92,187,253.25,13,18.3,0,3,0,0,1.4,1
"37","summer","medium","high",8.8,3.2,44,1.921,178.57001,1.625,175.04601,27.618,15.8,0,18.9,0,7.3,1.5,0
"38","summer","medium","medium",7.35,7,4.545,10.416,12.727,2.5,3,1.1,12.6,1.7,0,11.5,0,0,0
"39","winter","medium","medium",8.3,9.7,11.088,3.31,65.556,196.62,170,1.1,3.6,0,0,3.7,0,0,0
"40","winter","medium","high",8.5,10.5,41.25,3.78,2082.8501,102.364,183.66701,1.1,0,0,2.5,0,0,0,1.9
"41","winter","medium","low",8,5.5,46.167,6.096,102.75,16.833,14.354,3.7,0,0,5,0,0,6.7,5.2
"42","winter","medium","high",7.91,7.1,7.25,0.941,371.11099,10.583,27.5,2.8,0,16.2,0,6.9,9.2,21.4,0
"43","spring","medium","low",8.3,9.8,10.975,4.188,76,2,101.455,5.475,66.9,0,7.5,0,12.4,0,0
"44","spring","small","low",8.1,8.8,173.75,7.83,51.429,276.85001,122,11.84,46.9,26.5,1,0,2.9,0,2.7
"45","summer","small","medium",8.6,8.5,36.248,4.555,32.727,105,57.833,6.4,3.4,2.9,3.4,0,2.4,5.5,0
"46","winter","medium","medium",7.7,12.5,10.5,0.73,28,16.8,43.5,3.2,1.5,1.5,0,3.2,0,0,0
"47","autumn","large","medium",8,7.1,20.625,1.203,737.5,24.667,292.625,0.8,2.4,5,42.8,2.1,11.7,29.5,0
"48","autumn","small","high",7.5,6,9,2.323,72.6,71,56.091,1.2,1.2,0,0,0,4,0,0
"49","autumn","large","medium",7.9,10.3,15,3.02,239,27,84.46,1.4,9.2,0,1,1.2,0,0,0
"50","spring","small","medium",8,11.1,4.326,0.886,370,55,20.812,4.667,14.6,7.4,0,0,10.2,64.6,9.7
"51","winter","medium","medium",7.9,11.8,10.207,5.442,192.5,64.389,6,0.3,0,0,0,2.2,1.2,0,1.7
"52","winter","small","high",6.6,7.9,12.182,8.688,88.182,151.33299,186.5,3.1,24,8.7,14.6,2.2,5.4,10.3,1.1
"53","autumn","large","low",7.9,6.3,55.35,2.818,153,7.75,34,0.5,15.1,0,1.4,0,0,0,0
"54","summer","large","medium",7.2,9,6.167,0.308,18.333,75,269.66699,8.155,7.8,21.7,0,2.9,1.7,0,0
"55","spring","medium","medium",8.84,9.5,32.73,1.212,20,428.75,6.5,5.475,9.2,7,2.4,3,0,0,0
"56","winter","small","high",5.6,4.9,6.3,3.14,227.60001,39,194.10001,3,0,0,1.2,0,0,2.6,0
"57","autumn","small","high",8.2,7.7,57.848,1.32,1495,37.375,14,5.475,3.8,0,0,2.5,0,2.6,7.2
"58","summer","small","medium",8.6,10.6,32.73,0.642,22.5,14.667,86.997,2.9,15.5,5.4,2.7,0,0,0,0
"59","winter","medium","high",7.8,11.7,34.037,7.74,10,2,102.333,20.8,1.4,1.9,24.8,1.3,0,0,30.1
"60","autumn","medium","medium",8,6.5,32.73,2.231,215.714,1,388.16699,2.1,16.8,1.6,22.9,0,1.9,22.9,0
"61","spring","small","medium",8.6,8,32.73,3.2,46.5,264.89999,235.66701,2.5,0,5.4,1.4,0,0,0,0
"62","winter","small","medium",8.15,10.4,29.2,0.77,18,40.15,56.667,3,37.3,1.2,3.9,0,6.1,9.6,1.2
"63","spring","medium","medium",7.6,13.1,45.273,1.208,103.1665,28.625,111.75,2.1,2.8,0,0,0,0,1.4,0
"64","autumn","large","high",7.8,11.1,41.163,4.17,1911,60.833,76.333,5.475,20.3,0,6.1,0,1.2,0,1.4
"65","spring","large","medium",8.06,8.4,82.857,0.672,40,104.5,111.375,0.6,1.6,0,7.8,44.6,0,0,6.1
"66","winter","large","high",7.44,11.7,5.326,2.64,15,51.125,211.66701,6.9,0,0,1.7,12.7,1.4,0,2.2
"67","summer","medium","high",8.1,10.7,3.275,1.67,112.857,84.3,10.75,53.1,10.3,2.1,1.2,0,6.5,8.7,1
"68","winter","small","medium",7,9.9,32.056,0.921,10,77.333,2.5,8.957,1.1,16.4,1.2,0,0,0,0
"69","winter","large","low",8.2,11.5,15.541,2.316,56.364,246,22.9,2.7,0,0,14,7.6,0,0,2.1
"70","winter","small","high",7.9,7.6,39.109,6.188,52.2,412.33301,275.14301,5.475,1.7,4.9,1,0,0,7.9,7.8
"71","summer","large","high",8.7,8.5,5.83,3.829,486.5,3.545,77.434,34.75,0,2.1,1,0,0,0,0
"72","spring","medium","high",7.7,10.5,43.09,0.663,2167.37012,7.4,232.83299,5.2,16.6,12.7,0,1.2,1.4,10.6,1.4
"73","winter","medium","high",8.43,7.7,69,1.223,10,16,105.727,0.5,14.7,72.6,0,0,0,3.9,0
"74","spring","large","high",8.5,6.2,94.405,2.603,15,136.75,304,5.2,52.2,0,0,3.4,9.5,0,14.4
"75","winter","medium","high",8.5,8.3,32.3,3.833,122.5,75.875,23.485,5.475,2.4,0,17.6,0,11.5,0,1
"76","spring","medium","medium",8.7,9.4,35.75,5.164,103.1665,6.5,39,5.475,2.2,19.6,0,1,0,17.8,0
"77","summer","large","high",9.06,7.3,26,1.013,217.75,58.222,116.2,54.367,64.9,0,0,1.4,0,0,1.9
"78","autumn","small","high",9.1,11.21,8.3,0.735,153.75,9,40.667,28.567,10.8,3.1,23.2,4.3,0,0,0
"79","summer","small","medium",8.1,6.1,21.95,0.658,35,2,75.333,3.6,58.7,4.6,6.8,0,2.7,0,0
"80","spring","medium","low",6.4,10.8,53.425,9.773,430,67.5,58.374,4.9,75.8,11.3,22,6.8,2.2,6.9,1.2
"81","winter","medium","medium",8.7,6.3,32.73,3.778,233.7,31.333,61.444,31,2.1,14.6,0,4.6,0,1.5,2.7
"82","spring","large","high",9.7,5.4,28.333,3.414,1386.25,191.75,219.909,0.8,7.2,41,10.8,0,0,0,2.2
"83","spring","medium","high",7.83,10.8,1.549,0.866,128.571,7.667,249.25,3,55.5,21.5,16,1,2.4,0,1
"84","summer","medium","medium",5.7,11.17,12.146,4.665,345.45499,27.5,11.818,2.338,2.2,4.1,0,1.8,5.2,7.5,0
"85","spring","medium","high",7.6,8.2,94,2.273,62.5,182.42,72.696,6.8,43.7,4.6,8,0,0,0,25.6
"86","winter","large","low",7.6,4.9,65.75,3.734,81,137.60001,88.5,17.2,0,8.6,1.2,0,16.2,0,22.1
"87","winter","large","medium",8.21,9,79.077,3.73,38.111,111.25,171.272,3.3,39.1,28,0,0,0,13.2,2.4
"88","winter","large","high",7.29,12.1,48.667,2.22,125.333,27.25,154.125,4.3,14.4,0,0,3.7,4.1,0,2.4
"89","summer","small","medium",6.6,9.8,53.102,1.527,172.5,100,61.5,8.1,6.7,7.5,0,0,0,0,0
"90","spring","medium","medium",7.79,11.3,125.6,4.508,60,12.75,262.72699,2,18.2,0,0,0,5.5,8.5,0
"91","spring","small","medium",7.8,8.3,77.364,3.318,54.778,64,104,19.4,1.5,3.9,6.3,6.8,15,6.2,0
"92","winter","medium","low",7.57,4.5,23.825,5.099,228.75,125.667,103.2855,2,4.1,0,1.6,7.8,0,0,0
"93","winter","small","high",7.14,10.77,20.083,3.685,102.5,12,132.54601,72.478,0,5.6,35.1,1.7,1.7,32.1,1.7
"94","spring","large","high",8.1,6.8,71.444,2.443,21.571,36,11.8,23.8,0,3.1,0,1.6,8.2,17,1
"95","spring","medium","medium",7.9,11.8,3,5.41,205.66701,1,125.8,2.5,1.2,0,11.8,0,0,20.4,3.3
"96","spring","small","high",8.8,10.8,31,4.053,10,467.5,141.83299,20.6,1.9,0,5.4,4.4,3.1,0,0
"97","spring","medium","high",8.5,11.7,57.75,1.42,98.333,104.222,361,81.54,0,0,0,0,0,5.1,0
"98","summer","small","low",8.06,11.3,131.39999,0.826,83.75,282.16699,4,5.555,3.7,1,7.3,28.8,35.6,0,0
"99","summer","medium","high",8.3,10.7,7,6.238,37.778,51.75,49.333,2,12.5,2.1,0,0,1,8.2,0
"100","spring","medium","medium",9.1,12.6,85.982,0.536,155,26.6,121,32,4.4,12.4,0,0,17.8,1.2,0
"101","spring","large","high",7.4,11.7,63.625,1.535,505,23,265.25,30,1.7,1.4,2.3,6.6,4.8,0,0
"102","autumn","medium","high",7.8,11.5,12.778,4.908,246.364,104.727,607.16699,12.1,5.9,1.7,0,4.6,0,1.8,4.3
"103","spring","small","medium",7.5,1.5,8.69,5.97,60.11,41.5,13.2,17.491,39.7,0,1,0,2.6,0,0
"104","winter","large","low",7.7,5.7,12.536,0.13,3466.65991,16,19,0.8,8.7,15.2,0,0,9.4,7.1,0
"105","summer","medium","medium",9.1,6,12.444,0.267,5,38.75,317,9,18.1,2,2.6,0,1.2,3.6,0
"106","autumn","medium","medium",7.8,10,48.429,6.045,429.20001,8.692,201.778,14.775,3.6,2.9,20.2,2.6,0,5.4,7
"107","autumn","small","high",8.2,10.1,73.25,1.47,58.5,55,146.452,5.62,1.9,19.6,0,1,1,0,4.1
"108","summer","medium","high",7.5,8.1,41.5,1.726,124,85.5,344.60001,5.111,23.7,0,1.9,0,0,0,0
"109","autumn","medium","medium",8.43,10.7,23.25,2.675,723.66699,18.25,23,13.2,3.4,0,0,11.3,1.2,49.4,0
"110","winter","medium","high",8.3,13.4,0.8,0.923,32,181,103.2855,24.556,82.7,3.8,1.2,0,0,0,2.4
"111","winter","medium","medium",7.4,11,63.51,8.543,51.111,32.5,197.14301,1,64.3,1.5,0,0,0,15.8,0
"112","summer","medium","high",8.1,10.5,44.205,3.444,133.636,10,26,2.8,25.4,12.7,0,1,8,0,0
"113","winter","medium","medium",8.87,9.8,11.818,2.675,206.53799,78.333,16.662,5.45,4,21.6,2.2,0,1.2,1.6,7.1
"114","summer","small","low",8.1,7.1,34.5,1.875,118.571,37.857,18,1.1,14.4,1,1.4,0,0,17.7,1.2
"115","winter","medium","medium",7.5,10.2,56.717,3.9,175,20,50.455,20.578,4.2,14.5,3.3,0,1.2,4.5,16.7
"116","spring","small","low",7.3,6.2,22.32,1.87,10,12.75,244,5.475,2,12.5,2,2.4,0,0,1.7
"117","spring","small","high",8.2,11.62,40.167,1.718,105.556,3,6,4,0,7,1.2,1.2,3.6,22.3,2
"118","winter","small","medium",8.16,9.9,74.667,3.923,10.5,70,127.222,3.2,86.6,0,0,4,0,0,2.4
"119","autumn","medium","low",8.3,12.5,27.233,3.773,6400,102.333,432.909,24.917,11.3,20.6,3.5,0,20.8,0,0
"120","autumn","medium","high",7.7,6.5,54.19,1.651,643,1,320.39999,27.5,0,4.3,0,0,3.2,0,0
"121","spring","small","high",8.4,11.6,10.936,7.16,123.333,47.5,85.4,2,12.3,4.1,0,2.2,14.9,2.2,1.4
"122","winter","medium","low",8.5,10.7,42.636,1.287,20,166.72701,44.136,5.475,2.9,4.3,10.6,0,0,1.6,0
"123","winter","small","medium",8.3,8.8,32.73,3.85,20,9.667,222.286,6.429,0,0,4.2,0,0,1,3.3
"124","winter","small","medium",8,11.2,7.838,2.163,34.333,36.909,127,41,13.6,3.4,4.8,0,0,16.7,0
"125","summer","large","high",8.3,9.7,2.933,5.694,10,1,7.2,15,31.8,0,0,0,8.9,4.7,0
"126","summer","small","medium",8.55,10.7,81.333,0.376,109,32,6.667,2.86,1.4,6.7,0,0,11.3,33.2,0
"127","autumn","medium","medium",7.61,11.7,31.091,5.099,225,87.333,46.6,1,1.4,36.6,0,0,0,0,1.2
"128","winter","small","high",8.6,6.9,3.136,0.846,101.25,59.429,6,0.3,0,4.6,2,2.1,5.5,17,6.6
"129","summer","large","high",8.3,9,69.75,2.954,96.667,23,177.625,13.1,0,1.9,0,2.7,0,0,0
"130","winter","medium","high",7.6,8.2,13,1.335,25.833,41.3,13.6,11.1,1.2,0,1.4,2.4,44.4,0,0
"131","spring","large","medium",7.6,10.2,14.32,2.102,161.81799,1.25,218,5.475,2.5,38.8,25.3,2.6,3.9,0,18.6
"132","autumn","medium","low",7.8,10.8,54.143,0.23,92.375,24,66.75,3.8,29.7,20.1,0,0,2.7,1.9,1.5
"133","winter","large","high",7.8,9.8,1.45,0.33,37.5,54,221.278,15.3,0,25.4,2,0,9,0,2.4
"134","autumn","large","medium",7.45,9.8,26.76,0.461,54.75,45.9,246.66701,1.3,0,1.7,0,11,1.2,0,0
"135","winter","small","high",8.7,11.9,101.875,1.534,160,1.8,276,15.6,89.8,9.7,1,0,0,0,31.2
"136","winter","medium","high",8.1,9.9,39,4.87,196,58.875,58.623,7.3,1.2,3.8,2,0,5.5,0,1.5
"137","winter","large","high",8.7,7.4,35.66,0.05,8777.59961,1,6,16,7,0,2.9,3.7,20,0,1.9
"138","winter","medium","low",7.77,8.4,32.73,2.978,34,143.71001,115,3.2,2.2,0,1,0,0,12.6,5.5
"139","summer","small","high",8.58,5.9,127.833,4.071,308.75,234.5,98.143,2,3.4,3.9,19.5,1.9,0,0,0
"140","winter","small","medium",8.5,11.6,10.4,1.732,1990.16003,30.75,143.75,0.3,6.5,2.6,0,1.1,5.3,15.7,1.4
"141","autumn","small","medium",8.1,6.2,391.5,4.698,224.286,261.60001,11,6.167,46.6,1,1.7,0,3.5,12.7,3.9
"142","summer","medium","high",7.4,10.53,208.364,6.2,931.83301,21.083,102.571,110.456,0,0,1.9,0,1.1,4.7,2.7
"143","spring","small","high",7.9,7.1,22.35,8.984,137,12.889,14,25,56.8,38.5,10.1,1.7,11.5,0,0
"144","spring","medium","high",8,10.9,60.8,5.456,920,5,85,5.8,54,1.4,0,3.9,0,0,0
"145","autumn","large","high",8.47,9.9,70,3.561,103.333,4,147.83299,2.15,41,6,0,0,0,0,31.6
"146","winter","medium","high",7.8,4.3,64.093,1.051,142,12.75,84,0.6,1.9,0,1.4,5.7,9.9,18.2,0
"147","spring","large","high",8.05,10.68,11,4.459,120,46.667,391.75,30.4,0,1.9,0,13.4,0,0,1.6
"148","spring","medium","low",8.4,3.6,40.226,0.91,31.333,2.5,214,0.4,1.7,0,0,0,1,0,0
"149","summer","medium","high",7.7,8.7,88,1.519,244.60001,48,252.5,3.3,39.7,10.5,1,2.2,0,42.7,2.7
"150","spring","medium","high",7.8,10.2,1.17,3.316,122.85,9,11.5,3.5,12.3,5.6,4.9,8.3,7.7,17.2,6
"151","winter","small","high",8.3,11,53,9.08,236,205.636,1,22.7,0,40.9,0,0,0,0,1.9
"152","winter","medium","medium",8.5,10.9,151.83299,2.31,197.909,66.4,124.2,4.5,1.2,0,9.4,0,5.7,2.4,0
"153","winter","small","high",8.5,11.8,66.3,4.86,5.8,37,3,3.9,2.4,0,0,0,7.5,5.5,0
"154","spring","medium","low",7.62,12,8,3.245,49,267.75,142,12.32,1.4,0,3.7,5,3.9,6.4,0
"155","summer","medium","high",8,9.2,100.83,2.55,101,209.85699,255.28,1.3,17.1,0,21.9,1.2,34.3,0,0
"156","spring","small","high",7.9,11.7,49.9,3.235,134,102,272.22198,3,10.3,8.9,21.7,1.7,0,8.3,0
"157","spring","medium","low",7.6,11.8,37.6,3.765,170.909,48.667,236,18.37,51.8,3.4,0,4.6,8.7,0,0
"158","spring","medium","low",7.925,10.5,136,9.248,110,25.167,35.2,5.475,2.8,5.2,3.9,4.8,11.2,13.1,15.1
"159","winter","large","low",8.1,10.6,19.22,1.655,96.833,20.667,54.916,14.7,6.9,0,7,1,15.3,0,0
"160","winter","small","low",6.5,10.5,30.125,0.406,271.25,61.556,167.89999,6.5,12.7,0,7.5,0,0,0,0
"161","winter","medium","low",8.6,10.29,4.7,1.572,43.75,8.6,10.111,0.9,1.7,0,1.5,0,6.7,0,1.9
"162","spring","small","medium",8.1,4.8,30.523,0.102,96.667,62.625,624.73297,93.683,0,0,0,1.4,0,3.1,12.5
"163","summer","large","low",8.4,8.8,4.083,2.586,103.333,53.625,213,0.2,24.8,0,13.6,0,0,0,1.7
"164","spring","medium","high",8.3,11.1,17.375,5.414,758.75,109,233.5,21.9,0,16,2.1,5,8.6,0,0
"165","summer","large","high",7.4,3.2,16,4.82,32.5,34.5,16,22.5,18.1,1.7,13.5,0,17.9,0,4.2
"166","autumn","small","high",9.5,9.5,43.97,1.328,33.636,16,169.00101,0.5,64.2,0,4.1,0,6.6,12.4,0
"167","spring","large","low",8.53,10,10.078,1.588,137.27299,10.667,232.89999,3.6,74.2,11.2,2.9,0,3.1,1.2,2.9
"168","summer","medium","medium",8,10.5,27.4,1.443,1131.66003,3.8,313.60001,40,0,0,2.5,0,1.2,0,2.2
"169","winter","small","low",8.2,5.3,82.111,3.617,130,221.89999,40,5.233,0,0,0,0,9,7,10.8
"170","autumn","large","medium",8.9,10.8,22.286,4.93,627.27301,57.6,19,0.3,12.2,53.6,5.5,0,8.6,52.5,0
"171","winter","small","medium",8.24,9.4,95.367,9.715,27.5,82.222,69.93,3,69.9,13.2,25.9,2,1.4,9.9,0
"172","autumn","medium","medium",7.5,4.4,47.778,0.701,32.5,346.16699,15,6.8,16.8,21.5,8.8,0,0,5.9,0
"173","autumn","small","high",8.2,4.5,26,2.942,124.364,27.667,186,5.609,3.3,11.6,6.6,0,15.9,0,0
"174","spring","medium","medium",8,6.6,12,2.512,101.667,50.889,137.778,5.5,25.5,0,0,4.1,0,0,2.1
"175","summer","medium","low",7.4,5.3,5.889,4.94,89.6,197.83299,7,2,42.5,1.2,1.1,0,19,0,0
"176","spring","medium","high",8.06,6.35,43,1.415,380,3.333,11,7.3,32.5,5.8,3.7,1,0,8.3,1.9
"177","autumn","medium","low",8.4,9.8,39,5.132,53.846,173,200.231,6.209,0,31.9,12.9,4.3,11.3,0,1
"178","spring","medium","high",7.83,9.3,7.613,2.67,12.5,54.1,152.33299,22.9,0,12.7,0,0,4.9,0,1.2
"179","winter","large","medium",7.3,1.8,32.54,7.195,49.5,38.625,50,5.083,52.4,8,4.7,2.4,13.3,0,1.4
"180","spring","medium","high",9,8.9,58.331,3.976,91.833,3.222,52.875,98.817,48.3,0,1.2,0,1.4,1.2,1.4
"181","summer","large","medium",7.8,9.8,9,0.758,255,4,6.2,4.3,4.1,18.4,1,0,0,3.3,0
"182","summer","large","medium",8.1,9.9,63.292,4.03,42,175.66701,71,10,1.4,5,0,0,9.2,1.4,0
"183","winter","small","high",7.6,10.1,7,0.9,98.182,49,351.60001,11.7,17.3,4.1,19.7,0,4.1,0,3.9
"184","spring","large","low",8.25,9.5,9.055,0.825,40,16,56.667,1,33.9,12,0,1.9,19.7,0,2.3
"185","summer","small","medium",7.9,9.8,2.2,0.699,131.66701,22.444,187.05701,4.5,17,0,0,0,5.6,0,3.2
"186","winter","small","high",8.4,10.8,2.75,3.726,421.66699,44,89.625,9.384,32.8,0,0,3.5,2.1,32.9,2.9
"187","autumn","small","medium",6.6,12.1,3.86,6.225,346.66699,132.5,21.3,0.8,3.3,0,0,0,22.1,77.6,0
"188","winter","medium","medium",7.9,8.2,32.4,2.805,1729,1.333,82.444,22.5,13,5.9,0,2.2,8.6,0,2.5
"189","spring","small","high",8,9.8,13.5,3.14,82.1,51.111,47,21,2.5,0,2.4,1.4,4.8,5.9,0
"190","autumn","large","medium",8.66,6,17.75,4.535,17.778,4,45,20.87,0,17.1,10.3,0,0,0,0
"191","spring","medium","high",8.1,11.4,82.852,4.825,578,6,81.558,0.8,1.1,0,0,0,0,0,5.9
"192","summer","medium","high",8.56,5.8,57.75,1.374,18.429,12,279.06601,50.225,3.3,32.8,2.1,0,6.6,0,1.4
"193","spring","small","high",8.35,11.3,7.333,6.54,10,72,228.364,88.255,4.1,0,0,0,0,42.1,0
"194","spring","medium","medium",8.1,11.1,0.222,3.978,146.66701,236.39999,91.111,13.1,0,14.7,1.2,0,4,1.5,0
"195","winter","medium","medium",8.7,10.8,139.989,1.72,14.75,19.111,215.5,2,18.9,13.2,10.2,0,6.1,6.8,6.8
"196","summer","large","medium",8.4,11.1,32.73,45.65,39,3,254.60001,2.3,66,15.9,1.7,0,1.9,0,1.6
"197","summer","small","medium",8,11.8,50,2.302,65.455,20,296,0.8,18,0,0,2.3,10.6,4.5,0
"198","autumn","large","medium",8.22,9.7,29.5,2.68,215.556,27,239,1.3,19,10.4,0,3.5,2.9,0,0
"199","winter","large","medium",8.3,9.8,2.111,4.408,76.667,238.2,20.75,5.475,4.4,0,1.5,1.2,22.5,0,4.9
"200","autumn","medium","medium",7.3,6,47,2.8,27.069,159.5,140.517,5.544,8.8,0,7.8,0,0,0,5.8
4)
"","season","size","speed","mxPH","mnO2","Cl","NO3","NH4","oPO4","PO4","Chla","a1","a2","a3","a4","a5","a6","a7"
"1","autumn","large","high",7.93,9.4,49.625,5.13,103,34.636,75.904,50,29.5,12,0,0,34.2,0,0
"2","autumn","small","high",8.3,8.4,61.05,1.288,245,85.5,558.75,18.33,35.5,15.7,4.1,2,8,0,1.9
"3","summer","medium","medium",7.09,11.1,40.02,5.33,1168,97.333,46.438,4.5,24.8,0,0,0,0,0,0
"4","winter","medium","high",8.4,10.5,65.333,6.64,461.875,61.182,79.75,16,2.2,0,5.6,0,20.8,0,1.6
"5","autumn","small","medium",8,9,5.273,2.899,132.25,26.625,108,10.5,0,16,2.1,0,7.5,4.1,1
"6","spring","small","medium",7.19,10,9,1.587,10,13,97.58,28.4,3.3,0,1.8,4,5,2.7,0
"7","summer","large","high",8.15,10.3,47.229,3.678,235,144,138.5,11.6,7.6,7.6,3.2,6.2,5.8,0,0
"8","summer","small","high",8.2,10.6,8,0.23,8,44.667,60,18.3,0,5.5,4,5.3,2.5,2,3.9
"9","summer","small","medium",8.7,11,21.95,1.32,16.2,26,123.333,0.6,50.6,0,1.7,0,0,0,0
"10","winter","small","medium",7.4,9.2,4.575,1.39,46.2,144.66701,285.71399,1,17,12,1,0,0,0,0
"11","summer","small","high",8.4,3.4,87,5.078,13.5,53,6.75,4.3,19.4,0,2.6,1.7,6.4,15.8,0
"12","summer","small","low",8.5,8.1,16,1.003,5738.33008,33.8,205.875,46.075,32.1,28,2.5,1,0,0,2.1
"13","autumn","medium","high",7.74,9.6,64,1.474,84.667,564.59998,287,17.2,43.5,13.7,0,3.4,1.2,5.1,0
"14","summer","medium","medium",7.9,10.2,129.375,4.99,10,159.16701,7.654,68.05,0,6.4,3,0,27.6,4.6,6
"15","spring","small","low",7.72,9.6,51.113,1.448,208.33299,45,17,2,16.5,0,9,0,0,0,0
"16","autumn","small","high",7.55,3.6,26,3.07,647.57001,220.75,98.25,9.882,24.3,0,0,5,28.8,9.9,0
"17","winter","large","medium",7.78,11.3,7,1.51,66.667,61.25,75.207,1.5,46.2,28.2,5,2.2,0,6.8,0
"18","autumn","small","medium",8.07,10.4,10.556,1.873,196.66701,35.333,138.7,0.5,28.1,4.7,3.1,1.9,7.4,0,3.2
"19","summer","small","low",9,8.1,38.902,0.445,24064,48.625,277.33301,0.8,81.9,0,9.9,1.9,0,17.1,3.2
"20","summer","small","medium",8.5,10.7,5,2.822,25,60,87.125,3,15.1,1,0,4.6,18.7,0,0
"21","winter","small","medium",8.3,7.8,3.5,0.673,90,18.667,586,7.9,1.6,21.7,0,0,8.1,42.4,10.2
"22","winter","medium","high",8.3,9.2,22.455,0.735,914,15.6,72.9,0.5,3.1,8,0,0,7.7,0,0
"23","autumn","large","medium",7.75,3.3,194.75,3.351,1081.66003,151.125,130.75,7.6,23.2,7.3,1.6,7.7,1.9,0,0
"24","autumn","medium","high",7.2,9.6,50,1.715,43.75,180.66701,61.6,1.7,0,0,3.3,0,6.4,0,0
"25","spring","medium","medium",7.84,10.6,11,8.759,11.111,39,188.66701,1.4,0,4,0,0,0,0,3.4
"26","autumn","medium","medium",7.4,10.3,53.333,0.996,165,22.2,771.59998,3,50.4,0,8.8,0,5.9,10.1,0
"27","spring","small","high",8,12.9,11.867,3.02,176.66701,10.8,284,20.829,54.4,0,0,4.9,0,0,2.9
"28","autumn","small","medium",6.8,10.1,77,0.63,28.333,4.25,326.85699,75,30.3,21.1,1.7,0,2.7,11.5,0
"29","autumn","small","medium",8,9.4,38.125,3.908,12.5,36.3,120.889,0.8,31.1,22,19.6,0,0,0,1.4
"30","winter","medium","medium",6.6,7.6,187.183,0.81,120,19.727,173.75,0.5,46.8,2.7,0,0,0,16.6,3.6
"31","winter","small","medium",7.8,7.9,29.775,3.33,4073.33008,19.111,18.293,65.7,1.9,2.1,11.5,0,0,0,1.4
"32","winter","medium","low",9.1,8.6,104.818,1.172,60,13,17.333,92.667,47.1,9.6,0,0,0,11.1,2.2
"33","summer","large","high",7.3,11.4,130.67,2.304,124.167,120.5,140.22,21.22,0,0,1.9,0,2.5,0,6.1
"34","autumn","small","medium",8.4,10.7,53,6.513,3515,51.111,116.2,31.738,5.7,9.1,0,1.2,0,0,1
"35","spring","small","high",8.27,6.7,59.067,0.86,27.286,7.3,303.33301,26.8,5.3,40.7,3.3,3.5,3.4,31.8,0
"36","summer","large","medium",8.7,8.9,32.92,0.381,92,187,253.25,13,18.3,0,3,0,0,1.4,1
"37","summer","medium","high",8.8,3.2,44,1.921,178.57001,1.625,175.04601,27.618,15.8,0,18.9,0,7.3,1.5,0
"38","summer","medium","medium",7.35,7,4.545,10.416,12.727,2.5,3,1.1,12.6,1.7,0,11.5,0,0,0
"39","winter","medium","medium",8.3,9.7,11.088,3.31,65.556,196.62,170,1.1,3.6,0,0,3.7,0,0,0
"40","winter","medium","high",8.5,10.5,41.25,3.78,2082.8501,102.364,183.66701,1.1,0,0,2.5,0,0,0,1.9
"41","winter","medium","low",8,5.5,46.167,6.096,102.75,16.833,14.354,3.7,0,0,5,0,0,6.7,5.2
"42","winter","medium","high",7.91,7.1,7.25,0.941,371.11099,10.583,27.5,2.8,0,16.2,0,6.9,9.2,21.4,0
"43","spring","medium","low",8.3,9.8,10.975,4.188,76,2,101.455,15,66.9,0,7.5,0,12.4,0,0
"44","spring","small","low",8.1,8.8,173.75,7.83,51.429,276.85001,122,11.84,46.9,26.5,1,0,2.9,0,2.7
"45","summer","small","medium",8.6,8.5,36.248,4.555,32.727,105,57.833,6.4,3.4,2.9,3.4,0,2.4,5.5,0
"46","winter","medium","medium",7.7,12.5,10.5,0.73,28,16.8,43.5,3.2,1.5,1.5,0,3.2,0,0,0
"47","autumn","large","medium",8,7.1,20.625,1.203,737.5,24.667,292.625,0.8,2.4,5,42.8,2.1,11.7,29.5,0
"48","autumn","small","high",7.5,6,9,2.323,72.6,71,56.091,1.2,1.2,0,0,0,4,0,0
"49","autumn","large","medium",7.9,10.3,15,3.02,239,27,84.46,1.4,9.2,0,1,1.2,0,0,0
"50","spring","small","medium",8,11.1,4.326,0.886,370,55,20.812,4.667,14.6,7.4,0,0,10.2,64.6,9.7
"51","winter","medium","medium",7.9,11.8,10.207,5.442,192.5,64.389,6,0.3,0,0,0,2.2,1.2,0,1.7
"52","winter","small","high",6.6,7.9,12.182,8.688,88.182,151.33299,186.5,3.1,24,8.7,14.6,2.2,5.4,10.3,1.1
"53","autumn","large","low",7.9,6.3,55.35,2.818,153,7.75,34,0.5,15.1,0,1.4,0,0,0,0
"54","summer","large","medium",7.2,9,6.167,0.308,18.333,75,269.66699,8.155,7.8,21.7,0,2.9,1.7,0,0
"55","spring","medium","medium",8.84,9.5,11.088,1.212,20,428.75,6.5,12.32,9.2,7,2.4,3,0,0,0
"56","winter","small","high",5.6,4.9,6.3,3.14,227.60001,39,194.10001,3,0,0,1.2,0,0,2.6,0
"57","autumn","small","high",8.2,7.7,57.848,1.32,1495,37.375,14,5.62,3.8,0,0,2.5,0,2.6,7.2
"58","summer","small","medium",8.6,10.6,10.4,0.642,22.5,14.667,86.997,2.9,15.5,5.4,2.7,0,0,0,0
"59","winter","medium","high",7.8,11.7,34.037,7.74,10,2,102.333,20.8,1.4,1.9,24.8,1.3,0,0,30.1
"60","autumn","medium","medium",8,6.5,7,2.231,215.714,1,388.16699,2.1,16.8,1.6,22.9,0,1.9,22.9,0
"61","spring","small","medium",8.6,8,11.088,3.2,46.5,264.89999,235.66701,2.5,0,5.4,1.4,0,0,0,0
"62","winter","small","medium",8.15,10.4,29.2,0.77,18,30.75,56.667,3,37.3,1.2,3.9,0,6.1,9.6,1.2
"63","spring","medium","medium",7.6,13.1,45.273,1.208,192.5,28.625,111.75,2.1,2.8,0,0,0,0,1.4,0
"64","autumn","large","high",7.8,11.1,41.163,4.17,1911,60.833,76.333,4.3,20.3,0,6.1,0,1.2,0,1.4
"65","spring","large","medium",7.45,8.4,82.857,0.672,40,104.5,111.375,0.6,1.6,0,7.8,44.6,0,0,6.1
"66","winter","large","high",7.44,11.7,5.326,2.64,15,51.125,211.66701,6.9,0,0,1.7,12.7,1.4,0,2.2
"67","summer","medium","high",8.1,10.7,3.275,1.67,112.857,84.3,10.75,53.1,10.3,2.1,1.2,0,6.5,8.7,1
"68","winter","small","medium",7,9.9,32.056,0.921,10,77.333,2.5,8.957,1.1,16.4,1.2,0,0,0,0
"69","winter","large","low",8.2,11.5,15.541,2.316,56.364,246,22.9,2.7,0,0,14,7.6,0,0,2.1
"70","winter","small","high",7.9,7.6,39.109,6.188,52.2,412.33301,275.14301,5.233,1.7,4.9,1,0,0,7.9,7.8
"71","summer","large","high",8.7,8.5,5.83,3.829,486.5,3.545,77.434,34.75,0,2.1,1,0,0,0,0
"72","spring","medium","high",7.7,10.5,43.09,0.663,2167.37012,7.4,232.83299,5.2,16.6,12.7,0,1.2,1.4,10.6,1.4
"73","winter","medium","high",8.43,7.7,69,1.223,10,16,105.727,0.5,14.7,72.6,0,0,0,3.9,0
"74","spring","large","high",8.5,6.2,94.405,2.603,15,136.75,304,5.2,52.2,0,0,3.4,9.5,0,14.4
"75","winter","medium","high",8.5,8.3,32.3,3.833,122.5,75.875,23.485,7.3,2.4,0,17.6,0,11.5,0,1
"76","spring","medium","medium",8.7,9.4,35.75,5.164,132.25,6.5,39,10.5,2.2,19.6,0,1,0,17.8,0
"77","summer","large","high",9.06,7.3,26,1.013,217.75,58.222,116.2,54.367,64.9,0,0,1.4,0,0,1.9
"78","autumn","small","high",9.1,11.21,8.3,0.735,153.75,9,40.667,28.567,10.8,3.1,23.2,4.3,0,0,0
"79","summer","small","medium",8.1,6.1,21.95,0.658,35,2,75.333,3.6,58.7,4.6,6.8,0,2.7,0,0
"80","spring","medium","low",6.4,10.8,53.425,9.773,430,67.5,58.374,4.9,75.8,11.3,22,6.8,2.2,6.9,1.2
"81","winter","medium","medium",8.7,6.3,32.4,3.778,233.7,31.333,61.444,31,2.1,14.6,0,4.6,0,1.5,2.7
"82","spring","large","high",9.7,5.4,28.333,3.414,1386.25,191.75,219.909,0.8,7.2,41,10.8,0,0,0,2.2
"83","spring","medium","high",7.83,10.8,1.549,0.866,128.571,7.667,249.25,3,55.5,21.5,16,1,2.4,0,1
"84","summer","medium","medium",5.7,11.17,12.146,4.665,345.45499,27.5,11.818,2.338,2.2,4.1,0,1.8,5.2,7.5,0
"85","spring","medium","high",7.6,8.2,94,2.273,62.5,182.42,72.696,6.8,43.7,4.6,8,0,0,0,25.6
"86","winter","large","low",7.6,4.9,65.75,3.734,81,137.60001,88.5,17.2,0,8.6,1.2,0,16.2,0,22.1
"87","winter","large","medium",8.21,9,79.077,3.73,38.111,111.25,171.272,3.3,39.1,28,0,0,0,13.2,2.4
"88","winter","large","high",7.29,12.1,48.667,2.22,125.333,27.25,154.125,4.3,14.4,0,0,3.7,4.1,0,2.4
"89","summer","small","medium",6.6,9.8,53.102,1.527,172.5,100,61.5,8.1,6.7,7.5,0,0,0,0,0
"90","spring","medium","medium",7.79,11.3,125.6,4.508,60,12.75,262.72699,2,18.2,0,0,0,5.5,8.5,0
"91","spring","small","medium",7.8,8.3,77.364,3.318,54.778,64,104,19.4,1.5,3.9,6.3,6.8,15,6.2,0
"92","winter","medium","low",7.57,4.5,23.825,5.099,228.75,125.667,84,2,4.1,0,1.6,7.8,0,0,0
"93","winter","small","high",7.14,10.77,20.083,3.685,102.5,12,132.54601,72.478,0,5.6,35.1,1.7,1.7,32.1,1.7
"94","spring","large","high",8.1,6.8,71.444,2.443,21.571,36,11.8,23.8,0,3.1,0,1.6,8.2,17,1
"95","spring","medium","medium",7.9,11.8,3,5.41,205.66701,1,125.8,2.5,1.2,0,11.8,0,0,20.4,3.3
"96","spring","small","high",8.8,10.8,31,4.053,10,467.5,141.83299,20.6,1.9,0,5.4,4.4,3.1,0,0
"97","spring","medium","high",8.5,11.7,57.75,1.42,98.333,104.222,361,81.54,0,0,0,0,0,5.1,0
"98","summer","small","low",8.06,11.3,131.39999,0.826,83.75,282.16699,4,5.555,3.7,1,7.3,28.8,35.6,0,0
"99","summer","medium","high",8.3,10.7,7,6.238,37.778,51.75,49.333,2,12.5,2.1,0,0,1,8.2,0
"100","spring","medium","medium",9.1,12.6,85.982,0.536,155,26.6,121,32,4.4,12.4,0,0,17.8,1.2,0
"101","spring","large","high",7.4,11.7,63.625,1.535,505,23,265.25,30,1.7,1.4,2.3,6.6,4.8,0,0
"102","autumn","medium","high",7.8,11.5,12.778,4.908,246.364,104.727,607.16699,12.1,5.9,1.7,0,4.6,0,1.8,4.3
"103","spring","small","medium",7.5,1.5,8.69,5.97,60.11,41.5,13.2,17.491,39.7,0,1,0,2.6,0,0
"104","winter","large","low",7.7,5.7,12.536,0.13,3466.65991,16,19,0.8,8.7,15.2,0,0,9.4,7.1,0
"105","summer","medium","medium",9.1,6,12.444,0.267,5,38.75,317,9,18.1,2,2.6,0,1.2,3.6,0
"106","autumn","medium","medium",7.8,10,48.429,6.045,429.20001,8.692,201.778,14.775,3.6,2.9,20.2,2.6,0,5.4,7
"107","autumn","small","high",8.2,10.1,73.25,1.47,58.5,55,146.452,5.62,1.9,19.6,0,1,1,0,4.1
"108","summer","medium","high",7.5,8.1,41.5,1.726,124,85.5,344.60001,5.111,23.7,0,1.9,0,0,0,0
"109","autumn","medium","medium",8.43,10.7,23.25,1.732,723.66699,18.25,23,13.2,3.4,0,0,11.3,1.2,49.4,0
"110","winter","medium","high",8.3,13.4,0.8,0.923,32,181,232.89999,24.556,82.7,3.8,1.2,0,0,0,2.4
"111","winter","medium","medium",7.4,11,63.51,8.543,51.111,32.5,197.14301,1,64.3,1.5,0,0,0,15.8,0
"112","summer","medium","high",8.1,10.5,44.205,3.444,133.636,10,26,2.8,25.4,12.7,0,1,8,0,0
"113","winter","medium","medium",8.87,8.5,11.818,4.555,206.53799,78.333,16.662,5.45,4,21.6,2.2,0,1.2,1.6,7.1
"114","summer","small","low",8.1,7.1,34.5,1.875,118.571,37.857,18,1.1,14.4,1,1.4,0,0,17.7,1.2
"115","winter","medium","medium",7.5,10.2,56.717,3.9,175,20,50.455,20.578,4.2,14.5,3.3,0,1.2,4.5,16.7
"116","spring","small","low",7.3,6.2,22.32,1.87,10,12.75,244,22.9,2,12.5,2,2.4,0,0,1.7
"117","spring","small","high",8.2,11.62,40.167,1.718,105.556,3,6,4,0,7,1.2,1.2,3.6,22.3,2
"118","winter","small","medium",8.16,9.9,74.667,3.923,10.5,70,127.222,3.2,86.6,0,0,4,0,0,2.4
"119","autumn","medium","low",8.3,12.5,27.233,3.773,6400,102.333,432.909,24.917,11.3,20.6,3.5,0,20.8,0,0
"120","autumn","medium","high",7.7,6.5,54.19,1.651,643,1,320.39999,27.5,0,4.3,0,0,3.2,0,0
"121","spring","small","high",8.4,11.6,10.936,7.16,123.333,47.5,85.4,2,12.3,4.1,0,2.2,14.9,2.2,1.4
"122","winter","medium","low",8.5,10.7,42.636,1.287,20,166.72701,44.136,2.7,2.9,4.3,10.6,0,0,1.6,0
"123","winter","small","medium",8.3,8.8,32.4,3.85,20,9.667,222.286,6.429,0,0,4.2,0,0,1,3.3
"124","winter","small","medium",8,11.2,7.838,2.163,34.333,36.909,127,41,13.6,3.4,4.8,0,0,16.7,0
"125","summer","large","high",8.3,9.7,2.933,5.694,10,1,7.2,15,31.8,0,0,0,8.9,4.7,0
"126","summer","small","medium",8.55,10.7,81.333,0.376,109,32,6.667,2.86,1.4,6.7,0,0,11.3,33.2,0
"127","autumn","medium","medium",7.61,11.7,31.091,5.099,225,87.333,46.6,1,1.4,36.6,0,0,0,0,1.2
"128","winter","small","high",8.6,6.9,3.136,0.846,101.25,59.429,6,0.3,0,4.6,2,2.1,5.5,17,6.6
"129","summer","large","high",8.3,9,69.75,2.954,96.667,23,177.625,13.1,0,1.9,0,2.7,0,0,0
"130","winter","medium","high",7.6,8.2,13,1.335,25.833,41.3,13.6,11.1,1.2,0,1.4,2.4,44.4,0,0
"131","spring","large","medium",7.6,10.2,14.32,2.102,161.81799,1.25,218,14.775,2.5,38.8,25.3,2.6,3.9,0,18.6
"132","autumn","medium","low",7.8,10.8,54.143,0.23,92.375,24,66.75,3.8,29.7,20.1,0,0,2.7,1.9,1.5
"133","winter","large","high",7.8,9.8,1.45,0.33,37.5,54,221.278,15.3,0,25.4,2,0,9,0,2.4
"134","autumn","large","medium",7.45,9.8,26.76,0.461,54.75,45.9,246.66701,1.3,0,1.7,0,11,1.2,0,0
"135","winter","small","high",8.7,11.9,101.875,1.534,160,1.8,276,15.6,89.8,9.7,1,0,0,0,31.2
"136","winter","medium","high",8.1,9.9,39,4.87,196,58.875,58.623,7.3,1.2,3.8,2,0,5.5,0,1.5
"137","winter","large","high",8.7,7.4,35.66,0.05,8777.59961,1,6,16,7,0,2.9,3.7,20,0,1.9
"138","winter","medium","low",7.77,8.4,39,2.978,34,143.71001,115,3.2,2.2,0,1,0,0,12.6,5.5
"139","summer","small","high",8.58,5.9,127.833,4.071,308.75,234.5,98.143,2,3.4,3.9,19.5,1.9,0,0,0
"140","winter","small","medium",8.5,11.6,10.4,1.732,1990.16003,30.75,143.75,0.3,6.5,2.6,0,1.1,5.3,15.7,1.4
"141","autumn","small","medium",8.1,6.2,391.5,4.698,224.286,261.60001,11,6.167,46.6,1,1.7,0,3.5,12.7,3.9
"142","summer","medium","high",7.4,10.53,208.364,6.2,931.83301,21.083,102.571,110.456,0,0,1.9,0,1.1,4.7,2.7
"143","spring","small","high",7.9,7.1,22.35,8.984,137,12.889,14,25,56.8,38.5,10.1,1.7,11.5,0,0
"144","spring","medium","high",8,10.9,60.8,5.456,920,5,85,5.8,54,1.4,0,3.9,0,0,0
"145","autumn","large","high",8.47,9.9,70,3.561,103.333,4,147.83299,2.15,41,6,0,0,0,0,31.6
"146","winter","medium","high",7.8,4.3,64.093,1.051,142,12.75,84,0.6,1.9,0,1.4,5.7,9.9,18.2,0
"147","spring","large","high",8.05,10.68,11,4.459,120,46.667,391.75,30.4,0,1.9,0,13.4,0,0,1.6
"148","spring","medium","low",8.4,3.6,40.226,0.91,31.333,2.5,214,0.4,1.7,0,0,0,1,0,0
"149","summer","medium","high",7.7,8.7,88,1.519,244.60001,48,252.5,3.3,39.7,10.5,1,2.2,0,42.7,2.7
"150","spring","medium","high",7.8,10.2,1.17,3.316,122.85,9,11.5,3.5,12.3,5.6,4.9,8.3,7.7,17.2,6
"151","winter","small","high",8.3,11,53,9.08,236,205.636,1,22.7,0,40.9,0,0,0,0,1.9
"152","winter","medium","medium",8.5,10.9,151.83299,2.31,197.909,66.4,124.2,4.5,1.2,0,9.4,0,5.7,2.4,0
"153","winter","small","high",8.5,11.8,66.3,4.86,5.8,37,3,3.9,2.4,0,0,0,7.5,5.5,0
"154","spring","medium","low",7.62,12,8,3.245,49,267.75,142,12.32,1.4,0,3.7,5,3.9,6.4,0
"155","summer","medium","high",8,9.2,100.83,2.55,101,209.85699,255.28,1.3,17.1,0,21.9,1.2,34.3,0,0
"156","spring","small","high",7.9,11.7,49.9,3.235,134,102,272.22198,3,10.3,8.9,21.7,1.7,0,8.3,0
"157","spring","medium","low",7.6,11.8,37.6,3.765,170.909,48.667,236,18.37,51.8,3.4,0,4.6,8.7,0,0
"158","spring","medium","low",7.925,10.5,136,9.248,110,25.167,35.2,20.578,2.8,5.2,3.9,4.8,11.2,13.1,15.1
"159","winter","large","low",8.1,10.6,19.22,1.655,96.833,20.667,54.916,14.7,6.9,0,7,1,15.3,0,0
"160","winter","small","low",6.5,10.5,30.125,0.406,271.25,61.556,167.89999,6.5,12.7,0,7.5,0,0,0,0
"161","winter","medium","low",8.6,10.29,4.7,1.572,43.75,8.6,10.111,0.9,1.7,0,1.5,0,6.7,0,1.9
"162","spring","small","medium",8.1,4.8,30.523,0.102,96.667,62.625,624.73297,93.683,0,0,0,1.4,0,3.1,12.5
"163","summer","large","low",8.4,8.8,4.083,2.586,103.333,53.625,213,0.2,24.8,0,13.6,0,0,0,1.7
"164","spring","medium","high",8.3,11.1,17.375,5.414,758.75,109,233.5,21.9,0,16,2.1,5,8.6,0,0
"165","summer","large","high",7.4,3.2,16,4.82,32.5,34.5,16,22.5,18.1,1.7,13.5,0,17.9,0,4.2
"166","autumn","small","high",9.5,9.5,43.97,1.328,33.636,16,169.00101,0.5,64.2,0,4.1,0,6.6,12.4,0
"167","spring","large","low",8.53,10,10.078,1.588,137.27299,10.667,232.89999,3.6,74.2,11.2,2.9,0,3.1,1.2,2.9
"168","summer","medium","medium",8,10.5,27.4,1.443,1131.66003,3.8,313.60001,40,0,0,2.5,0,1.2,0,2.2
"169","winter","small","low",8.2,5.3,82.111,3.617,130,221.89999,40,5.233,0,0,0,0,9,7,10.8
"170","autumn","large","medium",8.9,10.8,22.286,4.93,627.27301,57.6,19,0.3,12.2,53.6,5.5,0,8.6,52.5,0
"171","winter","small","medium",8.24,9.4,95.367,9.715,27.5,82.222,69.93,3,69.9,13.2,25.9,2,1.4,9.9,0
"172","autumn","medium","medium",7.5,4.4,47.778,0.701,32.5,346.16699,15,6.8,16.8,21.5,8.8,0,0,5.9,0
"173","autumn","small","high",8.2,4.5,26,2.942,124.364,27.667,186,5.609,3.3,11.6,6.6,0,15.9,0,0
"174","spring","medium","medium",8,6.6,12,2.512,101.667,50.889,137.778,5.5,25.5,0,0,4.1,0,0,2.1
"175","summer","medium","low",7.4,5.3,5.889,4.94,89.6,197.83299,7,2,42.5,1.2,1.1,0,19,0,0
"176","spring","medium","high",8.06,6.35,43,1.415,380,3.333,11,7.3,32.5,5.8,3.7,1,0,8.3,1.9
"177","autumn","medium","low",8.4,9.8,39,5.132,53.846,173,200.231,6.209,0,31.9,12.9,4.3,11.3,0,1
"178","spring","medium","high",7.83,9.3,7.613,2.67,12.5,54.1,152.33299,22.9,0,12.7,0,0,4.9,0,1.2
"179","winter","large","medium",7.3,1.8,32.54,7.195,49.5,38.625,50,5.083,52.4,8,4.7,2.4,13.3,0,1.4
"180","spring","medium","high",9,8.9,58.331,3.976,91.833,3.222,52.875,98.817,48.3,0,1.2,0,1.4,1.2,1.4
"181","summer","large","medium",7.8,9.9,9,0.758,255,4,6.2,4.3,4.1,18.4,1,0,0,3.3,0
"182","summer","large","medium",8.1,9.9,63.292,4.03,42,175.66701,71,10,1.4,5,0,0,9.2,1.4,0
"183","winter","small","high",7.6,10.1,7,0.9,98.182,49,351.60001,11.7,17.3,4.1,19.7,0,4.1,0,3.9
"184","spring","large","low",8.25,9.5,9.055,0.825,40,16,56.667,1,33.9,12,0,1.9,19.7,0,2.3
"185","summer","small","medium",7.9,9.8,2.2,0.699,131.66701,22.444,187.05701,4.5,17,0,0,0,5.6,0,3.2
"186","winter","small","high",8.4,10.8,2.75,3.726,421.66699,44,89.625,9.384,32.8,0,0,3.5,2.1,32.9,2.9
"187","autumn","small","medium",6.6,12.1,3.86,6.225,346.66699,132.5,21.3,0.8,3.3,0,0,0,22.1,77.6,0
"188","winter","medium","medium",7.9,8.2,32.4,2.805,1729,1.333,82.444,22.5,13,5.9,0,2.2,8.6,0,2.5
"189","spring","small","high",8,9.8,13.5,3.14,82.1,51.111,47,21,2.5,0,2.4,1.4,4.8,5.9,0
"190","autumn","large","medium",8.66,6,17.75,4.535,17.778,4,45,20.87,0,17.1,10.3,0,0,0,0
"191","spring","medium","high",8.1,11.4,82.852,4.825,578,6,81.558,0.8,1.1,0,0,0,0,0,5.9
"192","summer","medium","high",8.56,5.8,57.75,1.374,18.429,12,279.06601,50.225,3.3,32.8,2.1,0,6.6,0,1.4
"193","spring","small","high",8.35,11.3,7.333,6.54,10,72,228.364,88.255,4.1,0,0,0,0,42.1,0
"194","spring","medium","medium",8.1,11.1,0.222,3.978,146.66701,236.39999,91.111,13.1,0,14.7,1.2,0,4,1.5,0
"195","winter","medium","medium",8.7,10.8,139.989,1.72,14.75,19.111,215.5,2,18.9,13.2,10.2,0,6.1,6.8,6.8
"196","summer","large","medium",8.4,11.1,22.35,45.65,39,3,254.60001,2.3,66,15.9,1.7,0,1.9,0,1.6
"197","summer","small","medium",8,11.8,50,2.302,65.455,20,296,0.8,18,0,0,2.3,10.6,4.5,0
"198","autumn","large","medium",8.22,9.7,29.5,2.68,215.556,27,239,1.3,19,10.4,0,3.5,2.9,0,0
"199","winter","large","medium",8.3,9.8,2.111,4.408,76.667,238.2,20.75,14.7,4.4,0,1.5,1.2,22.5,0,4.9
"200","autumn","medium","medium",7.3,6,47,2.8,27.069,159.5,140.517,5.544,8.8,0,7.8,0,0,0,5.8
