1)
  season   size  speed mxPH mnO2    Cl  NO3   NH4  oPO4   PO4 Chla   a1   a2  a3  a4  a5   a6   a7
1 winter medium   high 8.43 11.2 41.16 6.24  62.5 105.0    NA  0.5  0.0  8.0 6.8 0.0 2.4  0.0  2.4
2 autumn  small medium 8.70 12.0 29.77 1.29 345.5  33.8 558.8 11.7  0.0  0.0 1.4 2.4 0.0  2.6 15.1
3 spring  small medium 7.29 11.4 40.02 4.91  12.5   3.8  46.4   NA  3.3  3.9 2.6 0.0 1.7  0.0  9.7
4 spring  small medium 8.00  4.8  1.55 2.32  66.7  61.2  56.7 46.1  2.4  5.5 1.7 0.0 1.4  9.6  0.0
5 winter  large    low 8.00  9.0  5.27 1.42 105.6  58.2 284.0  7.9  9.2  0.0 0.0 0.0 9.0 10.1  0.0
6 winter medium medium 7.19  3.4 39.00 6.64  58.5  13.0  75.2 28.4 25.4 53.6 3.0 0.0 0.0 12.6  0.0
2)
,season,size,speed,mxPH,mnO2,Cl,NO3,NH4,oPO4,PO4,Chla,a2,a4,a6,a7
1,winter,medium,high,8.43,11.2,41.163,6.238,62.5,105,NA,0.5,8,0,0,2.4
2,autumn,small,medium,8.7,12,29.775,1.288,345.45499,33.8,558.75,11.7,0,2.4,2.6,15.1
3,spring,small,medium,7.29,11.4,40.02,4.908,12.5,3.8,46.438,NA,3.9,0,0,9.7
4,spring,small,medium,8,4.8,1.549,2.316,66.667,61.182,56.667,46.075,5.5,0,9.6,0
5,winter,large,low,8,9,5.273,1.42,105.556,58.222,284,7.9,0,0,10.1,0
6,winter,medium,medium,7.19,3.4,39,6.64,58.5,13,75.207,28.4,53.6,0,12.6,0
7,summer,small,low,8.15,10.7,47.229,5.132,235,32.5,138.5,3.2,7.4,3.9,1.4,0
8,winter,small,medium,8.5,9.2,9,4.99,245,44.667,60,10,3.1,0,0,0
9,summer,small,high,7.4,3.6,7,1.051,102.5,26,170,6.9,5.4,6.9,0,0
10,summer,small,high,6.6,7.4,2.111,1.39,178.57001,60.833,262.72699,0.8,8.9,0,0,2.4
11,autumn,medium,high,8.4,10.2,42.636,3.78,380,205.636,6,0.8,28.2,0,0,0
12,summer,small,low,8.3,10.8,16,2.899,10,6,85,1,0,0,1.5,0
13,winter,small,high,7.74,9.6,53.425,3.02,NA,24,218,17.2,0,0,0,0
14,spring,small,high,6.6,5.5,NA,4.535,60,35.333,200.231,68.05,0,2,33.2,6.8
15,summer,small,medium,7.9,9.4,51.113,1.448,160,27,84,2,5,0,16.6,0
16,winter,medium,high,7.55,8.1,NA,1.921,14.75,97.333,146.452,9,0,0,1.6,0
17,summer,large,medium,7.7,8,49.9,1.415,39,51.111,11.818,3,0,0,1.9,1.2
18,autumn,large,medium,8.7,10.4,32.54,3.02,103.333,57.6,254.60001,5.8,3.4,1.9,1.4,3.2
19,winter,small,medium,7.9,9.8,13,1.873,13.5,48.625,27.5,14.775,0,4.3,0,0
20,autumn,medium,medium,8.5,10.7,20.083,0.923,10,564.59998,287,6.8,0,11,2.4,0
21,autumn,large,medium,7.83,10.7,2.933,1.655,3466.65991,467.5,586,2.1,13.7,3.7,11.5,4.1
22,spring,large,high,6.6,1.5,35.75,3.685,914,55,255.28,0.5,15.7,1,0,2.9
23,summer,small,medium,7.75,6.5,29.5,1.443,27.286,109,18,1.2,40.7,2.5,0,0
24,winter,large,high,8.4,5.3,63.292,4.698,197.909,4,11,2,15.9,0,0,0
25,summer,small,high,8.6,6.6,43.97,2.64,11.111,19.727,72.696,0.3,2.1,3.5,1.2,0
26,summer,small,high,8.21,10.5,4.7,4.825,215.714,9,18.293,NA,0,0,0,0
27,winter,large,high,7.4,12.5,41.5,1.47,271.25,61.556,177.625,2,7.5,0,0,1.4
28,summer,small,high,8.3,7.7,30.523,0.63,421.66699,9,NA,15,0,0,1,1.4
29,spring,medium,medium,8,5.4,85.982,3.908,20,62.625,77.434,22.9,0,0,5.4,2.5
30,summer,medium,medium,8.6,8.9,77,2.273,18,37.857,279.06601,4.5,20.6,0,0,5.8
31,autumn,medium,high,7.8,8.4,8.3,1.287,31.333,41.5,142,4.5,0,0,0,0
32,winter,large,high,8,7.1,94,1.587,60,6.5,108,9.384,38.5,0,0,2.2
33,spring,large,medium,8.2,9.5,70,5.97,128.571,49,102.571,2,1,0,0,0
34,spring,small,high,8.4,11.8,7,1.172,461.875,22.444,253.25,4.5,5.4,0,64.6,0
35,summer,large,low,8.27,6.7,10.078,3.316,49,34.5,102.333,5.45,16,0,0,2.2
36,winter,small,high,8.7,4.3,9,2.822,133.636,187,44.136,NA,0,2.9,4.1,2.7
37,winter,large,low,8.8,7.6,40.167,3.617,27.5,7.4,154.125,28.567,0,0,0,5.5
38,winter,medium,high,7.2,8.2,5,10.416,43.75,166.72701,23,9.882,0,6.6,0,0
39,summer,small,high,8.3,NA,5.326,2.978,65.556,196.62,211.66701,1.1,0,0,11.1,30.1
40,winter,small,high,7.93,10.5,26.76,3.351,24064,54,98.25,17.2,0,3.4,0,2.4
41,winter,medium,low,8.2,8.5,12.146,4.508,102.75,16.833,79.75,0.6,5.9,0,0,0
42,spring,medium,high,5.7,11.3,54.19,4.17,429.20001,10.583,183.66701,13.2,0,6.8,0,0
43,spring,medium,medium,8.3,10.6,8.69,3.978,76,2,124.2,8.155,5,1,0,0
44,spring,small,high,7.7,10.8,3.5,4.82,32.5,209.85699,246.66701,11.84,11.6,0,7.9,0
45,spring,large,low,7.2,6.1,69.75,1.67,51.429,54.1,57.833,3.9,0,0,5.5,0
46,winter,medium,high,7.4,8.4,10.207,2.805,110,23,13.2,2,0,1.2,0,1.4
47,autumn,large,medium,7.6,7.1,2.75,0.642,1729,16,175.04601,NA,0,4.8,2,0
48,autumn,small,medium,NA,12.6,57.848,1.374,8,5,214,2.7,17.1,44.6,0,10.2
49,winter,medium,medium,7.6,11.1,11.818,2.304,65.455,3.333,221.278,16,6.7,0,3.3,0
50,summer,medium,medium,6.5,8.6,7.613,0.826,931.83301,267.75,20.812,0.5,12,0,15.8,0
51,autumn,small,high,8.1,8.1,22.35,3.14,192.5,22.2,6,0.3,2.7,0,0,1.4
52,summer,small,high,8.2,9.5,58.331,4.459,33.636,234.5,361,3.2,8.7,2.2,0,10.8
53,autumn,small,medium,7.9,10.5,46.167,3.444,28.333,246,6.667,1,0,13.4,4.5,31.6
54,spring,large,medium,8.5,9.3,7,0.941,118.571,31.333,285.71399,1.3,0,0,0,0
55,autumn,medium,high,8.84,11,22.286,1.208,8777.59961,19.111,6.5,3,0,0,0,3.6
56,autumn,small,medium,7.84,4.9,NA,5.442,103,39,15,22.7,0,3.7,0,1.7
57,autumn,small,medium,7.83,10.1,101.875,1.32,165,4,47,NA,4.6,1.1,7.1,0
58,autumn,small,medium,8,9,22.32,6.513,22.5,45.9,26,1.7,1,0,18.2,0
59,summer,medium,medium,8.3,9.8,63.51,2.818,10,21.083,61.444,7.3,1.9,0,0,0
60,winter,small,medium,7.8,8.9,NA,2.231,430,1,71,13.1,12,0,0,0
61,spring,medium,medium,8.66,5.3,NA,3.245,46.5,48.667,61.6,15.6,0,1,0,0
62,spring,large,medium,8.4,11.7,47,1.588,124.167,13,56.667,1.3,0,0,17.7,2.1
63,autumn,small,low,7.45,13.1,65.75,5.414,124,36.3,186.5,15.3,31.9,0,20.4,0
64,winter,large,high,7.57,11.1,8,3.726,239,2,6.75,1,4.3,0,22.9,1.1
65,spring,large,high,7.8,11.3,87,1.474,5738.33008,10,45,2.9,0,0,22.3,1.2
66,spring,small,high,7.91,6.9,45.273,0.672,15,120.5,75.904,5.111,1,5.7,42.4,14.4
67,autumn,medium,low,8.06,11.6,3.275,2.67,46.2,180.66701,111.75,31.738,2,5.3,29.5,0
68,autumn,large,medium,7.8,12.1,10.4,0.921,196,175.66701,2.5,65.7,16.4,0,0,2.1
69,winter,medium,medium,8.2,6,30.125,3.85,758.75,220.75,351.60001,92.667,21.7,0,0,5.9
70,spring,small,medium,6.8,10.2,39.109,5.694,236,412.33301,17.333,1,4.9,0,0,1.9
71,spring,medium,high,7.79,8.5,130.67,6.096,82.1,151.125,43.5,0.8,2.1,3,16.7,1.9
72,spring,medium,low,7.3,10.5,55.35,0.663,16.2,4,152.33299,5.2,0,1.2,10.6,1.4
73,spring,small,low,8.4,4.5,69,1.72,5.8,191.75,11.5,14.7,0,0,21.4,0
74,autumn,large,low,7.6,6.2,5.889,3.07,88.182,136.75,249.25,6.5,3.8,0,0,0
75,spring,small,high,8,10.68,11.867,4.87,NA,27.5,52.875,50,0,1.9,0,1
76,autumn,medium,high,7.6,9.4,50,2.512,627.27301,104.222,39,0.3,4.1,1,0,0
77,winter,medium,medium,9.06,4.4,NA,4.053,1168,18.25,275.14301,54.367,8,0,0,1
78,winter,large,high,8.4,11.8,9,0.376,246.364,46.667,76.333,7.6,20.1,0,0,2.2
79,spring,small,low,8.07,8.1,21.95,9.773,371.11099,37.375,303.33301,3.6,4.6,11.3,0,1.4
80,spring,medium,low,8.7,10.7,34.5,0.461,20,53.625,3,3,21.6,0,1.4,0
81,summer,medium,low,7.5,5.8,77.364,5.33,224.286,144,269.66699,5.544,21.7,4.6,17.2,2.7
82,spring,medium,high,8.15,9,28.333,4.93,217.75,53,219.909,4.3,0,0,8.2,16.7
83,winter,large,high,7.4,11.3,12.444,0.23,89.6,7.667,232.83299,2.86,21.5,1,6.4,0
84,summer,medium,low,8.3,4.9,82.111,1.335,10,1.25,69.93,18.3,4.1,1.8,9.9,31.2
85,winter,medium,high,8.9,11.5,82.852,4.408,98.182,10.667,22.9,12.32,28,0,0,1
86,winter,medium,high,7.35,11.17,NA,5.456,81,78.333,35.2,0.8,9.6,2.2,42.1,22.1
87,spring,small,high,8.3,11.7,36.248,5.41,134,67.5,169.00101,27.618,0,2.2,7,1.9
88,spring,large,high,8.35,3.6,53.333,0.735,37.778,276.85001,771.59998,4.3,25.4,3.4,32.1,3.9
89,summer,large,medium,7.4,8.8,53.102,0.536,172.5,282.16699,61.5,34.75,0,7.7,49.4,0
90,winter,medium,high,8.53,9.9,125.6,2.102,132.25,32,40,1.1,0,0,7.5,1.9
91,winter,medium,medium,5.6,3.2,10.936,1.527,101.25,72,391.75,19.4,0,0,12.4,1.4
92,summer,medium,high,8.7,4.5,139.989,5.099,112.857,27.667,265.25,3.3,7,1.2,15.8,1
93,winter,medium,low,9.1,10.77,8,3.765,920,26.625,233.5,72.478,7.6,1.7,0,0
94,winter,medium,high,8.1,9.7,53,2.443,5,24.667,75.333,23.8,3.1,4.9,17,0
95,spring,medium,high,7.9,11.8,12.182,0.846,25.833,159.5,213,3,0,0,6.9,0
96,spring,medium,high,8.1,6,14.32,1.572,10,55,141.83299,20.829,0,0,8.5,0
97,summer,small,medium,9.1,11.7,57.75,0.267,98.333,39,320.39999,81.54,0,0,0,0
98,winter,medium,medium,6.6,10.6,56.717,2.954,83.75,75.875,66.75,13.1,16.2,0,8.3,0
99,winter,small,high,7.9,11.8,71.444,1.534,120,10.8,49.333,2.3,2.1,8.3,0,25.6
100,winter,small,low,7,11,NA,0.81,96.833,3,122,17.491,3.4,1.2,0,0
101,autumn,large,medium,8.6,7,48.429,0.825,122.5,264.89999,239,11.6,12.7,7.6,0,1.9
102,autumn,small,medium,7.8,6.2,47.778,2.603,225,44,40.667,5.233,0,2.6,0,4.9
103,spring,medium,high,7.5,11.7,65.333,1.003,10,84.3,105.727,0.8,38.8,0,0,1.7
104,winter,large,low,8.7,6.35,11,0.866,131.66701,48,138.7,NA,15.2,2.6,0,0
105,spring,large,high,8,10.1,194.75,2.31,227.60001,41.3,97.58,22.5,0,0,0,0
106,winter,small,medium,8.2,6.3,49.625,0.658,60.11,34.636,201.778,93.683,2.9,4,0,1.9
107,summer,large,medium,8.1,10.5,NA,1.223,21.571,12.75,11,NA,19.6,2.1,0,2.7
108,autumn,medium,medium,8.3,11.1,6.3,0.33,370,1,137.778,0.8,40.9,3.5,0,0
109,summer,small,high,9.1,8.2,0.222,NA,208.33299,182.42,3,25,1,12.7,42.7,3.3
110,summer,large,high,8.16,7.9,0.8,8.759,101,137.60001,88.5,32,0,2.2,1.6,0
111,winter,medium,medium,8,8.7,3.136,3.773,51.111,20.667,388.16699,12.1,1.5,0,0,0
112,spring,medium,high,8.3,9.9,44.205,4.188,1495,75,50,2.8,72.6,2.1,0,0
113,autumn,small,medium,7.9,NA,63.625,NA,206.53799,1.625,215.5,1.4,0,0,0,7.1
114,autumn,medium,low,7.77,9.2,64,1.875,18.333,3.222,304,8.957,10.5,0,31.8,0
115,spring,small,high,8.3,9.9,129.375,3.9,96.667,15.6,130.75,2.8,14.5,3.7,1.2,1.5
116,winter,small,medium,9.7,10.8,23.25,0.406,34.333,12.75,167.89999,8.1,0,2.4,0,0
117,autumn,medium,low,8.6,11.62,37.6,1.718,10,12.75,34,16,7,0,0,2
118,summer,medium,medium,8.1,9.8,79.077,3.923,84.667,3.545,116.2,5.62,11.2,0,0,0
119,spring,medium,medium,7.78,8.4,5.83,2.323,20,102,432.909,24.917,0,0,2.6,0
120,autumn,large,low,8.1,9.6,131.39999,6.225,92,1,10.75,110.456,4.3,0,0,0
121,autumn,small,high,8.4,10,136,7.16,123.333,28.625,16,3,1.6,0,0,0
122,winter,medium,high,8.1,10.7,17.75,0.102,56.364,2.5,14,31,0,0,0,1
123,autumn,small,high,7.8,8.3,4.326,2.8,175,104.727,222.286,5.609,8.6,0,0,0
124,summer,medium,low,7.72,10.7,7.838,2.163,170.909,36.909,85.4,6.209,0,0,12.7,0
125,summer,medium,high,8,9.7,35.66,1.32,12.727,143.71001,127.222,5.2,12.7,0,13.2,7.8
126,summer,small,medium,8.1,11.1,81.333,0.735,38.111,102.333,104,0.5,16,1.9,77.6,3.3
127,autumn,medium,medium,8.7,9.7,31.091,5.099,486.5,87.333,277.33301,0.6,36.6,1.4,6.7,6.1
128,winter,large,medium,7.7,10.9,26,3.734,10,1,116.2,26.8,4.6,3.5,4.7,0
129,spring,small,high,8.24,10,38.125,4.555,32.5,2.5,13.6,3,0,4.1,5.1,6.6
130,autumn,medium,high,7.4,10.6,20.625,0.77,101.667,173,72.9,21,0,1.9,13.1,3.2
131,winter,medium,medium,7.6,7.7,11.088,0.308,72.6,19.111,23.485,88.255,0,0,0,18.6
132,autumn,medium,medium,9,6,32.056,0.23,92.375,60,56.091,3.3,41,1,6.8,1.4
133,winter,small,medium,7.8,11.7,1.45,4.071,91.833,1.8,17,NA,7.3,4,0,0
134,spring,medium,high,8.05,9.4,41.25,6.045,54.75,59.429,317,6.429,1.7,0,0,2.4
135,summer,large,medium,7.9,11.9,12,1.51,96.667,8.692,276,2.5,0,0,0,0
136,spring,medium,low,8.1,9.4,39,4.86,120,58.875,58.623,7.3,2.1,0,5.1,1
137,spring,large,high,7.61,5.9,6.167,1.212,10.5,197.83299,6,98.817,4.7,0,0,0
138,winter,medium,high,7.925,6.3,44,0.886,10,51.125,19,18.33,19.6,1.3,0,0
139,winter,medium,high,8.5,10,31,0.673,308.75,1.333,98.143,1.4,11.3,28.8,2.7,0
140,winter,small,high,8.5,10.8,10.556,3.14,1990.16003,27.25,607.16699,NA,18.4,0,15.7,1
141,spring,small,high,7.5,6.2,10.975,3.33,737.5,261.60001,197.14301,6.4,5.6,0,0,1.6
142,spring,large,medium,7.6,7.9,4.083,2.302,43.75,3,292.625,0.6,1.2,0,0,0
143,autumn,large,high,8.87,11.8,10.5,3.318,42,12.889,14,20.6,0,4.3,0,0
144,winter,small,medium,7.7,10.9,NA,6.2,142,70,244,0.2,1.4,6.8,1.8,0
145,winter,medium,low,7.5,10.8,15.541,4.03,196.66701,25.167,147.83299,2.5,4.1,0,4.7,1.6
146,spring,small,high,7.09,12.9,64.093,7.74,161.81799,64.389,14.354,24.556,6,0,0,0
147,summer,medium,medium,7.3,10.2,50,0.73,647.57001,26.6,123.333,30.4,4,0,1.2,6
148,summer,small,high,8.58,13.4,94.405,1.87,3515,NA,236,2.1,0,4.4,0,0
149,spring,medium,low,8.3,9,151.83299,6.188,244.60001,16,6.2,0.8,28,0,0,0
150,autumn,medium,high,7.8,9.5,32.92,9.248,37.5,18.667,188.66701,13,5.8,0,9.9,2.2
151,summer,small,high,8.5,3.2,15,8.543,32,36,186,20.578,3.8,0,32.9,0
152,winter,small,high,8.3,10.3,88,4.94,90,71,6,NA,1.7,1.6,0,2.7
153,spring,medium,medium,8,1.8,57.75,45.65,54.778,20,313.60001,3.2,0,2.2,0,0
154,spring,medium,high,7.8,11.4,43,2.22,176.66701,4.25,228.364,50.225,0,1.4,17,1.2
155,winter,medium,high,8,10.53,100.83,1.715,233.7,12,140.22,6.8,1.9,0,4.5,0
156,summer,medium,medium,7.8,9.8,26,9.08,1131.66003,66.4,1,1.3,0,0,5.9,0
157,spring,medium,high,7.3,7.1,34.037,8.688,18.429,NA,89.625,2.338,21.5,3.2,0,4.3
158,spring,medium,low,8.5,10.5,13.5,0.91,49.5,132.5,125.8,NA,5.2,4.6,0,1
159,winter,small,low,8,12.5,19.22,0.13,124.364,14.667,54.916,4.9,0,5,0,0
160,spring,medium,low,7.4,9.9,82.857,8.984,6400,47.5,344.60001,20.87,1.7,1.7,0,3.4
161,summer,small,medium,8.7,10.29,391.5,5.13,34,125.667,296,11.1,1.4,0,0,3.9
162,summer,medium,high,9.5,5.7,40.226,5.078,32.727,144.66701,84.46,30,0,0,8.7,12.5
163,summer,large,low,8.8,8.8,29.2,5.164,103.333,7.3,101.455,5.555,0,0,0,1.7
164,spring,medium,medium,7.9,8.3,43.09,2.586,346.66699,2,4,21.9,1.9,1.4,3.9,1.9
165,summer,small,high,7.3,10.3,16,7.83,228.75,61.25,127,0.9,1.7,0,0,2.9
166,autumn,medium,high,8.1,10.4,32.3,1.328,53.846,100,171.272,3.8,1.5,4.6,0,0
167,spring,large,high,9.1,10.8,53,1.203,137.27299,102.364,252.5,3.6,0,2.4,0,3.9
168,summer,large,medium,6.4,11.1,27.4,0.445,122.85,238.2,121,40,0,0,17.1,0
169,autumn,small,medium,8.2,9.2,3,3.235,130,221.89999,11.8,1.5,0,0,0,1.7
170,spring,medium,medium,8,7.1,74.667,2.55,205.66701,181,326.85699,2.15,0,0,52.5,2.4
171,winter,small,high,8,11.21,95.367,3.561,255,38.75,272.22198,3,13.2,2,1.5,1.4
172,winter,large,high,7.62,6.8,73.25,0.701,1081.66003,346.16699,16.662,41,0,1.2,5.9,1.5
173,autumn,medium,high,8.47,10.6,104.818,0.758,52.2,82.222,111.375,18.37,9.1,1.7,0,2.1
174,spring,small,medium,7.9,9.8,60.8,1.013,505,50.889,81.558,5.5,12,1.7,0,0
175,summer,medium,medium,8.55,12.1,208.364,3.73,723.66699,37,7,53.1,1.2,4.6,0,0
176,winter,medium,medium,8.5,11.7,4.545,6.54,28,159.16701,21.3,20.8,21.1,11.5,8.3,0
177,winter,small,medium,8.5,9.8,59.067,3.678,146.66701,16,46.6,1.1,0,0,0,6
178,winter,small,medium,8.1,11.5,173.75,0.381,12.5,27,86.997,0.8,9.7,6.2,0,1.2
179,winter,medium,high,7.5,9.8,54.143,7.195,15,38.625,115,5.083,6.4,0,0,0
180,autumn,medium,high,9,10.1,12.536,3.2,4073.33008,1,194.10001,27.5,0,0,0,7.2
181,summer,large,medium,7.8,9.8,12.778,2.942,137,7.75,235.66701,1.1,0,7.8,0,0
182,summer,large,medium,7.9,7.8,7.25,1.519,76.667,77.333,7.654,3.7,0,0,2.2,0
183,winter,medium,medium,8.22,11.1,22.455,3.976,643,151.33299,50.455,4.3,0,5,0,0
184,winter,large,medium,8.25,10.5,9.055,3.414,40,45,10.111,NA,2.9,0,0,0
185,summer,small,low,8.1,9.9,61.05,0.699,578,12,187.05701,2,14.6,0,0,3.2
186,winter,medium,low,8.4,7.3,4.575,1.535,109,16,205.875,0.4,0,5,4.6,2.3
187,winter,large,medium,7.6,9.6,3.86,0.996,2167.37012,8.6,173.75,75,0,0,1.5,4.2
188,winter,small,medium,8.3,6,32.4,9.715,2082.8501,51.75,82.444,0.5,22,0,0,0
189,autumn,small,medium,8.43,11.6,38.902,1.651,215.556,9.667,143.75,10.5,0,0,3.1,0
190,spring,medium,medium,8.3,7.6,48.667,4.665,17.778,104.5,20.75,0.3,5.6,0,17.8,6.1
191,spring,medium,low,8.2,8.2,187.183,3.31,25,30.75,232.89999,3.5,26.5,2.7,0,0
192,autumn,medium,medium,8.1,3.3,27.233,0.86,155,23,624.73297,6.167,32.8,0,0,0
193,spring,small,high,8.56,11.3,7.333,0.9,153.75,51.111,120.889,22.5,12.7,0,0,0
194,autumn,medium,medium,8.5,6.5,23.825,3.829,1911,236.39999,91.111,4,14.7,0,5.5,7
195,summer,small,medium,7.14,8.8,1.17,1.726,35,428.75,87.125,2,13.2,2.2,6.8,0
196,summer,large,medium,8.6,10.7,17.375,3.833,153,85.5,58.374,21.22,12.4,1.2,0,2.9
197,summer,large,high,7.7,11,11,0.05,40,20,19,4.667,3.9,1,10.3,5.2
198,winter,large,medium,8.4,10.2,127.833,2.68,1386.25,111.25,7.2,2,10.4,0,0,1.2
199,winter,medium,medium,8.06,10.8,66.3,1.732,125.333,16.8,132.54601,0.5,12.5,2.3,3.6,0
200,winter,small,high,7.44,10.3,2.2,3.778,27.069,64,140.517,3.1,2.6,0,6.2,1.6
3)
winter     medium     high     8.43000     11.20000     41.16300     6.23800     62.50000     105.00000     XXXXXXX     0.50000     0.00000     8.00000     6.80000     0.00000     2.40000     0.00000     2.40000
autumn     small     medium     8.70000     12.00000     29.77500     1.28800     345.45499     33.80000     558.75000     11.70000     0.00000     0.00000     1.40000     2.40000     0.00000     2.60000     15.10000
spring     small     medium     7.29000     11.40000     40.02000     4.90800     12.50000     3.80000     46.43800     XXXXXXX     3.30000     3.90000     2.60000     0.00000     1.70000     0.00000     9.70000
spring     small     medium     8.00000     4.80000     1.54900     2.31600     66.66700     61.18200     56.66700     46.07500     2.40000     5.50000     1.70000     0.00000     1.40000     9.60000     0.00000
winter     large     low     8.00000     9.00000     5.27300     1.42000     105.55600     58.22200     284.00000     7.90000     9.20000     0.00000     0.00000     0.00000     9.00000     10.10000     0.00000
winter     medium     medium     7.19000     3.40000     39.00000     6.64000     58.50000     13.00000     75.20700     28.40000     25.40000     53.60000     3.00000     0.00000     0.00000     12.60000     0.00000
summer     small     low     8.15000     10.70000     47.22900     5.13200     235.00000     32.50000     138.50000     3.20000     0.00000     7.40000     3.20000     3.90000     5.80000     1.40000     0.00000
winter     small     medium     8.50000     9.20000     9.00000     4.99000     245.00000     44.66700     60.00000     10.00000     3.80000     3.10000     3.90000     0.00000     15.30000     0.00000     0.00000
summer     small     high     7.40000     3.60000     7.00000     1.05100     102.50000     26.00000     170.00000     6.90000     50.60000     5.40000     0.00000     6.90000     3.50000     0.00000     0.00000
I love this class
autumn     medium     high     8.40000     10.20000     42.63600     3.78000     380.00000     205.63600     6.00000     0.80000     14.70000     28.20000     10.80000     0.00000     6.70000     0.00000     0.00000
summer     small     low     8.30000     10.80000     16.00000     2.89900     10.00000     6.00000     85.00000     1.00000     0.00000     0.00000     4.70000     0.00000     0.00000     1.50000     0.00000
winter     small     high     7.74000     9.60000     53.42500     3.02000     XXXXXXX     24.00000     218.00000     17.20000     43.50000     0.00000     11.80000     0.00000     1.20000     0.00000     0.00000
spring     small     high     6.60000     5.50000     XXXXXXX     4.53500     60.00000     35.33300     200.23100     68.05000     0.00000     0.00000     0.00000     2.00000     0.00000     33.20000     6.80000
summer     small     medium     7.90000     9.40000     51.11300     1.44800     160.00000     27.00000     84.00000     2.00000     1.90000     5.00000     0.00000     0.00000     0.00000     16.60000     0.00000
winter     medium     high     7.55000     8.10000     XXXXXXX     1.92100     14.75000     97.33300     146.45200     9.00000     1.90000     0.00000     6.30000     0.00000     28.80000     1.60000     0.00000
summer     large     medium     7.70000     8.00000     49.90000     1.41500     39.00000     51.11100     11.81800     3.00000     2.20000     0.00000     2.50000     0.00000     0.00000     1.90000     1.20000
autumn     large     medium     8.70000     10.40000     32.54000     3.02000     103.33300     57.60000     254.60001     5.80000     24.80000     3.40000     0.00000     1.90000     0.00000     1.40000     3.20000
winter     small     medium     7.90000     9.80000     13.00000     1.87300     13.50000     48.62500     27.50000     14.77500     2.20000     0.00000     1.10000     4.30000     0.00000     0.00000     0.00000
autumn     medium     medium     8.50000     10.70000     20.08300     0.92300     10.00000     564.59998     287.00000     6.80000     6.90000     0.00000     13.60000     11.00000     0.00000     2.40000     0.00000
autumn     large     medium     7.83000     10.70000     2.93300     1.65500     3466.65991     467.50000     586.00000     2.10000     1.70000     13.70000     2.00000     3.70000     4.00000     11.50000     4.10000
spring     large     high     6.60000     1.50000     35.75000     3.68500     914.00000     55.00000     255.28000     0.50000     0.00000     15.70000     0.00000     1.00000     2.40000     0.00000     2.90000
summer     small     medium     7.75000     6.50000     29.50000     1.44300     27.28600     109.00000     18.00000     1.20000     23.20000     40.70000     0.00000     2.50000     0.00000     0.00000     0.00000
winter     large     high     8.40000     5.30000     63.29200     4.69800     197.90900     4.00000     11.00000     2.00000     5.90000     15.90000     1.20000     0.00000     1.20000     0.00000     0.00000
summer     small     high     8.60000     6.60000     43.97000     2.64000     11.11100     19.72700     72.69600     0.30000     24.80000     2.10000     20.20000     3.50000     11.20000     1.20000     0.00000
summer     small     high     8.21000     10.50000     4.70000     4.82500     215.71400     9.00000     18.29300     XXXXXXX     4.10000     0.00000     1.20000     0.00000     5.90000     0.00000     0.00000
winter     large     high     7.40000     12.50000     41.50000     1.47000     271.25000     61.55600     177.62500     2.00000     69.90000     7.50000     0.00000     0.00000     1.10000     0.00000     1.40000
summer     small     high     8.30000     7.70000     30.52300     0.63000     421.66699     9.00000     XXXXXXX     15.00000     30.30000     0.00000     0.00000     0.00000     4.10000     1.00000     1.40000
spring     medium     medium     8.00000     5.40000     85.98200     3.90800     20.00000     62.62500     77.43400     22.90000     12.20000     0.00000     19.60000     0.00000     11.50000     5.40000     2.50000
summer     medium     medium     8.60000     8.90000     77.00000     2.27300     18.00000     37.85700     279.06601     4.50000     33.90000     20.60000     2.00000     0.00000     0.00000     0.00000     5.80000
autumn     medium     high     7.80000     8.40000     8.30000     1.28700     31.33300     41.50000     142.00000     4.50000     12.60000     0.00000     8.80000     0.00000     0.00000     0.00000     0.00000
winter     large     high     8.00000     7.10000     94.00000     1.58700     60.00000     6.50000     108.00000     9.38400     0.00000     38.50000     1.90000     0.00000     4.00000     0.00000     2.20000
spring     large     medium     8.20000     9.50000     70.00000     5.97000     128.57100     49.00000     102.57100     2.00000     7.20000     1.00000     1.90000     0.00000     15.00000     0.00000     0.00000
spring     small     high     8.40000     11.80000     7.00000     1.17200     461.87500     22.44400     253.25000     4.50000     24.00000     5.40000     0.00000     0.00000     2.60000     64.60000     0.00000
summer     large     low     8.27000     6.70000     10.07800     3.31600     49.00000     34.50000     102.33300     5.45000     5.30000     16.00000     3.30000     0.00000     0.00000     0.00000     2.20000
winter     small     high     8.70000     4.30000     9.00000     2.82200     133.63600     187.00000     44.13600     XXXXXXX     18.30000     0.00000     1.00000     2.90000     0.00000     4.10000     2.70000
winter     large     low     8.80000     7.60000     40.16700     3.61700     27.50000     7.40000     154.12500     28.56700     8.80000     0.00000     35.10000     0.00000     0.00000     0.00000     5.50000
winter     medium     high     7.20000     8.20000     5.00000     10.41600     43.75000     166.72701     23.00000     9.88200     1.20000     0.00000     7.80000     6.60000     9.20000     0.00000     0.00000
summer     small     high     8.30000     XXXXXXX     5.32600     2.97800     65.55600     196.62000     211.66701     1.10000     55.50000     0.00000     0.00000     0.00000     0.00000     11.10000     30.10000
winter     small     high     7.93000     10.50000     26.76000     3.35100     24064.00000     54.00000     98.25000     17.20000     0.00000     0.00000     7.50000     3.40000     22.50000     0.00000     2.40000
winter     medium     low     8.20000     8.50000     12.14600     4.50800     102.75000     16.83300     79.75000     0.60000     0.00000     5.90000     5.00000     0.00000     0.00000     0.00000     0.00000
spring     medium     high     5.70000     11.30000     54.19000     4.17000     429.20001     10.58300     183.66701     13.20000     12.50000     0.00000     5.40000     6.80000     3.20000     0.00000     0.00000
spring     medium     medium     8.30000     10.60000     8.69000     3.97800     76.00000     2.00000     124.20000     8.15500     46.90000     5.00000     0.00000     1.00000     20.80000     0.00000     0.00000
spring     small     high     7.70000     10.80000     3.50000     4.82000     32.50000     209.85699     246.66701     11.84000     4.10000     11.60000     1.00000     0.00000     19.00000     7.90000     0.00000
spring     large     low     7.20000     6.10000     69.75000     1.67000     51.42900     54.10000     57.83300     3.90000     0.00000     0.00000     4.10000     0.00000     3.10000     5.50000     0.00000
winter     medium     high     7.40000     8.40000     10.20700     2.80500     110.00000     23.00000     13.20000     2.00000     29.50000     0.00000     1.40000     1.20000     5.70000     0.00000     1.40000
autumn     large     medium     7.60000     7.10000     2.75000     0.64200     1729.00000     16.00000     175.04601     XXXXXXX     2.40000     0.00000     1.20000     4.80000     0.00000     2.00000     0.00000
autumn     small     medium     XXXXXXX     12.60000     57.84800     1.37400     8.00000     5.00000     214.00000     2.70000     12.30000     17.10000     0.00000     44.60000     0.00000     0.00000     10.20000
winter     medium     medium     7.60000     11.10000     11.81800     2.30400     65.45500     3.33300     221.27800     16.00000     9.20000     6.70000     19.50000     0.00000     1.90000     3.30000     0.00000
summer     medium     medium     6.50000     8.60000     7.61300     0.82600     931.83301     267.75000     20.81200     0.50000     0.00000     12.00000     0.00000     0.00000     8.00000     15.80000     0.00000
autumn     small     high     8.10000     8.10000     22.35000     3.14000     192.50000     22.20000     6.00000     0.30000     0.00000     2.70000     0.00000     0.00000     15.90000     0.00000     1.40000
summer     small     high     8.20000     9.50000     58.33100     4.45900     33.63600     234.50000     361.00000     3.20000     3.30000     8.70000     0.00000     2.20000     18.70000     0.00000     10.80000
autumn     small     medium     7.90000     10.50000     46.16700     3.44400     28.33300     246.00000     6.66700     1.00000     0.00000     0.00000     2.70000     13.40000     1.70000     4.50000     31.60000
spring     large     medium     8.50000     9.30000     7.00000     0.94100     118.57100     31.33300     285.71399     1.30000     7.80000     0.00000     0.00000     0.00000     1.00000     0.00000     0.00000
autumn     medium     high     8.84000     11.00000     22.28600     1.20800     8777.59961     19.11100     6.50000     3.00000     15.80000     0.00000     0.00000     0.00000     0.00000     0.00000     3.60000
autumn     small     medium     7.84000     4.90000     XXXXXXX     5.44200     103.00000     39.00000     15.00000     22.70000     4.00000     0.00000     0.00000     3.70000     0.00000     0.00000     1.70000
autumn     small     medium     7.83000     10.10000     101.87500     1.32000     165.00000     4.00000     47.00000     XXXXXXX     2.80000     4.60000     6.60000     1.10000     44.40000     7.10000     0.00000
autumn     small     medium     8.00000     9.00000     22.32000     6.51300     22.50000     45.90000     26.00000     1.70000     3.40000     1.00000     1.40000     0.00000     0.00000     18.20000     0.00000
summer     medium     medium     8.30000     9.80000     63.51000     2.81800     10.00000     21.08300     61.44400     7.30000     1.40000     1.90000     24.80000     0.00000     0.00000     0.00000     0.00000
winter     small     medium     7.80000     8.90000     XXXXXXX     2.23100     430.00000     1.00000     71.00000     13.10000     47.10000     12.00000     0.00000     0.00000     3.40000     0.00000     0.00000
spring     medium     medium     8.66000     5.30000     XXXXXXX     3.24500     46.50000     48.66700     61.60000     15.60000     0.00000     0.00000     0.00000     1.00000     0.00000     0.00000     0.00000
spring     large     medium     8.40000     11.70000     47.00000     1.58800     124.16700     13.00000     56.66700     1.30000     23.70000     0.00000     4.90000     0.00000     0.00000     17.70000     2.10000
autumn     small     low     7.45000     13.10000     65.75000     5.41400     124.00000     36.30000     186.50000     15.30000     15.10000     31.90000     0.00000     0.00000     0.00000     20.40000     0.00000
winter     large     high     7.57000     11.10000     8.00000     3.72600     239.00000     2.00000     6.75000     1.00000     37.30000     4.30000     3.10000     0.00000     2.70000     22.90000     1.10000
spring     large     high     7.80000     11.30000     87.00000     1.47400     5738.33008     10.00000     45.00000     2.90000     32.80000     0.00000     18.90000     0.00000     6.10000     22.30000     1.20000
spring     small     high     7.91000     6.90000     45.27300     0.67200     15.00000     120.50000     75.90400     5.11100     50.40000     1.00000     2.00000     5.70000     0.00000     42.40000     14.40000
autumn     medium     low     8.06000     11.60000     3.27500     2.67000     46.20000     180.66701     111.75000     31.73800     64.90000     2.00000     42.80000     5.30000     0.00000     29.50000     0.00000
autumn     large     medium     7.80000     12.10000     10.40000     0.92100     196.00000     175.66701     2.50000     65.70000     39.70000     16.40000     2.10000     0.00000     0.00000     0.00000     2.10000
winter     medium     medium     8.20000     6.00000     30.12500     3.85000     758.75000     220.75000     351.60001     92.66700     32.50000     21.70000     0.00000     0.00000     0.00000     0.00000     5.90000
spring     small     medium     6.80000     10.20000     39.10900     5.69400     236.00000     412.33301     17.33300     1.00000     10.30000     4.90000     1.00000     0.00000     0.00000     0.00000     1.90000
spring     medium     high     7.79000     8.50000     130.67000     6.09600     82.10000     151.12500     43.50000     0.80000     1.70000     2.10000     0.00000     3.00000     1.40000     16.70000     1.90000
spring     medium     low     7.30000     10.50000     55.35000     0.66300     16.20000     4.00000     152.33299     5.20000     39.10000     0.00000     5.00000     1.20000     13.30000     10.60000     1.40000
spring     small     low     8.40000     4.50000     69.00000     1.72000     5.80000     191.75000     11.50000     14.70000     1.40000     0.00000     3.30000     0.00000     0.00000     21.40000     0.00000
autumn     large     low     7.60000     6.20000     5.88900     3.07000     88.18200     136.75000     249.25000     6.50000     52.20000     3.80000     0.00000     0.00000     9.50000     0.00000     0.00000
spring     small     high     8.00000     10.68000     11.86700     4.87000     XXXXXXX     27.50000     52.87500     50.00000     7.60000     0.00000     0.00000     1.90000     1.40000     0.00000     1.00000
autumn     medium     high     7.60000     9.40000     50.00000     2.51200     627.27301     104.22200     39.00000     0.30000     2.20000     4.10000     4.80000     1.00000     9.40000     0.00000     0.00000
winter     medium     medium     9.06000     4.40000     XXXXXXX     4.05300     1168.00000     18.25000     275.14301     54.36700     2.90000     8.00000     0.00000     0.00000     12.40000     0.00000     1.00000
winter     large     high     8.40000     11.80000     9.00000     0.37600     246.36400     46.66700     76.33300     7.60000     0.00000     20.10000     0.00000     0.00000     0.00000     0.00000     2.20000
spring     small     low     8.07000     8.10000     21.95000     9.77300     371.11099     37.37500     303.33301     3.60000     66.00000     4.60000     0.00000     11.30000     5.50000     0.00000     1.40000
spring     medium     low     8.70000     10.70000     34.50000     0.46100     20.00000     53.62500     3.00000     3.00000     75.80000     21.60000     0.00000     0.00000     4.90000     1.40000     0.00000
summer     medium     low     7.50000     5.80000     77.36400     5.33000     224.28600     144.00000     269.66699     5.54400     6.50000     21.70000     22.00000     4.60000     0.00000     17.20000     2.70000
spring     medium     high     8.15000     9.00000     28.33300     4.93000     217.75000     53.00000     219.90900     4.30000     3.40000     0.00000     0.00000     0.00000     9.00000     8.20000     16.70000
winter     large     high     7.40000     11.30000     12.44400     0.23000     89.60000     7.66700     232.83299     2.86000     1.20000     21.50000     21.90000     1.00000     0.00000     6.40000     0.00000
summer     medium     low     8.30000     4.90000     82.11100     1.33500     10.00000     1.25000     69.93000     18.30000     16.60000     4.10000     1.60000     1.80000     3.60000     9.90000     31.20000
winter     medium     high     8.90000     11.50000     82.85200     4.40800     98.18200     10.66700     22.90000     12.32000     31.10000     28.00000     0.00000     0.00000     6.60000     0.00000     1.00000
winter     medium     high     7.35000     11.17000     XXXXXXX     5.45600     81.00000     78.33300     35.20000     0.80000     0.00000     9.60000     12.90000     2.20000     8.60000     42.10000     22.10000
spring     small     high     8.30000     11.70000     36.24800     5.41000     134.00000     67.50000     169.00101     27.61800     2.40000     0.00000     0.00000     2.20000     0.00000     7.00000     1.90000
spring     large     high     8.35000     3.60000     53.33300     0.73500     37.77800     276.85001     771.59998     4.30000     24.30000     25.40000     2.60000     3.40000     1.90000     32.10000     3.90000
summer     large     medium     7.40000     8.80000     53.10200     0.53600     172.50000     282.16699     61.50000     34.75000     7.00000     0.00000     0.00000     7.70000     0.00000     49.40000     0.00000
winter     medium     high     8.53000     9.90000     125.60000     2.10200     132.25000     32.00000     40.00000     1.10000     54.00000     0.00000     14.00000     0.00000     11.30000     7.50000     1.90000
winter     medium     medium     5.60000     3.20000     10.93600     1.52700     101.25000     72.00000     391.75000     19.40000     14.40000     0.00000     0.00000     0.00000     0.00000     12.40000     1.40000
summer     medium     high     8.70000     4.50000     139.98900     5.09900     112.85700     27.66700     265.25000     3.30000     82.70000     7.00000     1.60000     1.20000     0.00000     15.80000     1.00000
winter     medium     low     9.10000     10.77000     8.00000     3.76500     920.00000     26.62500     233.50000     72.47800     15.10000     7.60000     10.30000     1.70000     0.00000     0.00000     0.00000
winter     medium     high     8.10000     9.70000     53.00000     2.44300     5.00000     24.66700     75.33300     23.80000     0.00000     3.10000     0.00000     4.90000     34.20000     17.00000     0.00000
spring     medium     high     7.90000     11.80000     12.18200     0.84600     25.83300     159.50000     213.00000     3.00000     0.00000     0.00000     1.40000     0.00000     8.00000     6.90000     0.00000
spring     medium     high     8.10000     6.00000     14.32000     1.57200     10.00000     55.00000     141.83299     20.82900     5.70000     0.00000     5.50000     0.00000     1.40000     8.50000     0.00000
summer     small     medium     9.10000     11.70000     57.75000     0.26700     98.33300     39.00000     320.39999     81.54000     16.80000     0.00000     0.00000     0.00000     11.30000     0.00000     0.00000
winter     medium     medium     6.60000     10.60000     56.71700     2.95400     83.75000     75.87500     66.75000     13.10000     4.40000     16.20000     21.70000     0.00000     20.80000     8.30000     0.00000
winter     small     high     7.90000     11.80000     71.44400     1.53400     120.00000     10.80000     49.33300     2.30000     81.90000     2.10000     7.30000     8.30000     1.00000     0.00000     25.60000
winter     small     low     7.00000     11.00000     XXXXXXX     0.81000     96.83300     3.00000     122.00000     17.49100     1.20000     3.40000     1.00000     1.20000     11.70000     0.00000     0.00000
autumn     large     medium     8.60000     7.00000     48.42900     0.82500     122.50000     264.89999     239.00000     11.60000     52.40000     12.70000     17.60000     7.60000     4.80000     0.00000     1.90000
autumn     small     medium     7.80000     6.20000     47.77800     2.60300     225.00000     44.00000     40.66700     5.23300     0.00000     0.00000     1.70000     2.60000     0.00000     0.00000     4.90000
spring     medium     high     7.50000     11.70000     65.33300     1.00300     10.00000     84.30000     105.72700     0.80000     39.70000     38.80000     22.90000     0.00000     0.00000     0.00000     1.70000
winter     large     low     8.70000     6.35000     11.00000     0.86600     131.66701     48.00000     138.70000     XXXXXXX     10.80000     15.20000     0.00000     2.60000     10.20000     0.00000     0.00000
spring     large     high     8.00000     10.10000     194.75000     2.31000     227.60001     41.30000     97.58000     22.50000     12.30000     0.00000     3.00000     0.00000     1.20000     0.00000     0.00000
winter     small     medium     8.20000     6.30000     49.62500     0.65800     60.11000     34.63600     201.77800     93.68300     1.90000     2.90000     2.00000     4.00000     0.00000     0.00000     1.90000
summer     large     medium     8.10000     10.50000     XXXXXXX     1.22300     21.57100     12.75000     11.00000     XXXXXXX     13.60000     19.60000     0.00000     2.10000     7.70000     0.00000     2.70000
autumn     medium     medium     8.30000     11.10000     6.30000     0.33000     370.00000     1.00000     137.77800     0.80000     1.40000     40.90000     3.90000     3.50000     3.90000     0.00000     0.00000
summer     small     high     9.10000     8.20000     0.22200     XXXXXXX     208.33299     182.42000     3.00000     25.00000     3.40000     1.00000     0.00000     12.70000     1.20000     42.70000     3.30000
summer     large     high     8.16000     7.90000     0.80000     8.75900     101.00000     137.60001     88.50000     32.00000     3.60000     0.00000     1.70000     2.20000     7.50000     1.60000     0.00000
winter     medium     medium     8.00000     8.70000     3.13600     3.77300     51.11100     20.66700     388.16699     12.10000     0.00000     1.50000     8.00000     0.00000     3.10000     0.00000     0.00000
spring     medium     high     8.30000     9.90000     44.20500     4.18800     1495.00000     75.00000     50.00000     2.80000     1.20000     72.60000     2.50000     2.10000     20.00000     0.00000     0.00000
autumn     small     medium     7.90000     XXXXXXX     63.62500     XXXXXXX     206.53799     1.62500     215.50000     1.40000     0.00000     0.00000     4.10000     0.00000     0.00000     0.00000     7.10000
autumn     medium     low     7.77000     9.20000     64.00000     1.87500     18.33300     3.22200     304.00000     8.95700     1.20000     10.50000     1.00000     0.00000     0.00000     31.80000     0.00000
spring     small     high     8.30000     9.90000     129.37500     3.90000     96.66700     15.60000     130.75000     2.80000     89.80000     14.50000     0.00000     3.70000     11.50000     1.20000     1.50000
winter     small     medium     9.70000     10.80000     23.25000     0.40600     34.33300     12.75000     167.89999     8.10000     2.50000     0.00000     14.60000     2.40000     6.50000     0.00000     0.00000
autumn     medium     low     8.60000     11.62000     37.60000     1.71800     10.00000     12.75000     34.00000     16.00000     12.70000     7.00000     0.00000     0.00000     8.10000     0.00000     2.00000
summer     medium     medium     8.10000     9.80000     79.07700     3.92300     84.66700     3.54500     116.20000     5.62000     1.60000     11.20000     0.00000     0.00000     1.20000     0.00000     0.00000
spring     medium     medium     7.78000     8.40000     5.83000     2.32300     20.00000     102.00000     432.90900     24.91700     11.30000     0.00000     3.50000     0.00000     0.00000     2.60000     0.00000
autumn     large     low     8.10000     9.60000     131.39999     6.22500     92.00000     1.00000     10.75000     110.45600     41.00000     4.30000     1.00000     0.00000     0.00000     0.00000     0.00000
autumn     small     high     8.40000     10.00000     136.00000     7.16000     123.33300     28.62500     16.00000     3.00000     2.80000     1.60000     0.00000     0.00000     5.50000     0.00000     0.00000
winter     medium     high     8.10000     10.70000     17.75000     0.10200     56.36400     2.50000     14.00000     31.00000     46.80000     0.00000     0.00000     0.00000     0.00000     0.00000     1.00000
autumn     small     high     7.80000     8.30000     4.32600     2.80000     175.00000     104.72700     222.28600     5.60900     18.10000     8.60000     7.00000     0.00000     10.60000     0.00000     0.00000
summer     medium     low     7.72000     10.70000     7.83800     2.16300     170.90900     36.90900     85.40000     6.20900     2.00000     0.00000     1.90000     0.00000     34.30000     12.70000     0.00000
summer     medium     high     8.00000     9.70000     35.66000     1.32000     12.72700     143.71001     127.22200     5.20000     31.80000     12.70000     2.30000     0.00000     2.90000     13.20000     7.80000
summer     small     medium     8.10000     11.10000     81.33300     0.73500     38.11100     102.33300     104.00000     0.50000     13.00000     16.00000     1.50000     1.90000     7.40000     77.60000     3.30000
autumn     medium     medium     8.70000     9.70000     31.09100     5.09900     486.50000     87.33300     277.33301     0.60000     43.70000     36.60000     0.00000     1.40000     1.20000     6.70000     6.10000
winter     large     medium     7.70000     10.90000     26.00000     3.73400     10.00000     1.00000     116.20000     26.80000     46.60000     4.60000     2.90000     3.50000     0.00000     4.70000     0.00000
spring     small     high     8.24000     10.00000     38.12500     4.55500     32.50000     2.50000     13.60000     3.00000     86.60000     0.00000     0.00000     4.10000     2.50000     5.10000     6.60000
autumn     medium     high     7.40000     10.60000     20.62500     0.77000     101.66700     173.00000     72.90000     21.00000     4.20000     0.00000     1.40000     1.90000     0.00000     13.10000     3.20000
winter     medium     medium     7.60000     7.70000     11.08800     0.30800     72.60000     19.11100     23.48500     88.25500     4.10000     0.00000     0.00000     0.00000     3.90000     0.00000     18.60000
autumn     medium     medium     9.00000     6.00000     32.05600     0.23000     92.37500     60.00000     56.09100     3.30000     0.00000     41.00000     3.30000     1.00000     2.10000     6.80000     1.40000
winter     small     medium     7.80000     11.70000     1.45000     4.07100     91.83300     1.80000     17.00000     XXXXXXX     0.00000     7.30000     23.20000     4.00000     0.00000     0.00000     0.00000
spring     medium     high     8.05000     9.40000     41.25000     6.04500     54.75000     59.42900     317.00000     6.42900     0.00000     1.70000     0.00000     0.00000     2.70000     0.00000     2.40000
summer     large     medium     7.90000     11.90000     12.00000     1.51000     96.66700     8.69200     276.00000     2.50000     15.50000     0.00000     2.10000     0.00000     7.50000     0.00000     0.00000
spring     medium     low     8.10000     9.40000     39.00000     4.86000     120.00000     58.87500     58.62300     7.30000     8.70000     2.10000     1.00000     0.00000     0.00000     5.10000     1.00000
spring     large     high     7.61000     5.90000     6.16700     1.21200     10.50000     197.83299     6.00000     98.81700     51.80000     4.70000     1.20000     0.00000     5.20000     0.00000     0.00000
winter     medium     high     7.92500     6.30000     44.00000     0.88600     10.00000     51.12500     19.00000     18.33000     1.40000     19.60000     0.00000     1.30000     0.00000     0.00000     0.00000
winter     medium     high     8.50000     10.00000     31.00000     0.67300     308.75000     1.33300     98.14300     1.40000     64.30000     11.30000     10.20000     28.80000     8.20000     2.70000     0.00000
winter     small     high     8.50000     10.80000     10.55600     3.14000     1990.16003     27.25000     607.16699     XXXXXXX     0.00000     18.40000     0.00000     0.00000     0.00000     15.70000     1.00000
spring     small     high     7.50000     6.20000     10.97500     3.33000     737.50000     261.60001     197.14301     6.40000     16.80000     5.60000     25.30000     0.00000     0.00000     0.00000     1.60000
spring     large     medium     7.60000     7.90000     4.08300     2.30200     43.75000     3.00000     292.62500     0.60000     0.00000     1.20000     0.00000     0.00000     5.40000     0.00000     0.00000
autumn     large     high     8.87000     11.80000     10.50000     3.31800     42.00000     12.88900     14.00000     20.60000     42.50000     0.00000     1.20000     4.30000     0.00000     0.00000     0.00000
winter     small     medium     7.70000     10.90000     XXXXXXX     6.20000     142.00000     70.00000     244.00000     0.20000     74.20000     1.40000     0.00000     6.80000     35.60000     1.80000     0.00000
winter     medium     low     7.50000     10.80000     15.54100     4.03000     196.66701     25.16700     147.83299     2.50000     4.40000     4.10000     0.00000     0.00000     7.70000     4.70000     1.60000
spring     small     high     7.09000     12.90000     64.09300     7.74000     161.81799     64.38900     14.35400     24.55600     18.10000     6.00000     9.00000     0.00000     9.90000     0.00000     0.00000
summer     medium     medium     7.30000     10.20000     50.00000     0.73000     647.57001     26.60000     123.33300     30.40000     2.10000     4.00000     0.00000     0.00000     0.00000     1.20000     6.00000
summer     small     high     8.58000     13.40000     94.40500     1.87000     3515.00000     XXXXXXX     236.00000     2.10000     56.80000     0.00000     0.00000     4.40000     1.00000     0.00000     0.00000
spring     medium     low     8.30000     9.00000     151.83299     6.18800     244.60001     16.00000     6.20000     0.80000     18.20000     28.00000     1.00000     0.00000     0.00000     0.00000     0.00000
autumn     medium     high     7.80000     9.50000     32.92000     9.24800     37.50000     18.66700     188.66701     13.00000     14.40000     5.80000     6.10000     0.00000     0.00000     9.90000     2.20000
summer     small     high     8.50000     3.20000     15.00000     8.54300     32.00000     36.00000     186.00000     20.57800     0.00000     3.80000     1.20000     0.00000     2.50000     32.90000     0.00000
winter     small     high     8.30000     10.30000     88.00000     4.94000     90.00000     71.00000     6.00000     XXXXXXX     16.50000     1.70000     1.20000     1.60000     0.00000     0.00000     2.70000
spring     medium     medium     8.00000     1.80000     57.75000     45.65000     54.77800     20.00000     313.60001     3.20000     28.10000     0.00000     0.00000     2.20000     0.00000     0.00000     0.00000
spring     medium     high     7.80000     11.40000     43.00000     2.22000     176.66701     4.25000     228.36400     50.22500     1.70000     0.00000     0.00000     1.40000     17.80000     17.00000     1.20000
winter     medium     high     8.00000     10.53000     100.83000     1.71500     233.70000     12.00000     140.22000     6.80000     20.30000     1.90000     1.80000     0.00000     0.00000     4.50000     0.00000
summer     medium     medium     7.80000     9.80000     26.00000     9.08000     1131.66003     66.40000     1.00000     1.30000     1.10000     0.00000     0.00000     0.00000     0.00000     5.90000     0.00000
spring     medium     high     7.30000     7.10000     34.03700     8.68800     18.42900     XXXXXXX     89.62500     2.33800     1.50000     21.50000     16.00000     3.20000     5.60000     0.00000     4.30000
spring     medium     low     8.50000     10.50000     13.50000     0.91000     49.50000     132.50000     125.80000     XXXXXXX     1.40000     5.20000     4.00000     4.60000     0.00000     0.00000     1.00000
winter     small     low     8.00000     12.50000     19.22000     0.13000     124.36400     14.66700     54.91600     4.90000     18.00000     0.00000     25.90000     5.00000     8.90000     0.00000     0.00000
spring     medium     low     7.40000     9.90000     82.85700     8.98400     6400.00000     47.50000     344.60001     20.87000     14.60000     1.70000     0.00000     1.70000     6.40000     0.00000     3.40000
summer     small     medium     8.70000     10.29000     391.50000     5.13000     34.00000     125.66700     296.00000     11.10000     0.00000     1.40000     1.20000     0.00000     5.00000     0.00000     3.90000
summer     medium     high     9.50000     5.70000     40.22600     5.07800     32.72700     144.66701     84.46000     30.00000     1.50000     0.00000     0.00000     0.00000     0.00000     8.70000     12.50000
summer     large     low     8.80000     8.80000     29.20000     5.16400     103.33300     7.30000     101.45500     5.55500     66.90000     0.00000     0.00000     0.00000     0.00000     0.00000     1.70000
spring     medium     medium     7.90000     8.30000     43.09000     2.58600     346.66699     2.00000     4.00000     21.90000     3.70000     1.90000     3.40000     1.40000     8.60000     3.90000     1.90000
summer     small     high     7.30000     10.30000     16.00000     7.83000     228.75000     61.25000     127.00000     0.90000     6.70000     1.70000     0.00000     0.00000     17.90000     0.00000     2.90000
autumn     medium     high     8.10000     10.40000     32.30000     1.32800     53.84600     100.00000     171.27200     3.80000     1.10000     1.50000     2.20000     4.60000     1.90000     0.00000     0.00000
spring     large     high     9.10000     10.80000     53.00000     1.20300     137.27299     102.36400     252.50000     3.60000     1.70000     0.00000     0.00000     2.40000     2.70000     0.00000     3.90000
summer     large     medium     6.40000     11.10000     27.40000     0.44500     122.85000     238.20000     121.00000     40.00000     0.00000     0.00000     2.50000     0.00000     1.20000     17.10000     0.00000
autumn     small     medium     8.20000     9.20000     3.00000     3.23500     130.00000     221.89999     11.80000     1.50000     1.60000     0.00000     10.10000     0.00000     1.20000     0.00000     1.70000
spring     medium     medium     8.00000     7.10000     74.66700     2.55000     205.66701     181.00000     326.85699     2.15000     17.30000     0.00000     0.00000     0.00000     0.00000     52.50000     2.40000
winter     small     high     8.00000     11.21000     95.36700     3.56100     255.00000     38.75000     272.22198     3.00000     58.70000     13.20000     0.00000     2.00000     0.00000     1.50000     1.40000
winter     large     high     7.62000     6.80000     73.25000     0.70100     1081.66003     346.16699     16.66200     41.00000     1.90000     0.00000     8.80000     1.20000     0.00000     5.90000     1.50000
autumn     medium     high     8.47000     10.60000     104.81800     0.75800     52.20000     82.22200     111.37500     18.37000     0.00000     9.10000     2.10000     1.70000     5.50000     0.00000     2.10000
spring     small     medium     7.90000     9.80000     60.80000     1.01300     505.00000     50.88900     81.55800     5.50000     64.20000     12.00000     13.50000     1.70000     0.00000     0.00000     0.00000
summer     medium     medium     8.55000     12.10000     208.36400     3.73000     723.66699     37.00000     7.00000     53.10000     17.00000     1.20000     9.90000     4.60000     8.70000     0.00000     0.00000
winter     medium     medium     8.50000     11.70000     4.54500     6.54000     28.00000     159.16701     21.30000     20.80000     3.10000     21.10000     3.70000     11.50000     0.00000     8.30000     0.00000
winter     small     medium     8.50000     9.80000     59.06700     3.67800     146.66701     16.00000     46.60000     1.10000     17.00000     0.00000     0.00000     0.00000     0.00000     0.00000     6.00000
winter     small     medium     8.10000     11.50000     173.75000     0.38100     12.50000     27.00000     86.99700     0.80000     17.10000     9.70000     0.00000     6.20000     2.20000     0.00000     1.20000
winter     medium     high     7.50000     9.80000     54.14300     7.19500     15.00000     38.62500     115.00000     5.08300     0.00000     6.40000     9.40000     0.00000     7.30000     0.00000     0.00000
autumn     medium     high     9.00000     10.10000     12.53600     3.20000     4073.33008     1.00000     194.10001     27.50000     48.30000     0.00000     0.00000     0.00000     0.00000     0.00000     7.20000
summer     large     medium     7.80000     9.80000     12.77800     2.94200     137.00000     7.75000     235.66701     1.10000     0.00000     0.00000     19.70000     7.80000     14.90000     0.00000     0.00000
summer     large     medium     7.90000     7.80000     7.25000     1.51900     76.66700     77.33300     7.65400     3.70000     0.00000     0.00000     0.00000     0.00000     8.60000     2.20000     0.00000
winter     medium     medium     8.22000     11.10000     22.45500     3.97600     643.00000     151.33299     50.45500     4.30000     25.50000     0.00000     3.70000     5.00000     22.10000     0.00000     0.00000
winter     large     medium     8.25000     10.50000     9.05500     3.41400     40.00000     45.00000     10.11100     XXXXXXX     54.40000     2.90000     0.00000     0.00000     19.70000     0.00000     0.00000
summer     small     low     8.10000     9.90000     61.05000     0.69900     578.00000     12.00000     187.05701     2.00000     0.00000     14.60000     5.60000     0.00000     0.00000     0.00000     3.20000
winter     medium     low     8.40000     7.30000     4.57500     1.53500     109.00000     16.00000     205.87500     0.40000     19.00000     0.00000     0.00000     5.00000     0.00000     4.60000     2.30000
winter     large     medium     7.60000     9.60000     3.86000     0.99600     2167.37012     8.60000     173.75000     75.00000     3.30000     0.00000     4.20000     0.00000     0.00000     1.50000     4.20000
winter     small     medium     8.30000     6.00000     32.40000     9.71500     2082.85010     51.75000     82.44400     0.50000     29.70000     22.00000     1.00000     0.00000     9.20000     0.00000     0.00000
autumn     small     medium     8.43000     11.60000     38.90200     1.65100     215.55600     9.66700     143.75000     10.50000     2.50000     0.00000     1.70000     0.00000     4.80000     3.10000     0.00000
spring     medium     medium     8.30000     7.60000     48.66700     4.66500     17.77800     104.50000     20.75000     0.30000     32.10000     5.60000     10.60000     0.00000     2.90000     17.80000     6.10000
spring     medium     low     8.20000     8.20000     187.18300     3.31000     25.00000     30.75000     232.89999     3.50000     0.00000     26.50000     0.00000     2.70000     1.20000     0.00000     0.00000
autumn     medium     medium     8.10000     3.30000     27.23300     0.86000     155.00000     23.00000     624.73297     6.16700     0.00000     32.80000     0.00000     0.00000     6.60000     0.00000     0.00000
spring     small     high     8.56000     11.30000     7.33300     0.90000     153.75000     51.11100     120.88900     22.50000     2.20000     12.70000     11.50000     0.00000     0.00000     0.00000     0.00000
autumn     medium     medium     8.50000     6.50000     23.82500     3.82900     1911.00000     236.39999     91.11100     4.00000     35.50000     14.70000     2.90000     0.00000     16.20000     5.50000     7.00000
summer     small     medium     7.14000     8.80000     1.17000     1.72600     35.00000     428.75000     87.12500     2.00000     18.90000     13.20000     2.40000     2.20000     27.60000     6.80000     0.00000
summer     large     medium     8.60000     10.70000     17.37500     3.83300     153.00000     85.50000     58.37400     21.22000     10.30000     12.40000     1.70000     1.20000     0.00000     0.00000     2.90000
summer     large     high     7.70000     11.00000     11.00000     0.05000     40.00000     20.00000     19.00000     4.66700     3.60000     3.90000     2.40000     1.00000     5.30000     10.30000     5.20000
winter     large     medium     8.40000     10.20000     127.83300     2.68000     1386.25000     111.25000     7.20000     2.00000     46.20000     10.40000     7.50000     0.00000     6.10000     0.00000     1.20000
winter     medium     medium     8.06000     10.80000     66.30000     1.73200     125.33300     16.80000     132.54601     0.50000     3.30000     12.50000     1.50000     2.30000     4.10000     3.60000     0.00000
winter     small     high     7.44000     10.30000     2.20000     3.77800     27.06900     64.00000     140.51700     3.10000     0.00000     2.60000     7.80000     0.00000     0.00000     6.20000     1.60000

